200
20
13
3
139
84
63
118
38
71
17
219
49
41
176
108
143
198
233
209
207
184
221
164
36
208
83
24
16
61
146
245
215
67
160
211
170
171
152
31
22
232
220
140
89
96
68
97
92
157
116
250
77
163
204
5
189
246
33
11
19
151
57
174
109
99
86
185
80
148
50
88
206
56
235
44
120
199
179
87
74
76
218
25
214
203
186
136
115
117
244
90
180
253
124
210
168
114
188
82
12
95
30
10
147
212
94
59
223
177
125
231
167
141
119
165
112
137
191
2
241
52
85
255
242
169
240
202
254
128
66
181
6
238
205
142
158
153
42
122
100
131
55
216
226
81
252
27
9
26
190
46
173
8
106
150
14
98
4
227
75
135
29
34
256
237
51
144
229
93
28
224
236
103
113
247
91
225
69
195
234
102
239
178
79
7
130
222
196
54
32
72
251
111
105
183
78
47
48
45
21
60
194
133
126
154
201
70
156
166
39
40
155
248
123
161
35
62
187
175
172
159
217
230
228
23
18
58
145
182
1
192
213
64
197
162
65
138
129
193
243
43
101
107
73
15
104
134
132
249
37
53
121
149
110
127
58
74
25
63
197
217
67
13
233
231
140
49
161
128
222
198
181
204
18
193
170
229
88
91
126
3
150
165
249
190
8
244
130
64
194
56
252
199
95
48
172
100
61
103
57
117
7
152
39
220
159
215
38
46
52
178
238
70
80
133
111
137
89
138
239
146
109
248
207
214
84
206
2
256
31
155
169
186
112
23
97
154
242
86
210
173
228
26
136
78
185
75
131
145
122
5
179
53
189
59
183
37
246
22
96
216
224
250
253
36
230
149
201
108
29
209
98
60
68
203
30
196
167
16
44
237
34
157
176
118
221
129
42
92
153
14
28
225
45
55
202
21
151
104
226
110
81
99
47
208
245
125
51
219
168
142
213
174
119
73
54
79
192
251
102
254
211
121
62
160
163
77
227
85
50
141
107
180
135
188
24
41
156
247
191
232
94
123
235
1
143
182
243
240
139
6
106
158
115
93
162
148
184
90
132
72
124
4
255
43
40
71
83
171
223
69
12
17
218
10
147
134
114
200
205
76
9
101
166
113
120
127
27
20
116
105
236
212
164
32
65
234
66
144
195
82
33
187
87
19
177
35
241
175
15
11
58
109
8
66
126
177
44
95
24
124
62
187
91
80
38
181
226
196
247
228
231
151
70
84
61
159
40
201
105
103
198
83
190
28
99
116
22
89
57
165
168
50
184
194
149
123
51
210
183
208
4
72
13
90
129
47
31
20
108
173
7
246
199
46
12
6
169
75
11
54
216
37
192
244
150
251
193
153
25
98
162
107
154
161
79
71
41
104
182
9
188
152
135
180
130
144
186
42
16
1
230
207
176
148
131
10
36
125
142
134
254
215
242
127
17
86
35
48
19
170
224
111
97
172
179
240
140
94
202
65
209
157
147
156
174
112
253
30
229
117
73
18
235
175
163
101
237
32
53
222
119
63
64
92
74
233
160
100
27
212
115
166
200
217
67
3
178
221
81
59
203
114
232
49
205
138
145
137
26
206
102
248
223
39
5
195
219
158
189
93
78
234
241
141
214
77
76
110
252
120
88
236
185
213
155
255
133
243
220
132
249
211
45
143
106
87
15
23
164
225
60
113
239
69
2
43
122
171
34
56
167
191
85
33
250
136
204
14
238
68
139
197
128
256
29
118
55
227
245
52
146
121
218
21
96
82
251
49
182
142
190
123
148
228
134
28
83
1
146
60
30
98
203
133
237
93
156
70
174
115
116
55
92
74
229
221
96
95
97
44
175
172
68
191
137
208
193
201
21
88
153
205
163
132
128
189
34
236
111
3
62
110
159
206
41
187
192
245
25
158
5
186
85
166
117
219
54
43
249
254
108
63
52
126
90
61
22
207
40
39
176
45
15
17
50
157
155
13
225
238
171
56
211
4
122
243
215
253
16
119
232
162
231
143
29
75
99
36
256
112
18
104
185
86
188
130
24
151
144
242
127
239
19
222
107
209
76
161
77
250
81
32
131
84
65
149
31
12
240
124
23
181
26
178
145
212
179
35
53
194
213
89
184
223
114
167
152
113
160
14
154
8
204
140
147
38
246
100
248
79
139
87
11
48
224
9
47
198
105
2
150
103
214
73
226
72
118
46
71
125
66
234
218
33
136
168
200
109
102
173
220
197
80
183
196
57
135
195
120
101
6
67
177
164
216
199
78
37
165
59
230
27
91
252
227
138
51
69
20
170
217
180
10
121
129
255
210
42
169
82
106
94
233
247
241
235
58
64
141
202
244
7
189
153
61
23
62
44
68
176
203
5
90
230
255
80
2
209
59
206
180
56
197
96
92
159
167
4
53
239
148
39
132
74
170
111
139
145
133
188
95
151
136
14
49
33
229
105
210
253
184
174
77
212
45
116
134
191
28
211
43
22
93
36
186
231
26
7
1
187
29
86
98
154
79
156
171
223
73
244
109
11
185
114
78
46
8
158
110
120
242
65
168
99
85
121
246
21
208
34
75
179
178
103
181
201
177
235
240
225
190
71
123
234
256
24
52
55
243
248
91
113
149
66
241
81
146
166
251
27
193
155
150
97
127
42
215
147
216
233
144
124
143
222
129
6
3
72
196
199
220
108
226
157
18
202
182
16
106
38
152
217
47
219
58
128
161
205
104
25
30
237
41
238
162
107
163
228
102
64
87
125
207
70
19
213
138
247
227
84
9
69
249
20
164
135
214
50
67
15
236
115
245
100
112
173
54
118
169
40
82
101
165
117
119
140
10
32
122
131
232
192
254
57
88
200
94
51
35
31
252
83
60
221
141
160
194
17
76
89
204
198
130
250
13
224
126
142
12
172
37
195
137
218
48
183
63
175
19
75
167
170
145
199
55
1
57
110
191
136
206
150
157
70
236
132
12
155
71
216
38
104
133
230
222
234
149
181
177
67
139
209
103
82
17
115
249
142
23
203
197
46
52
159
25
36
4
51
147
84
87
97
68
3
34
5
50
200
189
63
256
53
156
195
120
7
107
140
183
240
44
174
49
98
119
187
178
91
239
253
217
235
59
8
18
185
241
39
24
226
105
153
194
146
245
90
251
89
122
102
215
161
13
128
131
94
242
158
182
225
41
227
123
201
207
72
198
127
113
26
213
10
237
83
244
121
60
43
255
148
165
76
137
218
15
193
214
14
35
40
164
232
212
224
125
250
33
248
28
219
48
211
30
99
176
192
154
109
135
47
64
223
228
29
205
6
166
254
45
95
138
163
31
204
243
93
210
130
81
69
22
190
116
179
21
172
9
238
129
168
111
108
196
231
134
42
180
2
100
27
141
16
171
106
85
118
114
202
79
73
101
186
32
77
61
92
188
80
143
88
62
246
37
78
11
233
175
112
184
144
117
169
86
220
151
65
96
126
20
54
162
56
229
247
58
208
152
66
221
252
160
124
74
173
117
210
162
168
228
92
86
135
130
50
226
4
132
223
2
44
23
248
100
68
19
214
136
64
194
195
206
179
32
39
101
216
234
61
54
7
9
161
105
148
111
71
49
118
142
203
141
163
236
190
21
196
3
42
160
113
15
84
224
22
180
225
172
213
231
155
12
69
215
119
222
123
110
53
192
77
167
207
233
245
122
191
144
78
33
87
96
89
14
143
31
140
106
139
26
20
55
108
219
76
73
166
30
182
230
8
218
116
221
133
250
124
48
81
171
91
82
80
35
40
147
183
176
134
256
63
217
146
97
189
66
158
47
249
127
165
37
205
246
138
164
235
34
193
10
187
131
45
254
41
93
121
94
229
43
90
29
18
156
128
252
242
170
72
211
36
62
95
102
70
232
75
152
58
16
238
112
150
107
244
1
98
227
243
199
129
157
115
28
51
240
103
186
74
88
67
145
25
52
212
173
241
198
38
169
181
174
56
27
209
151
6
255
178
57
46
239
159
175
109
114
120
247
85
237
5
149
220
99
208
65
24
125
251
188
79
137
126
60
83
197
11
184
204
59
185
200
177
17
154
253
153
202
104
13
201
10
244
45
38
36
169
141
34
190
132
250
144
67
126
232
136
197
66
179
30
191
218
160
188
239
69
90
32
43
8
251
20
183
122
22
228
35
59
155
192
85
241
25
236
235
176
109
163
101
73
2
64
58
177
42
98
84
89
125
37
31
41
137
187
247
231
135
129
51
162
62
158
123
68
201
82
249
181
29
48
111
198
165
15
116
61
139
206
96
54
209
81
131
211
44
93
161
238
118
180
143
72
229
216
27
88
110
145
77
240
219
207
75
154
74
127
102
53
193
210
217
14
47
6
114
215
230
202
196
167
133
21
11
52
40
86
105
186
5
205
1
23
117
63
153
13
213
130
171
60
204
16
46
92
170
255
189
57
106
164
103
3
199
39
245
214
156
173
140
138
94
194
120
12
65
246
212
107
18
24
97
112
237
253
100
146
142
234
76
222
182
168
49
224
223
124
226
26
221
185
254
200
178
95
184
7
208
252
242
152
115
172
203
256
134
121
55
50
159
248
225
71
195
157
151
174
9
83
113
150
119
28
70
175
87
79
17
147
108
104
243
91
128
19
33
80
78
99
166
4
220
233
227
56
149
148
251
107
218
72
198
159
8
178
217
91
57
1
93
171
15
189
24
191
121
234
89
66
69
256
36
21
201
227
153
51
147
214
161
139
145
128
40
216
9
118
33
177
195
245
239
215
157
11
243
207
106
250
174
129
125
109
242
110
41
3
30
99
185
225
61
124
237
85
80
6
135
141
19
132
204
247
240
188
223
112
53
160
27
173
231
13
176
44
60
137
20
97
75
116
102
86
2
48
241
136
165
82
56
39
158
92
23
32
202
88
42
193
162
248
233
199
4
127
224
52
17
142
26
63
254
150
255
246
95
73
122
196
166
43
31
169
38
87
208
210
64
131
104
163
78
54
232
219
7
34
49
220
133
103
119
83
79
197
111
50
76
74
194
130
203
14
144
151
253
183
180
65
236
206
146
120
244
134
25
192
226
222
47
16
90
230
228
154
211
28
77
190
45
138
156
143
62
164
117
172
229
175
113
155
235
12
84
10
29
126
81
213
70
181
67
209
108
5
46
114
98
186
200
149
123
105
101
212
168
37
170
140
252
100
71
96
184
221
187
59
249
167
58
35
182
68
18
55
115
148
205
179
22
238
94
152
64
159
66
5
129
240
97
9
11
238
193
53
82
46
94
255
171
143
49
148
122
55
33
90
254
40
86
178
67
68
104
85
102
249
165
237
51
174
216
25
180
241
149
167
192
52
42
137
228
57
233
81
256
177
147
157
117
179
101
114
221
70
45
95
8
184
106
72
34
203
121
232
126
77
227
173
248
136
160
60
204
224
134
123
47
151
142
12
181
132
163
199
226
194
71
50
2
170
145
69
156
196
190
152
73
214
4
28
29
22
74
98
234
168
185
26
24
35
93
215
125
119
235
209
139
176
110
32
211
207
59
247
212
7
243
31
183
21
230
99
244
6
115
27
187
172
218
120
146
15
162
44
87
198
107
188
83
56
3
239
36
253
161
75
65
103
158
219
153
18
58
140
229
19
133
186
23
242
175
206
84
54
37
225
17
91
96
166
79
138
118
191
30
217
111
127
155
213
128
16
205
13
116
236
76
144
246
220
131
245
88
48
89
108
195
154
62
80
150
231
109
61
169
10
78
202
222
189
130
250
201
113
92
223
112
124
200
135
39
63
20
252
182
41
100
141
208
251
43
14
197
105
164
38
210
1
29
134
68
60
157
172
62
246
216
1
117
155
182
142
192
241
206
80
191
51
19
18
111
175
133
225
73
97
83
84
253
247
168
3
197
161
218
35
15
144
230
224
226
153
207
209
164
65
128
235
52
233
17
91
59
245
215
156
112
57
40
64
202
146
141
96
13
93
116
145
190
185
45
210
118
34
180
9
114
213
10
82
165
100
252
221
42
41
32
212
39
131
184
90
205
7
169
254
183
250
126
63
201
170
220
89
54
196
98
27
194
95
103
81
102
92
187
127
181
94
214
211
25
239
108
162
12
99
242
229
74
238
86
140
124
198
148
130
147
167
58
109
119
33
123
255
6
163
31
160
208
171
173
137
50
135
46
178
113
243
227
110
256
4
139
76
193
217
136
200
55
66
36
158
37
101
121
132
231
166
122
179
2
143
176
14
244
22
222
223
69
106
44
129
23
47
61
115
248
20
56
11
26
151
149
107
5
189
38
104
70
219
85
188
105
186
21
8
75
236
228
48
203
237
53
150
234
125
240
49
159
195
232
71
138
67
16
43
154
174
199
28
87
204
78
77
24
79
120
152
249
177
72
30
88
251
111
130
172
159
107
243
68
92
73
35
145
138
233
69
121
176
241
228
196
222
20
160
56
211
164
124
167
174
8
114
76
54
93
95
94
236
217
5
249
89
70
153
119
128
4
240
3
203
71
79
191
10
36
103
91
67
213
239
149
221
14
229
134
131
77
102
150
247
220
105
146
132
208
97
27
78
244
126
82
25
142
179
106
207
184
2
183
173
219
80
198
216
50
185
135
253
49
113
101
43
201
165
122
227
139
158
155
224
44
231
137
116
18
120
129
45
234
31
162
23
39
55
32
64
156
7
47
63
74
140
178
148
254
226
133
12
180
117
204
16
235
115
237
1
230
52
104
166
13
223
84
85
144
17
108
147
161
21
127
33
26
210
152
72
205
212
175
250
171
169
112
99
199
197
24
60
242
57
186
125
42
177
75
46
255
248
61
9
58
256
181
157
6
206
154
19
123
86
136
53
225
188
246
218
202
194
87
83
214
151
15
90
29
28
81
11
65
40
182
143
66
141
34
110
192
62
251
238
187
22
215
190
100
195
189
200
118
51
252
88
232
168
170
209
59
163
41
96
98
37
38
48
30
193
109
245
65
32
75
238
93
161
229
165
31
28
118
209
67
171
43
149
126
4
91
159
190
11
49
13
226
63
221
23
206
87
90
85
19
205
55
252
33
132
131
135
6
21
167
236
141
158
88
185
153
215
234
250
150
80
195
26
82
106
248
228
214
128
245
77
191
139
218
35
144
3
109
244
246
187
237
213
127
20
66
177
125
18
78
47
14
140
22
50
60
175
143
200
39
129
179
184
121
2
178
61
96
253
104
147
216
99
173
117
212
44
7
174
146
40
41
112
155
192
201
197
251
162
58
68
5
142
1
160
17
54
224
76
113
210
133
9
81
37
199
157
36
71
249
95
243
156
188
176
232
163
73
120
83
38
152
193
230
119
103
148
168
46
217
227
101
16
134
169
29
235
219
124
123
180
136
164
89
223
208
52
92
181
111
30
53
100
239
27
97
166
110
202
151
222
116
241
74
242
170
102
138
198
15
69
45
254
62
107
72
220
255
24
59
233
231
154
137
130
105
172
34
122
57
51
204
207
211
194
48
256
70
10
203
189
186
8
145
225
183
98
114
56
64
240
115
86
247
79
196
25
42
94
182
12
108
84
41
104
36
162
170
131
47
219
146
152
60
4
242
125
179
241
165
105
214
156
147
132
22
55
178
50
25
82
97
134
225
250
149
217
173
103
166
222
216
66
18
52
81
194
252
5
142
76
150
8
155
75
30
159
127
256
102
203
215
89
113
6
189
9
183
234
253
137
7
192
57
51
62
71
230
255
88
205
10
144
27
121
123
13
211
59
180
15
240
58
171
106
148
175
232
135
108
251
12
129
20
68
17
21
93
77
151
202
254
245
209
212
14
248
157
63
244
143
84
204
99
120
186
206
43
176
191
164
24
86
228
158
172
199
37
85
223
72
221
236
195
87
213
181
140
246
70
136
61
208
98
112
1
54
33
138
35
101
182
53
237
49
174
40
200
177
188
67
117
161
145
94
224
92
249
128
28
198
169
100
19
109
124
207
122
80
154
111
197
227
118
44
29
32
95
79
3
153
130
42
69
74
39
114
45
16
239
107
48
139
46
38
190
243
2
231
185
220
73
116
78
229
168
23
34
160
210
83
115
218
247
96
163
90
26
91
201
184
119
65
133
141
233
64
11
193
235
31
196
226
187
56
110
238
126
167
141
55
93
39
102
162
84
34
67
245
23
103
112
172
16
113
79
167
210
30
181
211
156
72
191
136
193
242
208
65
96
237
209
249
85
194
43
54
198
244
192
90
231
80
100
70
110
98
184
243
163
158
3
206
9
185
157
140
247
28
125
253
221
128
139
246
153
138
19
26
234
203
73
173
12
145
226
13
123
20
151
114
166
66
52
132
248
97
254
137
21
197
176
165
33
252
199
255
201
169
48
41
213
81
86
71
18
240
143
236
164
207
15
111
38
227
126
251
108
122
152
88
6
75
130
68
57
238
58
171
56
183
178
8
50
106
229
144
190
51
109
188
135
241
187
36
63
32
177
92
29
159
212
235
115
1
214
77
196
204
27
121
149
195
91
117
170
118
223
59
119
49
53
186
99
154
222
160
150
24
42
69
220
82
94
127
5
225
233
107
89
202
47
168
216
87
76
228
224
46
155
17
74
218
22
2
120
200
104
44
179
161
14
129
37
215
35
10
105
11
25
205
182
116
83
142
78
4
62
232
45
131
40
64
256
60
134
175
124
133
219
61
230
180
148
174
31
189
239
7
217
147
101
95
146
250
3
95
83
94
126
13
250
17
57
45
77
204
226
61
181
228
119
79
117
87
58
241
74
221
138
14
251
40
114
150
49
175
155
132
86
60
145
104
118
99
149
18
96
80
65
220
172
153
243
39
173
202
113
215
170
69
223
211
214
110
233
206
123
72
216
186
116
100
33
12
41
102
84
180
137
16
222
37
10
103
63
15
218
38
143
146
201
73
239
135
127
42
54
70
71
97
238
183
89
242
85
59
29
192
105
159
144
108
151
229
177
51
19
130
75
76
23
93
88
27
169
212
199
160
203
1
163
154
252
139
230
7
164
128
43
91
191
249
148
147
82
31
236
158
115
166
4
227
194
35
171
30
219
125
2
178
136
240
112
232
129
55
78
101
176
210
36
190
6
184
168
34
246
109
66
207
120
21
209
81
46
22
98
245
179
68
141
157
20
235
167
217
5
195
121
62
197
189
208
11
122
244
131
64
92
248
193
90
140
8
205
152
134
188
182
231
254
32
198
174
56
156
53
48
200
67
52
161
107
185
106
124
237
234
28
162
47
224
165
247
24
26
255
213
225
142
111
253
50
9
256
133
196
25
44
187
181
78
72
242
23
67
15
149
44
154
50
129
48
160
195
141
162
13
126
103
214
253
93
144
175
182
203
140
146
36
90
176
94
65
57
62
116
40
118
221
111
4
204
188
155
68
19
132
225
197
254
207
131
235
213
158
208
33
101
98
224
236
169
32
205
107
95
250
2
249
76
29
172
80
84
163
81
247
198
22
71
153
8
105
137
133
7
35
1
123
240
167
130
110
234
109
219
119
201
127
177
86
96
66
121
252
152
216
206
138
244
74
58
196
42
60
47
135
232
165
202
26
189
79
223
115
49
245
191
97
166
215
199
193
14
45
220
87
31
231
156
210
125
43
12
52
18
157
117
102
89
192
212
55
148
248
85
241
46
251
54
170
38
164
145
159
229
179
17
69
106
104
180
108
178
227
53
77
217
63
9
147
124
256
238
142
27
228
20
10
21
112
92
194
200
185
83
16
218
61
183
246
168
25
230
3
174
190
28
100
150
11
136
173
113
99
41
91
184
59
24
51
239
120
70
233
34
209
237
73
75
30
64
187
243
171
134
128
122
114
6
143
211
161
222
186
37
139
226
82
56
5
88
255
39
151
176
105
42
215
226
52
188
88
3
192
127
5
96
32
237
205
185
34
184
212
186
148
160
187
108
239
13
19
169
247
16
82
146
214
94
193
61
149
136
53
233
227
67
178
118
41
162
180
14
243
249
116
101
200
128
203
7
126
164
252
56
95
253
30
66
47
74
251
45
83
43
134
49
194
6
161
79
216
135
99
12
199
157
230
245
139
154
240
110
11
179
152
76
2
98
174
37
50
44
198
22
211
183
235
131
151
59
26
255
219
54
27
232
29
238
28
18
210
204
141
231
223
97
119
48
8
112
121
156
71
114
85
228
177
65
165
100
31
137
244
120
142
115
163
33
4
159
20
129
63
92
229
113
117
25
104
73
181
172
155
222
64
93
10
130
150
68
256
132
206
182
1
70
218
221
107
75
90
144
81
24
202
250
15
166
190
201
125
77
191
46
62
168
9
89
87
23
207
209
248
140
153
69
111
213
138
225
21
158
122
236
55
242
220
36
208
91
35
86
133
195
147
175
246
51
106
17
80
102
84
57
170
103
217
72
241
234
39
167
173
224
58
145
196
124
189
38
171
254
60
143
40
197
123
109
78
5
159
120
209
227
167
27
255
150
53
129
1
109
37
135
174
124
83
50
145
88
201
154
208
178
85
73
213
74
128
103
247
134
198
112
125
203
15
98
63
204
62
151
130
199
244
24
242
144
14
221
184
223
94
48
36
146
181
127
177
2
225
10
25
179
114
104
254
162
60
189
64
28
226
239
169
197
240
71
40
78
92
9
194
196
30
139
42
161
101
140
153
54
233
232
76
207
80
44
210
173
18
118
34
121
251
156
224
110
99
190
59
26
12
152
195
252
212
185
70
142
216
117
97
4
163
230
6
84
193
61
235
182
137
122
200
138
57
13
131
89
229
231
218
217
51
90
147
166
250
158
41
31
69
77
187
100
49
93
172
66
32
186
123
38
164
219
113
46
220
160
126
106
157
95
215
176
148
188
237
136
206
23
91
39
171
35
96
45
253
55
79
241
205
81
246
86
111
75
236
143
72
107
65
133
68
211
168
238
191
222
165
214
43
155
108
170
7
19
102
11
243
116
115
22
52
248
56
132
8
3
21
33
180
16
141
183
87
202
228
249
192
105
149
256
245
20
119
47
67
29
234
17
58
82
175
204
20
28
247
192
63
177
110
234
92
250
41
82
154
190
209
46
107
16
90
127
174
71
94
55
180
36
5
142
145
81
175
216
251
65
235
256
29
19
186
162
111
211
147
136
167
189
42
95
48
233
117
45
57
217
146
120
152
215
196
212
51
104
205
169
54
160
69
128
115
12
249
164
254
184
214
143
86
230
229
26
109
108
236
30
60
64
58
227
149
89
43
13
210
106
182
77
122
157
225
22
98
23
219
15
102
126
78
83
62
119
241
222
73
207
206
18
245
24
91
67
6
144
27
252
243
4
181
232
172
123
25
137
52
75
96
87
68
151
191
56
158
203
131
103
155
32
197
84
133
79
140
40
223
200
99
50
11
97
138
44
21
113
37
226
220
148
239
8
93
153
33
101
39
242
195
53
105
213
178
7
31
124
38
10
135
183
170
2
88
238
255
150
129
201
34
166
171
179
218
121
244
72
185
193
125
161
14
202
240
100
165
35
114
176
246
112
187
17
139
76
9
208
163
70
228
253
199
116
231
194
80
173
85
74
188
159
221
130
132
198
61
237
118
224
59
168
47
49
134
3
156
66
248
1
141
