123
99
32
40
22
34
92
91
119
112
127
35
6
121
55
3
96
68
16
69
115
11
101
54
105
30
45
77
60
113
74
78
72
62
70
107
51
33
7
86
103
38
100
58
76
81
89
42
28
128
17
41
120
47
111
98
80
14
46
56
63
104
93
117
8
67
84
90
97
83
59
106
79
5
48
108
53
29
21
25
52
109
37
64
31
49
27
110
61
88
50
87
26
43
124
94
19
102
44
15
73
1
125
36
116
82
71
23
126
65
2
114
4
18
85
75
24
95
39
13
9
66
20
57
122
10
12
118
46
116
47
24
42
18
62
113
37
100
32
108
20
38
8
12
7
48
90
5
58
21
96
56
88
83
107
89
91
86
126
43
121
19
22
35
101
1
104
114
6
54
109
84
68
93
110
29
77
15
44
59
31
74
34
17
36
102
23
111
95
3
92
66
99
67
52
122
85
65
119
127
28
27
112
69
70
16
125
76
124
53
11
80
41
120
10
82
103
105
14
81
128
60
73
51
49
57
106
118
50
55
64
61
33
72
2
115
75
71
45
87
13
9
79
30
25
97
4
94
117
63
78
39
26
40
123
98
77
38
25
105
5
47
87
45
69
48
63
50
9
80
15
120
102
64
13
54
113
79
40
104
65
101
35
109
117
24
82
122
36
125
10
128
89
126
75
95
22
11
84
3
110
81
116
123
66
2
70
72
93
90
118
76
61
60
111
44
28
119
83
39
17
27
43
56
49
71
98
91
106
34
124
121
30
127
31
74
115
58
16
73
55
97
100
108
1
12
46
99
23
96
42
19
14
53
88
26
18
8
59
68
33
52
51
62
67
114
32
107
6
37
21
20
29
7
86
92
85
57
41
112
94
78
4
103
68
64
12
24
76
56
25
39
91
18
35
6
122
104
80
41
15
77
16
89
83
101
58
103
51
85
57
115
10
120
40
87
42
90
53
14
121
26
73
34
81
4
61
110
66
29
112
17
38
70
13
95
43
106
45
107
71
69
20
75
79
125
47
44
27
33
118
127
94
92
117
5
11
19
65
105
82
36
116
99
49
23
126
96
124
128
97
28
108
111
59
54
63
52
98
93
55
21
22
102
31
78
3
84
88
72
109
37
62
74
9
30
1
114
113
60
119
46
8
7
67
86
123
48
100
50
32
2
97
123
44
33
88
8
113
80
20
6
7
81
124
82
18
87
30
72
66
85
17
48
73
128
58
5
104
35
111
32
47
78
61
45
29
38
11
57
52
25
40
54
9
74
46
50
63
43
36
10
102
126
24
86
84
105
69
28
3
21
101
22
79
1
90
107
122
120
93
110
31
71
99
114
13
115
112
62
26
83
41
37
19
92
42
2
116
39
109
27
75
34
56
12
65
119
53
14
77
59
103
55
94
49
76
64
127
108
89
23
67
125
98
95
70
51
117
106
121
91
15
60
16
118
96
68
100
4
106
59
52
3
13
118
6
38
104
65
83
116
42
102
123
32
122
109
80
112
92
33
127
70
9
21
51
99
34
11
35
86
66
49
81
96
12
8
108
10
30
26
87
100
103
25
15
75
55
115
117
98
54
110
68
114
56
85
63
82
5
50
76
29
105
20
64
111
77
57
90
7
22
18
119
48
84
126
19
16
72
1
61
95
27
37
97
4
36
2
121
14
28
58
67
89
17
73
40
94
41
93
120
78
124
47
79
128
60
23
62
46
43
24
101
107
69
125
88
91
39
44
53
31
45
71
113
74
104
4
92
5
28
97
16
29
126
48
56
30
70
103
113
66
21
72
109
83
36
73
37
101
111
22
102
34
112
114
64
115
124
85
116
58
55
125
119
61
44
68
120
86
91
12
75
2
67
98
118
117
39
18
1
49
54
50
59
90
15
71
105
94
78
81
95
63
24
88
8
69
108
23
60
123
14
42
52
7
76
19
96
110
38
62
40
82
106
6
93
33
51
13
79
100
122
128
10
35
107
9
27
45
43
20
3
41
80
89
57
99
17
11
65
74
53
87
31
26
47
25
121
127
84
32
77
46
75
36
113
64
103
87
9
127
52
48
67
35
112
60
15
17
79
55
3
6
54
121
73
115
51
125
108
86
43
74
84
7
123
37
22
27
2
95
38
69
26
20
106
30
117
126
16
111
93
8
71
13
11
72
92
114
29
33
34
83
102
28
42
50
99
58
68
23
62
70
1
31
120
82
25
110
14
4
105
100
128
91
109
39
77
56
89
63
49
10
21
59
90
116
119
46
32
47
66
85
18
45
44
88
97
81
65
96
94
53
24
118
98
104
19
57
80
76
124
78
41
101
61
40
122
12
5
107
79
30
8
23
40
83
104
2
116
28
64
25
103
99
114
41
97
74
123
37
93
108
1
39
98
101
110
73
38
87
20
92
53
18
88
17
54
75
107
51
109
69
4
44
67
84
13
6
124
115
45
57
72
118
19
71
90
121
100
117
111
63
56
16
33
24
61
105
15
60
62
58
42
14
128
91
36
7
113
5
52
89
48
55
31
78
85
127
65
3
76
86
11
59
50
95
82
106
77
32
10
26
21
120
12
94
80
34
70
122
102
35
112
9
126
81
125
96
29
43
47
68
46
22
49
27
66
119
64
119
26
55
90
81
35
88
96
65
78
76
70
3
118
43
45
112
74
57
91
30
68
38
72
71
107
29
41
99
124
121
89
111
10
22
14
73
82
1
75
36
52
27
16
61
114
47
7
80
69
18
104
53
37
105
113
50
19
49
109
100
85
13
11
120
106
95
59
46
33
127
15
62
32
5
110
67
34
28
58
117
60
86
20
31
39
102
92
93
4
42
83
24
108
8
17
116
115
84
98
125
48
63
6
9
44
23
103
40
51
94
128
77
87
126
97
79
2
122
25
54
21
56
66
12
123
101
93
67
5
88
109
107
20
89
95
71
49
87
96
39
90
117
125
42
18
74
33
118
51
53
46
92
91
73
62
104
75
9
13
76
31
56
112
79
80
85
21
50
27
127
105
110
70
69
6
41
126
32
63
25
106
57
121
81
103
8
124
94
77
2
102
37
78
100
61
4
14
120
38
60
122
113
97
7
19
82
48
22
17
47
68
58
64
52
66
84
3
26
44
34
24
72
114
123
55
111
11
86
59
12
98
30
15
45
35
65
115
108
54
119
43
40
36
116
16
23
10
1
83
128
28
99
29
101
109
107
55
30
43
126
27
40
41
123
105
32
66
95
49
62
51
23
85
100
37
114
93
111
53
42
7
69
125
113
110
35
108
118
28
81
103
97
94
122
112
61
98
87
4
13
92
80
120
15
24
91
106
88
90
84
99
10
96
18
128
44
124
72
86
75
14
26
119
101
34
60
63
68
5
52
47
121
77
78
6
54
8
36
82
64
71
25
115
39
46
1
74
67
33
38
79
19
9
2
22
102
3
12
17
65
56
16
21
104
45
89
29
11
76
57
31
48
83
116
50
58
70
117
73
20
127
59
46
3
69
107
75
24
33
79
89
113
128
105
62
88
59
103
63
100
38
127
43
27
94
29
45
95
64
8
116
10
110
123
36
37
68
99
35
121
71
91
52
47
15
30
20
28
96
61
44
11
86
102
98
74
101
14
31
66
104
51
22
111
80
114
53
60
120
70
25
50
32
7
34
112
108
56
87
81
19
92
126
16
106
125
49
115
6
58
84
76
65
4
82
67
48
5
26
83
85
42
122
57
54
55
2
9
109
41
117
77
119
21
13
12
23
73
18
17
97
40
72
39
124
1
93
118
78
90
128
59
95
119
60
14
40
89
72
36
11
25
24
118
51
55
54
99
79
44
92
81
49
6
109
1
35
76
26
42
31
120
75
30
21
50
12
69
88
65
63
46
110
106
9
74
84
125
93
45
62
22
56
108
100
86
13
101
27
17
122
66
116
124
126
58
16
112
98
53
7
121
41
38
73
90
34
70
52
48
105
4
111
29
67
127
5
15
85
94
23
113
77
97
80
20
64
83
61
87
8
47
43
18
37
32
103
2
19
68
123
57
91
3
33
107
96
39
104
115
117
28
71
10
82
102
78
114
44
49
41
87
45
100
55
56
118
37
57
39
89
97
85
48
104
2
113
124
72
7
78
15
38
109
10
9
94
46
64
65
86
59
4
8
103
36
11
81
27
111
68
51
93
5
20
31
77
14
17
90
112
26
75
54
53
95
47
125
69
40
23
98
13
3
63
120
66
35
34
92
74
58
28
88
107
19
126
80
115
79
70
43
6
105
101
30
73
50
32
116
122
110
121
67
52
22
1
82
117
24
114
123
128
60
18
99
61
21
12
91
76
25
108
29
106
42
71
127
119
33
96
62
16
102
84
83
54
107
76
5
8
97
89
47
21
59
74
84
11
10
91
19
93
20
126
56
98
57
117
85
101
110
38
24
45
83
13
36
87
121
29
30
118
22
14
32
58
116
100
63
70
86
96
68
80
40
17
99
15
122
16
7
53
77
105
39
94
31
46
41
55
62
69
65
35
114
2
3
119
90
49
12
18
108
124
71
128
37
103
26
78
25
81
73
9
60
61
43
48
112
23
79
115
72
109
34
75
27
113
127
28
120
33
64
92
4
50
123
6
82
67
1
88
52
111
102
106
66
104
44
51
125
42
95
79
110
69
101
120
82
127
90
24
27
6
113
68
98
86
32
43
37
60
121
88
85
105
44
1
76
34
91
20
92
38
87
103
84
126
40
9
46
15
61
3
51
63
112
16
10
30
94
35
109
115
125
122
114
102
2
39
57
25
111
81
26
75
78
116
54
71
11
18
106
22
4
108
107
96
70
33
21
104
52
58
49
89
67
64
74
80
12
118
45
56
128
13
73
95
14
31
97
124
41
5
117
7
8
36
100
19
50
119
93
29
59
83
65
28
55
17
123
72
77
23
48
47
99
53
42
62
66
16
8
112
101
103
87
110
111
25
35
20
119
118
77
43
34
122
14
125
115
92
73
72
94
120
75
49
4
18
74
2
44
29
53
123
124
107
70
52
65
85
59
17
48
91
54
88
95
105
39
90
6
3
62
33
63
64
81
97
1
41
102
27
84
11
30
57
58
21
108
99
76
114
98
117
10
36
22
12
23
82
66
113
71
38
28
127
100
60
31
79
13
128
69
5
45
47
51
121
37
116
61
26
56
78
104
9
55
106
50
126
24
15
83
96
67
68
46
93
80
19
109
7
40
42
32
89
86
65
102
7
87
69
119
29
91
110
57
61
51
40
5
99
10
117
71
75
6
64
127
78
116
98
50
32
81
38
27
23
17
26
45
63
66
13
88
59
52
30
60
55
128
3
112
90
93
114
123
109
53
125
58
77
21
86
54
16
122
126
11
84
44
35
76
48
92
104
41
2
82
95
24
105
67
15
79
31
62
39
80
106
33
101
1
36
46
12
4
120
56
85
20
121
111
94
18
14
107
37
34
73
89
96
97
100
115
72
42
113
108
68
118
103
19
70
47
74
43
28
22
25
8
9
49
124
83
81
82
48
85
11
52
118
61
39
9
103
117
83
42
94
125
7
47
54
30
62
44
14
35
34
116
120
3
57
26
23
84
104
90
72
4
1
91
93
87
21
33
74
97
126
29
5
20
51
86
67
27
37
109
105
100
10
113
25
111
108
101
115
22
114
66
95
36
71
56
88
46
16
18
75
32
53
106
45
68
99
128
70
41
15
98
64
13
28
73
6
122
55
63
38
110
12
59
50
49
65
80
77
40
17
69
31
96
43
92
112
121
8
123
107
60
76
119
2
78
19
58
89
24
124
79
102
127
