29
577
544
134
68
60
367
157
809
587
872
386
428
415
363
750
499
172
804
62
246
930
324
938
605
216
899
348
815
329
673
291
1
741
987
677
914
543
540
117
920
630
721
828
772
1010
155
893
182
579
142
401
192
394
683
489
325
947
555
1009
933
377
873
432
497
484
982
924
915
241
900
206
80
452
191
790
661
51
823
478
276
19
416
638
312
946
818
516
793
850
603
671
18
865
902
702
993
523
561
467
1018
420
380
525
738
111
917
985
941
575
733
871
934
175
133
535
423
430
264
990
370
332
225
984
73
718
834
599
310
786
349
602
351
597
531
820
97
350
83
492
84
717
473
261
253
505
345
247
567
849
764
168
545
962
326
409
3
1020
773
910
375
384
260
197
161
496
844
644
218
35
259
643
647
15
144
518
230
533
459
679
918
776
327
335
447
224
748
226
923
266
153
207
653
670
209
600
292
359
164
347
323
469
697
495
405
843
798
477
665
727
927
65
746
762
662
895
270
128
592
235
485
390
1024
52
707
538
233
17
594
618
870
91
971
387
59
245
760
983
857
881
774
740
726
957
640
777
215
333
358
406
156
951
503
1002
757
1021
112
905
775
57
960
40
589
825
819
476
64
361
830
703
202
146
141
96
402
839
13
998
388
464
651
93
116
730
1023
856
353
973
778
547
283
656
515
912
145
621
795
756
190
758
185
45
699
334
749
889
500
210
725
639
532
578
689
891
637
382
118
781
530
338
34
979
827
948
783
180
281
398
9
114
435
362
463
590
559
440
526
1008
652
258
826
439
429
534
213
475
562
10
82
939
874
916
336
454
165
100
572
687
943
252
655
221
42
1000
712
903
551
472
876
1019
306
441
41
641
391
32
780
212
897
509
39
691
696
305
633
788
131
369
836
785
184
789
514
861
690
357
573
845
919
90
299
457
608
421
765
616
970
205
7
1022
659
728
169
378
611
1013
685
629
254
483
183
977
724
250
395
126
63
201
556
170
519
686
658
980
414
411
480
782
300
1016
925
220
831
89
487
1012
552
393
54
553
624
372
911
196
98
852
274
27
972
667
194
704
867
713
95
888
709
763
376
674
103
385
570
81
301
580
102
490
287
954
974
517
418
92
654
279
811
944
187
959
932
295
311
288
792
127
320
181
94
214
854
513
996
211
412
926
940
672
263
303
529
25
319
967
330
566
396
736
588
239
434
404
805
510
482
853
991
840
625
108
162
12
722
99
989
645
242
229
1004
521
389
963
268
855
436
373
981
74
460
593
949
908
549
1014
238
838
86
711
140
904
272
829
669
548
583
124
976
761
491
866
607
880
198
769
371
493
822
148
801
257
755
906
486
668
308
360
422
130
147
269
700
479
340
167
58
341
109
688
119
744
803
33
675
869
123
950
255
585
821
1005
632
400
6
595
817
550
163
31
942
273
808
160
664
208
171
173
705
968
945
956
742
137
631
364
403
417
615
835
660
680
558
729
277
50
885
135
929
913
383
862
739
992
289
613
528
646
860
1017
46
896
282
681
178
796
966
466
937
113
541
868
787
408
877
243
747
892
731
636
635
328
227
461
975
468
431
506
692
427
110
890
425
256
368
848
648
4
139
76
193
355
676
455
922
601
453
879
965
735
280
995
720
886
564
217
136
604
812
316
200
498
55
797
66
313
693
623
800
36
442
381
863
542
158
298
433
331
302
511
504
37
565
101
847
121
317
612
265
132
751
314
512
539
609
437
413
771
921
262
678
622
462
231
166
410
898
122
714
810
837
179
275
379
663
842
2
734
342
143
176
14
628
244
807
882
22
222
223
69
392
753
309
481
586
106
813
44
754
129
784
23
444
502
474
47
61
458
115
248
20
450
1007
682
343
614
339
470
875
816
407
907
650
56
271
710
11
527
26
151
149
107
581
5
189
557
38
104
766
346
574
285
619
284
70
337
219
267
584
732
814
85
321
188
806
958
296
767
1011
438
105
186
21
770
8
399
75
999
322
397
953
536
571
236
988
745
228
743
290
666
649
48
203
642
366
448
617
318
684
841
507
494
237
884
443
278
846
546
997
471
936
791
802
53
928
150
234
446
356
978
451
125
445
851
456
634
569
374
563
883
240
716
986
1015
719
723
864
307
931
706
858
508
344
488
560
49
768
424
159
794
426
195
232
71
859
138
969
952
582
522
67
887
465
715
315
833
701
698
520
16
419
901
43
297
154
657
909
174
737
352
199
1001
354
293
28
87
695
204
78
610
832
294
626
568
779
576
752
627
304
77
286
598
961
1003
449
799
24
365
759
79
591
708
120
152
249
177
537
964
501
72
994
30
955
554
606
88
824
694
878
524
251
1006
894
620
596
935
944
873
141
55
810
259
351
339
983
93
39
693
994
820
350
382
269
506
956
102
590
273
856
162
771
313
84
584
301
333
34
460
754
482
535
960
317
895
773
864
67
245
23
103
800
1005
579
437
527
661
484
556
973
953
666
802
375
112
172
16
562
952
980
641
954
113
916
335
560
672
79
707
167
210
653
928
373
955
876
343
30
181
1007
314
781
211
787
937
156
1015
497
330
477
394
784
674
270
507
850
914
525
72
191
296
638
615
136
193
726
765
982
605
656
370
242
862
208
65
406
961
305
829
917
687
904
431
411
96
694
715
237
821
209
652
249
1001
85
995
835
388
658
194
342
946
316
548
401
602
43
886
360
688
809
374
355
405
54
606
274
577
198
244
352
192
336
90
930
948
231
782
1011
321
1017
884
80
569
100
574
70
869
476
428
409
968
499
295
896
971
775
110
98
628
552
184
429
630
243
894
932
163
158
458
733
369
623
1020
3
471
206
516
824
863
716
1021
9
798
426
834
185
157
700
667
580
815
140
842
531
644
737
325
709
247
479
28
1019
813
766
467
719
643
470
747
851
125
811
253
725
366
670
902
221
128
489
817
962
720
462
774
379
139
929
545
328
847
472
246
153
613
442
372
984
610
138
736
356
19
748
681
289
268
26
234
903
297
358
867
544
340
780
967
925
717
998
1013
203
619
607
907
922
73
436
393
272
173
478
293
762
12
266
1008
878
779
947
145
226
920
844
514
359
770
866
761
13
319
588
271
942
541
684
474
294
123
592
20
399
402
457
596
675
151
114
593
759
329
710
495
805
391
166
66
383
534
583
665
520
52
818
812
966
790
617
979
951
649
132
298
310
645
248
326
1003
97
327
254
899
519
353
547
137
21
494
439
919
345
197
513
635
827
498
341
315
794
176
165
752
679
1023
33
642
987
285
448
361
252
822
199
415
400
622
746
364
621
795
1000
407
255
731
201
169
48
631
41
213
713
639
689
598
81
797
608
1006
86
485
71
18
578
796
633
786
978
764
972
664
909
433
999
991
307
240
728
275
865
887
386
816
776
718
331
143
332
650
279
349
344
880
283
889
924
236
164
425
756
586
839
570
468
882
853
207
996
945
455
833
416
933
15
708
554
459
257
868
799
572
559
419
410
647
744
111
677
38
714
538
701
227
126
591
735
251
627
508
561
108
757
122
395
486
703
152
88
263
609
905
420
678
384
299
1012
6
75
347
888
130
68
447
727
57
505
238
404
910
58
171
711
883
403
338
705
526
931
287
56
183
178
492
414
557
801
8
50
371
106
732
772
927
788
229
599
543
897
144
422
831
743
860
997
668
190
51
109
722
188
881
885
135
260
637
555
793
241
872
841
949
483
524
564
450
187
530
669
291
427
629
286
475
36
63
940
923
381
990
258
32
434
614
601
392
704
177
724
92
496
832
29
567
159
368
488
660
760
861
212
235
385
778
898
918
115
311
597
753
558
1
836
1024
900
334
214
77
196
204
357
432
763
566
682
466
550
676
657
671
974
292
446
27
741
262
950
691
769
529
121
440
424
290
581
149
618
838
616
195
91
117
986
170
502
989
365
322
463
692
620
376
277
465
875
843
337
118
858
690
739
912
565
589
729
575
521
223
659
59
119
849
636
768
49
750
53
186
654
539
740
792
302
532
99
278
522
970
354
154
222
1018
783
501
533
624
160
150
604
24
934
706
42
958
69
435
220
82
94
127
969
712
5
893
697
225
845
595
233
959
107
89
202
814
47
324
528
730
830
168
936
573
216
695
397
87
758
413
276
491
777
680
76
537
857
228
224
423
473
261
46
155
17
742
855
791
74
975
218
451
377
318
515
977
1016
686
908
702
453
540
445
612
464
22
921
267
662
2
120
200
523
837
648
104
378
879
500
387
685
44
320
348
625
981
906
504
449
993
346
396
264
461
611
553
179
408
789
926
390
890
444
161
438
1004
603
14
487
823
696
571
510
536
563
129
288
37
454
751
632
1010
215
988
35
10
105
804
430
11
976
312
412
309
304
859
582
803
25
456
323
308
745
854
205
417
363
182
546
901
721
116
83
142
78
963
441
362
380
4
493
915
943
1014
819
874
62
490
749
284
418
303
585
232
480
45
421
131
587
542
503
576
785
40
280
699
755
683
646
640
634
64
256
626
60
134
518
175
655
848
282
870
124
852
511
825
133
219
469
481
938
723
871
673
985
734
61
840
698
1009
549
398
367
651
509
1002
738
594
230
568
807
935
306
941
180
517
600
992
265
148
174
31
189
239
826
7
913
767
964
892
512
957
806
939
389
217
1022
551
147
828
911
663
101
452
808
281
300
95
146
965
891
877
443
846
250
969
574
460
5
159
276
284
972
760
120
209
802
227
503
448
319
576
832
907
1003
814
433
861
629
939
366
524
530
167
27
823
490
746
863
255
348
561
774
816
650
506
835
612
847
297
668
150
53
903
583
338
129
1004
721
987
1
818
640
109
410
686
446
674
984
706
532
720
921
37
135
174
465
124
599
535
837
302
363
649
272
540
928
515
83
50
779
145
88
201
154
208
942
178
1018
582
982
85
73
783
346
383
213
727
430
765
327
829
74
350
631
836
311
990
754
436
292
128
915
103
656
793
947
704
261
525
398
401
337
702
755
247
611
134
431
198
112
472
636
840
815
572
125
616
1022
203
811
15
666
507
978
809
321
558
98
63
204
1014
62
151
989
130
199
923
244
491
512
723
569
285
24
275
442
418
367
467
798
1005
403
771
713
862
242
144
14
392
718
807
950
784
957
423
445
736
221
184
298
223
94
945
800
351
906
1006
48
967
961
36
304
846
782
146
489
373
565
1001
181
301
801
127
539
824
313
546
473
646
922
929
753
402
932
177
376
592
408
615
883
2
839
845
577
225
547
10
471
25
703
179
452
875
468
514
854
114
307
933
360
104
461
545
425
880
598
642
1019
310
416
254
325
609
580
384
162
60
189
64
28
371
991
226
239
169
804
268
197
998
505
722
420
665
1024
510
240
930
440
71
712
470
655
719
889
874
660
873
399
342
486
485
40
78
92
282
365
803
9
364
492
286
194
196
743
316
679
320
759
314
30
139
789
992
752
949
483
42
1023
161
625
653
101
140
605
585
153
405
581
345
54
690
299
233
683
1020
269
681
232
557
633
466
744
362
888
438
726
979
333
618
76
964
762
822
207
378
80
413
644
481
44
749
278
895
210
648
354
977
1021
279
475
1017
884
271
173
745
658
531
1010
18
527
808
358
528
382
118
777
34
806
121
251
156
334
339
687
536
670
318
1000
224
375
689
110
559
739
497
732
750
99
673
190
869
478
329
59
634
537
463
606
462
595
26
274
778
501
12
152
575
195
553
280
252
347
1008
697
917
212
185
70
323
142
899
216
117
885
896
613
769
820
867
901
97
4
163
568
751
1016
986
230
262
6
541
84
788
729
707
193
604
61
589
235
522
400
283
182
508
499
137
865
834
850
260
122
437
757
488
958
200
868
699
138
711
564
428
886
57
379
594
622
13
849
677
897
619
131
737
970
657
925
281
393
308
89
229
534
768
586
231
735
946
218
962
331
1015
352
841
956
217
603
705
520
694
887
645
51
343
324
407
965
447
826
312
90
902
560
943
597
414
147
772
959
459
664
166
791
554
614
250
748
158
909
678
387
971
662
41
31
359
411
69
77
288
780
767
940
1013
857
805
628
602
766
600
453
661
893
892
187
621
340
100
389
335
49
396
529
93
172
296
479
993
456
355
838
637
66
306
32
543
761
663
843
267
186
123
38
164
773
651
353
1002
219
882
676
787
113
872
46
734
747
911
691
639
900
860
394
918
790
775
300
968
980
220
935
763
919
590
160
277
910
126
106
157
369
95
293
538
733
215
627
176
552
148
848
792
482
476
591
188
914
819
927
785
588
237
717
905
404
136
495
926
264
794
601
206
349
855
934
617
724
994
920
833
812
795
709
731
954
23
91
624
741
517
409
730
39
171
955
533
844
643
35
579
620
641
96
45
567
289
253
357
295
549
890
936
498
876
451
578
596
55
825
551
952
309
79
916
241
966
205
81
1007
566
246
86
111
938
361
469
434
542
513
786
667
912
75
740
831
894
983
828
696
526
695
263
287
654
236
680
380
758
738
1012
143
948
813
72
107
294
715
65
985
997
266
584
856
853
391
908
607
133
68
439
877
975
623
426
258
344
494
511
675
976
693
211
406
385
610
457
728
168
635
570
866
238
684
701
191
881
669
222
165
904
821
290
685
593
214
879
422
963
817
43
548
155
427
108
435
474
377
500
858
878
170
328
7
441
953
19
960
449
797
671
102
11
381
626
810
417
974
243
270
458
116
630
937
1011
776
115
632
496
22
988
1009
764
52
356
421
698
291
516
248
370
692
432
502
56
368
851
443
273
562
132
395
827
332
710
781
8
265
871
3
464
550
419
326
682
484
913
571
509
523
870
973
21
563
455
372
544
33
725
180
647
521
16
487
450
141
183
336
87
931
429
341
330
941
444
859
202
415
228
924
898
796
842
638
944
249
981
192
891
864
477
386
652
105
388
454
149
573
317
756
256
700
799
716
587
245
999
20
742
556
518
714
493
119
374
47
688
852
770
67
480
672
830
315
424
659
29
951
303
708
305
519
995
390
234
259
555
17
996
412
322
58
82
504
257
608
175
397
566
247
887
897
695
1019
537
545
820
65
567
605
199
474
42
434
861
660
276
239
9
553
644
446
67
7
635
784
548
296
526
45
452
50
274
557
979
565
106
350
772
68
352
598
128
578
661
150
394
613
857
359
970
933
872
980
133
107
368
975
127
177
437
885
345
430
802
210
78
187
685
228
486
470
896
256
584
73
131
973
387
121
976
723
433
194
77
216
135
55
803
440
925
372
646
384
507
272
696
577
176
221
54
53
220
180
797
193
624
115
483
969
904
300
340
373
607
950
435
961
404
593
26
911
677
1009
1007
285
710
134
290
429
186
24
407
242
931
299
985
768
915
288
917
847
301
516
777
75
313
278
563
756
195
576
793
363
637
901
848
546
403
443
513
796
982
467
81
652
831
679
509
147
91
515
902
206
25
689
611
266
919
449
757
464
549
722
214
349
378
614
833
380
569
164
888
395
630
653
591
817
112
339
490
729
431
814
631
568
608
302
119
579
525
781
148
1000
295
357
686
615
129
733
495
690
898
583
484
1006
43
555
754
910
606
207
943
318
1020
1010
374
232
730
475
223
588
783
739
240
846
354
264
238
742
627
542
393
425
477
197
33
908
98
948
712
146
698
956
15
683
821
74
890
918
219
693
198
22
97
930
981
895
273
441
589
161
123
503
586
307
813
329
962
1002
451
942
355
174
816
92
824
834
681
37
331
250
254
325
362
320
4
880
626
654
85
324
639
130
518
185
261
651
621
190
775
556
47
818
573
717
286
906
596
647
304
502
842
17
798
667
688
692
19
819
125
828
496
118
1004
709
582
873
522
114
360
697
282
506
326
310
27
248
554
892
137
341
59
903
472
719
478
874
550
497
751
108
972
666
317
32
920
625
132
21
245
947
805
804
225
120
95
51
2
227
41
479
80
949
921
155
392
234
416
794
172
442
35
1003
103
386
157
499
629
192
878
711
396
851
811
139
406
952
328
93
343
752
707
211
564
1023
863
400
871
145
58
312
205
466
218
670
656
927
662
424
864
309
750
87
456
376
889
790
905
928
539
529
914
126
571
636
926
390
52
191
674
657
672
792
954
771
959
334
494
715
12
770
655
86
998
986
162
423
267
760
1021
978
511
517
398
459
498
521
445
706
659
154
675
853
800
746
875
510
732
841
603
850
673
787
246
523
745
298
984
869
531
718
458
371
249
412
767
215
648
876
755
899
212
827
944
619
941
844
680
533
270
469
333
801
967
838
173
766
167
72
992
102
44
316
175
865
773
810
29
570
259
520
634
34
315
415
964
152
471
580
71
262
432
835
762
740
453
704
993
724
891
20
241
1018
738
70
321
538
780
664
830
541
182
23
382
795
46
277
322
866
202
543
832
916
60
230
158
886
327
913
1022
702
201
940
988
335
650
168
703
253
481
351
977
849
439
413
461
39
883
575
14
894
279
991
960
117
682
138
574
963
572
708
788
391
829
791
143
305
514
996
785
1014
488
512
528
411
994
1011
342
786
364
436
88
938
6
181
271
229
336
552
658
900
113
179
348
765
601
825
716
409
188
280
408
687
587
500
257
540
748
485
110
983
907
759
13
951
968
178
82
399
101
860
468
184
713
365
616
999
808
1024
389
763
595
122
311
909
438
815
694
405
612
79
292
966
421
347
209
822
1016
330
799
196
447
251
10
144
465
1008
536
699
676
48
189
700
8
535
269
854
877
761
893
527
1012
945
69
353
237
463
743
457
837
753
40
208
727
602
560
997
789
734
200
308
989
379
422
678
491
444
420
203
141
487
721
776
590
725
881
83
281
971
807
852
492
156
124
165
604
369
599
559
995
562
779
937
402
628
291
104
455
778
89
293
213
547
5
642
714
764
375
669
524
620
508
284
462
105
16
1017
217
233
289
924
171
61
957
64
736
62
489
358
109
932
480
935
84
749
337
153
450
28
482
836
1
856
561
592
204
265
377
720
163
558
297
726
236
401
381
160
581
737
741
38
275
610
169
701
306
618
243
473
868
183
617
958
705
370
36
1015
744
544
319
63
30
597
3
366
268
1001
166
397
116
845
870
11
668
151
476
338
448
493
49
426
731
671
809
735
812
142
953
728
859
923
159
1013
955
632
640
839
641
419
600
367
96
56
987
136
551
231
884
287
643
882
244
252
263
410
665
965
530
532
283
769
912
66
504
974
18
344
505
843
222
534
255
922
855
782
294
385
454
149
501
90
879
427
609
460
747
519
633
585
758
258
428
840
100
140
638
684
224
691
260
356
867
645
934
226
936
383
332
323
774
388
858
361
622
1005
57
649
826
235
303
929
862
314
663
594
31
990
823
414
111
417
170
806
946
939
76
623
99
418
94
346
104
696
616
265
792
851
894
94
555
252
759
360
733
295
532
831
867
557
216
665
215
761
111
398
251
882
677
553
344
425
451
418
690
44
666
287
656
114
926
654
298
600
675
255
795
757
359
521
594
581
235
444
815
780
432
134
378
331
332
461
572
56
348
908
380
725
859
942
364
91
814
588
767
370
758
968
1017
514
925
552
158
101
259
20
178
39
72
862
308
751
936
915
250
156
838
887
62
939
730
500
601
889
973
113
592
82
841
218
450
575
772
23
901
40
634
13
69
447
128
586
131
419
376
470
483
790
1006
697
587
860
453
598
519
285
328
833
865
146
182
379
267
796
525
363
335
835
358
785
737
950
368
201
48
511
430
367
369
629
930
277
66
401
623
231
154
660
921
247
683
3
234
485
321
610
68
1019
249
937
412
381
802
17
207
33
793
648
353
559
705
54
760
210
943
330
57
361
680
556
147
655
605
663
752
271
291
917
18
884
735
191
682
76
65
698
687
391
886
673
341
258
650
959
961
229
499
994
840
691
386
473
515
800
396
910
283
53
869
194
947
21
342
611
622
905
204
763
711
583
957
150
829
1009
774
658
593
118
441
816
582
811
702
810
804
577
236
962
244
186
538
747
847
596
135
200
322
893
420
818
203
87
809
879
941
997
830
377
51
732
748
945
703
505
224
564
778
753
956
728
526
854
949
898
506
338
288
892
27
187
608
240
198
701
876
289
794
803
315
626
625
435
403
273
846
417
213
807
880
853
799
998
272
662
152
15
868
906
576
717
345
832
749
744
849
533
754
431
709
163
260
931
991
489
70
388
513
151
89
460
100
715
722
12
913
310
80
633
988
689
724
918
1011
5
197
548
343
700
940
109
545
713
406
827
202
960
280
281
340
972
619
653
627
721
490
71
729
789
136
909
443
834
107
1018
678
580
139
651
934
185
944
512
963
771
659
320
502
193
402
112
563
704
387
977
241
848
720
992
579
142
955
307
32
817
726
434
452
34
723
462
9
953
433
293
84
300
372
176
928
1004
423
801
161
263
110
153
573
168
541
487
42
971
783
99
1024
762
602
784
81
350
108
317
731
319
199
47
798
570
31
929
528
35
571
788
766
911
292
325
26
927
301
170
437
124
895
742
739
4
481
982
121
268
303
192
52
448
775
777
266
373
286
1007
299
245
318
922
914
384
813
393
334
1021
214
990
599
14
745
362
427
479
667
768
19
1010
534
355
643
464
297
463
907
43
237
174
74
529
507
520
966
346
508
226
365
640
951
115
590
543
181
347
695
399
172
706
404
130
269
209
554
637
59
41
1016
969
45
902
578
808
188
349
694
329
60
337
1
825
979
165
615
275
88
679
612
574
314
967
510
899
670
604
466
262
669
239
374
828
162
984
488
326
727
743
24
770
494
116
166
684
274
606
888
38
148
407
171
845
243
137
646
46
468
1002
496
22
143
822
985
657
509
981
270
205
631
671
357
30
67
336
855
1023
212
278
974
978
106
227
595
707
585
302
919
686
351
842
878
439
78
769
126
85
256
642
413
1013
339
621
475
522
812
976
819
105
565
416
736
73
708
477
644
863
993
276
630
219
189
904
282
458
537
389
883
806
852
97
607
946
459
986
211
716
924
584
597
222
438
603
140
989
636
120
765
1008
37
327
371
173
476
184
119
741
755
503
549
180
86
797
491
781
542
261
589
414
897
117
837
638
304
877
79
933
980
155
824
535
712
316
719
649
10
392
823
639
49
480
449
195
920
311
164
394
125
28
628
486
2
279
382
442
561
826
821
220
149
238
93
497
123
527
874
159
900
175
352
465
296
1000
952
518
652
221
196
558
618
50
872
1001
664
90
681
478
746
217
890
306
641
1012
312
776
313
609
912
55
1003
676
410
471
844
562
773
614
647
415
248
839
294
632
523
885
699
405
501
409
836
805
1005
440
591
875
183
421
133
242
167
569
385
714
871
160
16
484
566
426
635
987
624
36
779
190
96
613
693
129
103
903
445
145
567
620
324
750
787
718
429
323
850
530
63
493
469
932
395
546
169
375
83
866
734
661
674
98
1022
756
254
246
95
25
157
400
740
64
8
122
857
547
568
383
970
498
873
782
422
144
891
551
692
482
935
540
881
916
517
11
208
965
524
177
550
474
264
688
436
356
77
138
764
856
672
791
864
456
668
309
7
504
1015
983
397
333
455
685
232
305
390
617
228
223
938
467
290
284
820
61
539
560
29
843
411
492
645
710
206
233
948
958
354
786
408
253
495
536
132
141
454
446
738
58
428
996
257
6
472
127
995
366
230
861
1014
457
870
75
531
896
424
975
92
544
516
923
1020
954
225
999
858
102
964
179
378
541
743
841
506
662
674
271
731
796
256
347
251
31
505
635
762
895
689
872
199
678
255
109
586
104
170
667
183
414
997
855
127
150
121
230
547
966
665
1020
148
460
113
646
907
650
875
249
406
946
630
624
652
207
487
746
496
764
368
697
642
434
732
480
902
233
280
553
816
502
690
949
771
374
1001
847
272
39
713
57
769
314
633
828
394
224
589
820
153
68
1
880
967
333
622
60
883
29
26
1013
778
992
714
338
88
216
870
55
262
659
987
927
128
912
1022
44
528
932
818
200
344
687
52
918
894
711
393
239
438
715
696
961
806
198
410
118
794
154
353
181
615
812
500
433
125
577
430
4
76
386
1023
140
82
663
46
538
103
558
79
379
302
188
215
444
634
643
100
893
877
423
759
10
30
989
520
1003
901
89
612
213
499
922
740
684
625
258
702
457
879
525
1010
385
357
578
331
950
78
639
583
240
468
440
510
156
975
201
605
132
74
760
25
102
815
939
617
885
608
593
601
155
540
417
706
683
1019
607
332
512
11
413
84
129
279
606
307
20
81
235
93
724
664
85
726
838
559
788
358
165
830
552
599
98
900
122
210
343
654
462
941
567
604
811
169
627
882
909
670
225
892
220
770
12
981
672
537
19
795
149
408
653
993
265
470
116
318
324
119
570
832
827
1008
17
390
237
141
372
498
810
527
554
221
217
585
396
729
447
619
105
311
194
752
182
777
621
834
723
846
163
598
813
863
392
435
845
644
972
924
822
930
373
937
159
773
218
886
482
809
935
647
189
244
486
925
21
266
94
407
951
535
853
234
452
260
381
90
469
835
277
595
685
676
301
878
779
677
110
926
411
524
780
342
441
913
891
776
160
890
920
167
591
792
137
391
923
969
87
964
243
5
219
47
801
597
851
819
147
428
478
569
313
58
761
65
15
348
618
36
532
628
1024
705
793
800
889
442
250
903
952
402
609
356
688
268
765
152
236
588
881
745
755
620
117
768
139
557
490
418
421
349
856
995
747
9
873
911
718
436
124
298
97
576
202
741
264
977
539
938
293
848
191
273
565
261
195
1021
450
380
787
112
508
34
758
497
71
329
707
669
360
596
33
775
717
781
479
267
722
327
485
641
41
426
464
306
67
312
111
996
566
817
728
556
931
884
626
668
928
871
657
897
804
867
431
40
859
785
494
522
716
934
980
375
339
756
289
986
466
53
942
958
720
13
661
1004
943
970
48
172
203
162
286
23
7
791
449
910
766
8
979
37
325
888
395
446
906
317
99
802
515
680
346
106
976
454
744
323
229
420
887
14
921
844
790
864
675
254
823
519
549
387
850
399
999
998
190
933
563
115
1014
908
304
805
592
866
352
636
24
671
73
315
836
388
354
161
197
226
803
629
467
322
145
92
575
72
362
422
416
571
656
45
174
376
798
767
978
860
461
43
542
730
114
310
611
963
749
3
242
64
473
83
700
366
409
789
695
955
276
948
829
56
581
517
208
69
62
648
27
919
367
245
476
66
18
988
365
808
774
825
757
594
824
568
493
849
1012
50
544
543
973
432
75
721
708
231
173
623
133
196
270
308
737
456
545
548
142
666
168
584
869
560
328
679
550
345
783
916
530
739
184
371
843
712
389
269
38
504
579
857
826
904
858
1018
252
489
562
637
334
691
59
833
400
205
222
686
821
898
398
492
429
80
355
281
377
974
177
186
701
526
772
247
246
214
419
658
187
840
750
1000
699
337
753
861
330
463
763
175
896
1017
1009
427
957
437
953
638
294
180
130
962
899
120
807
158
914
681
282
284
600
455
940
574
77
321
738
274
698
518
253
263
228
350
1002
51
742
336
555
727
651
572
682
465
320
703
782
719
477
994
862
481
692
108
534
22
511
984
451
613
424
61
296
193
533
960
561
275
929
363
134
425
587
303
259
107
610
361
649
227
351
735
814
192
299
458
405
509
32
748
965
341
86
1016
290
340
232
483
784
959
546
842
471
709
616
507
868
164
786
865
335
42
990
178
632
101
1011
936
151
412
459
157
754
944
136
91
49
495
316
982
645
445
6
660
126
631
278
95
529
582
799
474
241
831
551
319
404
291
63
131
283
370
54
448
96
501
439
212
971
837
16
734
521
874
35
693
694
516
403
655
736
536
488
309
954
915
673
733
603
1005
297
292
383
797
166
143
852
590
751
983
138
945
514
369
295
531
171
991
223
876
710
285
144
854
968
146
135
211
839
70
382
364
956
580
384
248
503
185
287
209
602
305
1015
640
238
2
491
985
917
573
453
443
472
725
704
1007
401
905
288
947
206
28
475
176
614
1006
300
257
204
484
326
179
397
359
564
123
513
523
415
869
275
67
14
423
408
554
971
139
519
338
792
776
94
501
921
584
217
565
174
686
856
960
914
281
769
1023
748
54
609
671
761
863
585
260
407
631
895
389
183
690
438
740
626
778
209
356
568
656
803
211
600
283
689
596
484
728
629
680
1005
935
630
646
77
953
84
53
563
353
893
433
894
553
335
944
849
497
919
468
738
567
161
493
812
834
17
387
34
196
288
540
577
950
810
239
231
674
443
531
793
476
398
507
548
91
591
63
8
715
50
654
330
328
491
446
628
830
329
1000
427
293
640
1010
429
560
557
937
615
424
706
887
806
928
477
300
976
502
868
839
564
152
21
397
384
765
33
201
25
243
996
158
562
81
947
652
422
828
549
279
574
687
804
552
145
125
380
933
559
722
285
677
464
813
6
884
45
339
373
876
972
483
98
970
277
97
75
319
417
891
377
355
71
151
365
134
187
662
566
982
136
676
841
606
616
835
278
224
719
920
825
78
705
612
912
698
367
15
402
973
546
802
983
249
72
503
908
726
981
64
929
504
175
663
848
516
267
1007
693
665
751
967
988
807
383
711
485
915
752
500
289
821
513
263
760
366
586
699
198
521
611
499
703
159
436
290
306
312
985
853
608
533
473
466
368
40
132
385
16
547
416
796
435
30
940
730
986
153
244
667
506
451
599
3
181
86
782
718
469
142
170
95
147
352
1002
756
414
867
114
157
495
92
998
411
55
257
822
258
579
610
39
308
892
259
763
128
648
620
234
762
38
1013
995
393
898
816
399
1012
336
482
226
569
514
140
651
870
755
637
994
69
550
979
931
104
829
274
434
535
190
359
391
882
624
655
195
589
815
456
543
827
116
235
843
692
672
20
511
605
109
956
613
878
248
670
135
545
291
837
133
989
251
376
520
297
515
1020
194
1011
431
66
721
757
494
486
681
229
440
418
322
696
36
658
32
739
465
59
607
26
524
266
37
396
643
475
138
68
673
43
213
712
372
220
197
255
733
70
571
842
311
697
788
966
741
580
618
294
750
720
292
649
472
227
445
474
208
645
713
1018
363
83
382
977
230
457
890
394
581
941
862
684
1006
404
252
753
318
573
301
724
745
118
284
590
924
331
959
410
314
946
150
808
958
390
51
886
207
859
193
448
883
41
534
127
327
809
910
885
598
1016
432
578
240
727
282
857
212
963
113
987
325
205
902
219
664
199
927
617
787
447
430
992
639
729
264
90
162
758
461
481
542
864
280
811
678
770
943
1003
679
79
273
749
57
570
28
779
852
343
903
105
10
129
633
146
242
192
185
871
949
716
4
144
315
918
214
61
851
861
614
419
93
530
1004
131
406
358
296
794
660
184
386
364
896
101
768
470
734
1014
897
661
487
747
100
488
964
303
309
905
286
824
691
165
743
820
304
360
276
737
171
704
462
682
647
650
833
544
96
635
490
527
939
73
551
74
115
980
388
587
879
49
783
342
909
478
736
510
1001
627
911
993
172
471
271
717
191
401
103
846
326
178
333
310
316
241
154
990
798
323
888
954
492
370
362
785
415
453
780
52
479
413
452
742
945
206
450
395
978
298
441
182
22
1
957
642
232
509
156
541
112
317
725
900
426
873
24
823
85
295
99
120
517
169
913
850
27
299
250
561
556
179
695
731
444
525
262
707
89
969
512
1009
160
270
307
320
168
685
772
840
238
526
200
346
774
65
121
583
790
975
984
771
936
148
592
805
644
558
625
593
13
268
799
233
880
934
735
256
236
149
619
18
518
932
35
636
1019
374
576
345
496
347
167
814
732
421
110
991
1022
709
781
47
899
1024
340
12
875
634
536
498
80
272
523
305
623
906
166
801
917
357
831
269
555
948
836
797
603
746
575
489
87
218
143
529
702
594
508
786
409
601
904
7
265
1017
832
926
246
1015
597
537
538
458
155
621
180
641
759
173
766
669
228
177
287
817
777
354
19
710
221
855
400
764
202
791
204
371
872
126
23
467
930
130
923
254
124
341
405
137
141
604
845
108
838
480
997
638
860
854
361
795
48
767
961
412
106
847
968
460
31
952
225
881
582
375
186
348
222
58
865
539
449
789
455
9
700
60
532
784
955
324
62
773
723
800
889
454
602
688
951
974
216
694
164
505
439
866
253
999
708
874
622
916
425
261
1008
351
754
907
701
657
844
459
463
321
46
588
420
210
522
381
334
203
942
5
82
188
56
76
247
313
714
666
302
775
962
332
111
901
123
595
369
344
44
392
858
437
337
1021
668
442
632
122
826
379
117
428
119
528
88
877
349
922
102
819
675
2
11
744
189
29
403
350
818
938
237
163
245
42
176
659
925
653
965
107
683
572
378
215
223
405
910
847
418
157
597
972
647
137
611
592
107
884
834
169
577
287
27
861
637
520
845
663
278
1015
42
186
236
712
788
568
333
943
111
430
958
194
282
246
770
569
291
205
746
828
231
848
538
224
736
118
215
669
701
9
397
369
917
434
929
750
117
738
104
605
358
803
947
209
787
457
400
571
90
717
580
655
269
659
3
257
667
329
482
307
761
891
143
34
164
871
965
132
782
741
364
419
245
28
345
5
284
549
786
680
992
409
229
80
244
523
69
374
508
76
344
20
483
541
527
616
25
983
179
595
559
468
867
341
72
799
874
734
288
342
84
200
152
968
166
426
918
812
710
956
698
479
53
232
695
266
890
925
428
975
50
376
914
857
543
105
948
82
445
650
985
898
727
506
687
621
263
843
962
322
627
248
678
537
539
550
740
404
525
103
825
292
36
222
424
60
449
436
953
732
158
346
849
191
936
718
16
924
546
566
578
385
850
319
744
256
897
785
416
794
192
752
446
699
66
140
233
865
488
656
840
325
144
842
563
651
640
343
130
766
852
15
293
226
432
713
32
675
826
824
832
380
636
521
586
490
773
187
354
91
795
984
474
565
417
1007
300
998
12
190
142
862
198
553
536
469
440
600
765
331
674
197
877
1023
113
304
303
978
1002
425
827
603
999
646
453
991
386
952
694
392
338
51
387
648
804
402
421
630
776
202
742
507
363
337
499
903
696
83
255
581
878
620
994
182
1024
109
807
503
622
708
837
95
323
247
552
526
882
125
382
575
326
633
888
797
219
40
836
921
533
789
151
408
855
314
181
928
203
85
1022
276
697
2
328
196
973
982
370
235
977
686
691
114
238
70
366
609
308
383
911
195
320
709
377
102
183
441
679
814
822
373
762
935
942
106
839
951
919
754
960
46
112
141
955
774
665
802
844
411
149
899
916
749
54
764
980
176
133
148
870
372
594
250
702
930
759
63
365
173
846
719
335
78
819
353
481
312
528
388
339
189
313
912
900
763
570
64
10
500
881
821
892
116
497
779
262
588
800
221
298
315
22
920
41
14
931
327
464
721
590
706
893
1017
608
963
996
444
57
175
1012
524
576
270
389
887
81
486
145
178
135
155
876
643
65
777
561
519
747
384
808
628
193
950
692
966
880
671
52
68
723
330
505
156
49
460
128
442
971
514
467
146
443
87
645
438
220
661
619
349
126
8
286
43
798
396
225
624
860
496
535
451
815
562
672
119
185
461
896
274
932
604
909
720
439
634
639
472
228
957
348
259
979
906
362
242
990
30
959
6
522
340
854
277
829
618
805
885
213
771
700
515
868
790
476
465
79
905
275
841
427
915
883
784
853
332
726
167
485
48
685
168
89
591
872
258
772
296
471
375
47
458
1018
944
55
289
964
420
596
302
261
545
995
793
851
99
705
551
26
653
448
560
923
638
455
625
101
160
583
136
334
97
121
171
555
37
414
61
33
728
722
792
517
410
809
573
658
987
753
751
513
913
491
940
351
498
873
748
866
423
670
760
260
31
487
447
336
127
35
654
941
73
737
23
796
98
927
946
711
463
360
574
504
660
997
602
693
204
988
129
19
86
989
501
649
879
172
39
623
743
399
58
217
241
781
606
510
632
938
347
305
478
556
666
163
210
207
301
1000
11
599
252
613
811
489
153
833
557
644
895
969
379
758
174
617
823
435
321
725
864
75
703
294
352
529
290
394
731
45
188
211
493
593
664
1016
683
945
272
74
894
279
767
673
477
271
806
139
18
381
466
735
199
564
1006
810
601
251
124
433
949
317
532
59
668
690
216
676
626
961
357
495
629
264
838
120
926
530
835
138
62
316
295
253
206
769
976
422
456
967
1011
234
159
657
757
115
778
123
859
548
831
869
908
239
554
724
161
684
755
88
547
100
462
356
682
889
201
165
309
775
324
56
306
986
707
273
818
820
71
614
502
582
511
267
933
970
993
67
780
237
280
542
21
391
281
1005
635
162
631
147
907
1010
214
791
212
1020
1009
223
17
431
407
285
1013
858
518
367
1003
4
544
429
230
922
615
180
579
733
904
395
875
450
184
509
567
297
218
652
406
756
704
768
240
534
413
268
585
688
589
93
415
13
243
459
1004
689
227
24
29
359
813
92
1
475
283
254
584
7
610
739
641
981
154
607
470
540
729
902
531
208
412
1014
612
390
558
122
681
170
939
886
355
642
378
473
598
350
830
715
512
1008
954
662
361
454
403
150
110
393
587
817
310
77
398
677
492
108
494
38
484
974
1001
480
452
745
901
1021
714
401
572
783
716
131
730
265
368
299
1019
134
96
516
816
177
44
94
856
937
318
801
311
437
249
934
863
371
989
173
210
220
429
451
368
945
470
246
113
858
427
568
13
777
979
238
169
488
72
50
138
335
467
241
906
541
606
160
571
553
627
937
208
654
740
918
826
940
213
329
188
590
787
764
520
712
322
856
1018
97
799
529
738
369
365
321
279
533
455
9
103
843
557
975
492
281
970
153
192
611
601
984
248
439
115
753
43
562
645
402
143
812
763
308
155
244
349
615
432
340
707
168
697
670
1005
785
59
317
87
462
583
698
726
186
683
477
89
360
534
174
1000
985
603
152
36
1017
513
29
197
896
275
642
243
798
920
291
25
552
649
837
407
962
733
545
287
230
51
762
135
576
750
22
822
941
450
120
634
8
570
792
890
171
863
898
55
963
921
294
832
76
408
389
14
136
999
250
574
403
497
593
285
86
148
57
314
316
460
993
341
260
426
215
512
206
997
331
49
614
42
7
931
325
584
373
66
871
105
217
682
902
905
793
145
417
508
804
932
923
24
687
926
866
756
844
1011
101
418
38
237
695
425
235
489
114
524
399
971
953
1012
879
263
729
775
176
790
674
823
752
857
942
535
446
393
981
868
716
881
638
885
821
946
736
543
1003
282
732
198
652
96
833
109
708
815
828
771
569
797
661
1006
961
741
475
791
180
330
262
540
582
370
746
800
118
735
423
956
731
394
222
660
806
242
3
240
757
416
776
572
491
778
841
899
224
126
581
476
398
911
622
870
608
728
128
146
748
273
472
397
742
721
861
501
290
201
194
270
265
699
864
203
713
91
684
908
531
789
530
52
422
64
730
236
261
352
819
456
711
702
106
938
388
486
539
688
1
965
366
150
689
69
21
991
383
679
231
195
159
694
34
658
162
779
681
1010
371
503
550
824
386
754
986
676
578
339
178
35
952
935
121
12
283
481
110
303
547
92
988
900
859
499
563
218
895
211
505
646
225
834
67
438
295
760
40
157
60
904
255
1014
433
75
436
673
134
374
770
855
409
805
528
256
650
284
810
865
362
307
175
251
187
995
714
617
104
710
170
466
214
202
419
90
199
30
158
468
882
359
983
345
41
20
897
347
839
27
464
519
894
703
142
831
561
296
46
972
469
577
338
151
701
671
1022
817
644
73
249
166
1009
659
179
532
566
749
594
691
758
400
15
723
632
88
978
406
404
929
637
987
643
428
483
588
836
182
607
565
144
437
1016
786
363
332
415
62
768
595
546
355
102
326
353
664
675
405
139
974
849
830
377
2
669
319
765
916
431
430
31
487
955
463
820
77
23
692
720
454
401
420
954
442
560
737
598
1024
435
630
327
705
803
181
599
65
312
245
413
323
274
216
663
767
667
357
396
200
653
444
914
11
556
343
910
636
471
100
1004
610
521
392
189
328
781
518
604
848
772
947
724
310
928
443
1020
715
445
966
10
380
424
950
268
480
994
301
538
596
233
48
744
271
880
802
629
759
482
391
773
272
318
350
412
494
686
289
163
769
587
207
278
495
959
780
502
484
939
127
641
82
903
992
253
635
801
579
37
205
602
933
609
184
743
465
498
344
964
734
259
5
342
212
592
704
193
74
165
996
526
506
509
461
761
221
239
655
191
854
1008
725
459
814
709
825
99
827
364
119
500
410
375
124
123
846
71
493
657
875
589
264
448
116
315
623
745
232
727
884
58
479
990
960
300
872
161
478
28
511
196
922
927
190
53
525
968
111
333
816
132
969
297
886
449
924
631
452
934
390
564
811
796
795
909
311
516
507
850
288
782
808
677
618
774
585
893
1001
324
85
17
892
441
1013
662
867
26
678
666
722
164
434
320
54
977
967
845
149
440
257
411
130
372
522
842
112
536
209
883
387
548
44
6
490
648
16
305
693
668
510
447
346
367
356
133
976
19
56
788
651
276
395
907
45
605
647
172
351
453
167
876
917
915
912
61
137
514
523
223
1015
696
739
140
293
336
131
473
656
626
376
567
98
794
234
807
227
122
81
302
888
706
247
717
958
185
1007
108
337
919
559
672
47
458
125
700
32
853
829
891
943
154
267
252
84
633
809
354
877
39
925
862
537
83
542
94
485
818
620
957
580
625
277
298
117
851
269
358
558
219
496
156
718
783
869
998
878
228
591
385
766
612
913
852
382
573
1002
348
690
784
751
304
973
982
624
874
258
554
840
628
860
309
887
847
70
306
586
517
381
551
33
378
504
549
944
838
421
4
474
204
640
379
334
619
901
719
361
555
229
457
18
600
107
280
1019
286
129
63
95
951
141
78
226
613
292
177
873
685
813
79
930
254
621
597
835
680
889
527
639
299
266
414
980
147
936
183
949
515
1023
948
544
616
575
755
80
665
1021
313
93
747
384
68
757
449
437
331
860
345
339
1003
709
822
262
630
107
619
1010
80
1004
1013
541
373
875
948
671
580
375
562
121
596
397
372
719
817
959
321
77
425
907
949
673
226
346
754
912
295
748
664
537
972
965
830
74
710
234
543
595
29
970
963
62
729
20
476
486
94
28
1021
130
303
659
69
329
111
246
256
774
68
655
240
700
756
421
248
136
828
320
603
326
269
49
135
824
886
159
328
216
901
631
597
879
826
342
27
245
1005
498
115
450
570
10
456
651
365
818
89
607
446
422
624
608
435
908
794
929
900
314
316
2
512
436
128
590
141
170
1011
440
943
419
204
696
773
751
116
398
3
500
979
827
730
617
411
5
278
852
491
273
614
156
581
63
194
802
147
684
129
962
902
698
277
200
48
332
323
145
281
637
983
816
184
825
268
921
348
11
454
402
78
847
455
836
466
639
469
485
390
513
288
396
854
787
780
629
158
267
977
842
26
612
19
909
6
401
461
838
538
408
514
764
837
686
377
905
650
504
131
755
978
460
506
146
315
202
991
221
150
697
219
967
548
180
424
524
160
823
752
164
899
54
238
152
165
833
740
369
517
371
843
113
1009
918
416
1
997
497
325
272
728
560
508
127
561
606
623
487
766
168
472
59
118
459
741
646
862
593
418
242
261
243
927
761
182
610
609
829
350
271
556
343
333
809
210
657
67
762
97
679
785
665
721
542
266
811
987
249
223
578
633
366
167
868
807
438
932
44
349
584
55
15
797
351
47
753
433
140
88
66
334
897
743
1023
370
443
239
173
172
525
632
230
714
179
668
573
663
8
409
694
532
224
510
93
947
72
727
502
73
263
340
280
746
381
605
482
864
930
628
643
851
515
385
653
703
531
738
96
944
439
451
644
14
355
241
95
559
228
942
347
887
1016
367
937
318
989
849
645
635
775
926
622
566
304
75
276
604
781
484
760
7
481
92
255
404
286
600
407
815
516
888
890
58
856
18
420
499
189
33
458
549
193
143
893
683
305
22
857
984
744
735
360
672
100
577
209
254
479
859
520
916
38
835
270
413
114
410
682
713
712
198
747
571
850
298
153
503
784
654
52
319
877
251
725
928
9
163
57
123
1022
869
994
187
81
41
292
642
274
430
244
368
394
222
31
968
406
772
37
553
555
1020
915
490
535
142
474
840
701
693
64
285
954
845
195
791
199
119
966
1002
649
383
974
634
84
613
492
39
24
337
550
598
812
878
936
389
138
379
120
40
534
161
217
423
718
858
235
110
783
51
964
940
546
353
363
685
341
882
865
233
911
175
739
724
253
895
388
358
1007
891
478
955
776
867
601
641
801
565
661
768
112
237
670
86
125
529
108
336
299
960
361
975
338
731
70
207
765
60
155
540
352
473
547
229
1018
344
863
178
205
23
986
678
602
702
533
102
834
939
457
530
391
378
885
309
188
509
810
310
820
660
892
938
917
750
464
786
592
101
181
467
589
985
157
922
463
575
301
1012
821
307
758
924
973
417
12
923
588
176
215
934
470
956
567
357
191
969
536
691
465
297
483
626
552
99
648
306
861
171
151
162
662
518
445
327
403
203
197
995
800
30
208
806
291
884
889
796
704
260
676
572
681
90
330
201
919
734
689
380
35
545
441
716
763
569
789
335
583
688
257
881
105
1008
258
227
45
620
511
447
17
214
392
749
213
275
961
941
933
557
56
808
284
742
981
690
505
669
813
477
259
91
4
265
814
831
883
427
680
50
745
149
687
313
356
395
998
874
501
737
527
382
526
494
952
104
384
312
507
362
133
733
192
206
87
906
627
677
638
480
992
866
988
374
674
880
931
1006
250
13
139
444
302
354
53
185
544
841
400
996
300
522
667
117
903
564
759
283
521
414
640
699
586
61
945
896
804
247
853
415
720
290
980
296
779
236
174
220
585
79
82
790
855
1019
71
551
85
475
935
317
793
894
993
177
625
196
950
844
726
656
359
218
554
432
46
232
43
705
971
898
399
723
798
287
231
76
722
132
34
711
618
282
126
393
468
913
122
311
621
599
976
872
769
106
448
1001
462
471
308
871
293
652
579
166
692
65
982
1017
25
264
169
16
946
708
83
706
387
488
376
958
732
279
587
1024
252
658
805
782
98
452
144
591
999
615
870
574
777
186
386
910
289
32
788
225
539
616
496
839
666
134
819
576
324
778
405
767
611
795
636
717
951
715
1014
154
36
21
832
771
799
848
914
594
429
707
434
519
442
148
736
42
582
322
528
695
792
904
212
953
495
190
558
873
109
647
957
183
137
211
124
412
103
675
920
428
294
489
563
364
990
846
803
925
431
876
770
493
568
426
1000
523
453
1015
