604
447
118
443
867
1098
767
94
741
169
328
630
1049
1211
551
966
1266
1027
391
927
1004
694
1280
289
239
1042
276
687
27
1173
638
356
403
35
17
455
955
855
256
1059
1202
298
648
1102
170
1123
540
1021
29
1237
753
1228
1182
768
641
147
791
673
338
739
87
700
1135
1235
595
718
860
296
165
994
320
779
751
677
515
978
1047
435
404
1243
299
737
792
900
86
141
889
114
758
185
667
1083
314
620
107
1212
122
236
811
819
1044
1018
793
757
587
418
470
833
866
744
527
397
1225
160
301
30
1
943
876
260
1122
1118
715
829
1133
747
727
784
835
414
668
513
939
331
116
266
1060
385
1116
872
762
514
846
799
223
155
588
836
231
800
705
50
501
483
958
371
631
1223
1217
644
143
656
1150
926
864
1093
874
785
353
91
865
161
797
315
1265
686
734
875
131
589
264
1142
1190
1056
1192
63
1259
525
11
877
669
1003
135
130
646
594
64
305
537
827
1221
110
459
951
420
906
579
364
6
908
394
96
49
970
946
100
894
670
330
573
291
878
171
897
213
355
25
316
945
721
456
1012
701
1112
684
716
352
395
1127
1020
964
128
1058
1117
286
181
144
1006
731
887
219
40
848
468
179
647
1204
592
360
368
462
524
643
1120
211
1238
879
72
743
555
275
333
580
645
821
665
818
206
661
480
722
635
1129
888
942
735
565
882
1092
1057
512
230
1016
55
437
999
1106
212
373
214
1039
611
977
824
108
1177
209
1215
249
166
807
482
1111
244
831
142
287
145
934
430
1185
158
738
542
464
69
1072
618
1037
883
73
376
67
436
57
965
494
65
975
898
1219
224
124
389
261
539
227
237
102
129
499
379
1014
849
419
1218
1107
466
1254
340
554
660
854
1036
46
28
2
421
1176
1188
650
81
1246
1271
469
710
775
432
928
377
838
326
765
830
913
1073
690
177
232
750
752
918
733
1268
207
689
346
1236
191
745
1258
1094
216
98
1126
393
893
861
881
33
986
880
929
500
585
233
405
1157
452
413
960
568
1169
802
1161
703
552
1220
749
691
273
917
262
720
1070
95
781
152
764
1128
335
53
460
1229
1148
383
440
1088
1023
536
698
1222
1183
71
489
200
911
138
76
1199
167
1063
1086
997
1174
545
921
717
1163
1208
640
1261
518
1194
812
254
817
182
361
813
154
1008
332
1017
367
564
1103
197
84
907
37
1032
1025
374
445
1002
822
157
1143
984
1134
317
559
23
532
547
253
853
778
561
899
1154
685
962
1227
321
123
140
904
902
1216
159
516
834
581
408
225
1064
1076
1091
1165
711
963
491
323
664
146
344
983
1005
12
920
341
396
868
417
234
553
924
449
392
474
369
925
857
557
218
126
327
1137
312
841
844
1251
215
189
570
36
222
974
422
740
550
543
115
993
655
42
699
190
517
1200
485
106
175
1184
1038
858
919
311
1090
746
424
933
486
245
362
450
448
941
712
692
725
93
1252
208
399
295
454
75
458
1260
1109
504
609
279
370
633
826
531
787
9
1140
188
851
242
250
151
642
1197
334
1119
41
290
657
150
1166
268
593
591
612
51
653
278
294
1136
1196
1256
754
990
58
235
192
1130
193
1082
139
683
576
949
426
307
535
248
300
719
510
959
528
771
322
423
608
1075
99
1035
529
914
88
406
832
871
412
199
761
586
1052
1043
654
112
651
349
707
497
953
1247
508
506
1232
961
473
247
3
176
62
342
1277
1160
786
79
134
203
823
1080
1158
636
886
777
1124
892
922
696
1267
597
1253
357
730
662
85
92
1011
672
614
164
1034
471
285
1279
973
243
133
629
627
496
1242
600
375
805
1079
1081
384
78
54
617
538
1206
205
578
1193
372
1180
390
226
732
916
1274
815
398
101
444
1077
228
770
839
1001
484
461
782
859
281
415
606
495
639
74
1061
378
1033
282
1147
1162
1209
905
671
137
204
895
1110
251
1179
183
1055
621
1026
520
325
1132
637
756
996
873
649
991
478
428
402
505
1019
663
801
825
982
196
475
366
503
43
1152
1257
507
476
174
693
309
172
1214
1000
930
968
267
803
103
407
48
24
845
869
16
324
306
1181
1024
622
487
490
1071
1175
702
947
348
619
351
1205
438
769
1264
359
980
569
533
433
1108
856
1207
442
724
431
1067
590
20
477
252
47
263
954
1074
940
297
472
548
796
1050
901
814
912
1233
180
544
104
776
1097
1167
842
32
434
652
400
526
863
599
350
274
59
401
347
950
885
549
1104
26
891
708
773
481
44
1178
229
293
1146
270
1186
981
1249
410
1084
1239
509
265
1240
457
304
798
870
1022
1007
1095
1278
675
1105
772
623
382
241
1151
1189
173
1010
790
808
1230
729
546
676
339
463
616
1171
806
937
783
534
923
22
938
277
178
728
1030
766
105
957
582
1255
804
1155
1078
56
976
83
45
541
563
1164
82
21
843
909
936
755
519
935
713
467
38
1069
1114
979
572
852
626
560
451
488
1101
820
521
1125
862
119
187
759
416
269
89
780
184
156
1263
441
774
828
1096
1051
837
453
682
1262
988
816
584
566
14
97
972
1231
195
39
259
850
794
789
125
10
310
1245
1029
1272
238
610
1045
319
1040
284
1195
562
956
1210
198
1139
1031
68
987
601
985
120
303
194
388
302
714
409
168
556
31
944
380
313
583
763
111
1113
77
318
915
493
1153
571
1156
1191
1170
1250
66
1009
492
695
1099
210
439
634
615
18
596
989
658
136
697
365
1187
681
283
678
530
574
632
605
995
810
121
132
498
910
659
425
202
1198
1241
602
387
358
1275
1224
577
257
1053
288
1089
558
788
624
60
272
884
1234
948
1141
736
1121
1273
742
704
1054
153
613
148
271
280
220
760
723
386
1131
1028
127
726
258
109
890
13
446
80
465
1145
337
971
1100
1244
217
967
1015
1144
628
240
70
186
598
1226
674
969
522
847
19
90
679
1115
932
1149
201
688
1048
1269
1062
502
162
343
795
427
1276
149
479
1066
666
567
34
992
336
952
1172
163
931
8
1013
4
429
61
15
52
117
246
1201
840
5
411
7
809
1087
1168
523
1203
308
1213
292
1159
221
1270
363
625
381
903
345
329
1065
680
1248
1041
896
255
1068
706
603
1046
575
607
511
748
113
1085
998
1138
354
709
689
1084
297
232
1228
551
1229
230
178
1195
742
254
556
548
320
358
88
1278
907
153
1121
507
899
62
166
1026
1003
1232
594
326
711
249
992
842
552
1158
994
438
275
1106
640
873
832
643
978
474
1088
607
1138
732
1001
284
562
563
150
864
724
682
498
883
439
1002
916
163
164
1199
330
926
340
845
890
83
393
419
364
104
853
625
1265
911
246
1048
1208
1010
1009
1186
102
544
15
468
968
934
228
451
155
189
1156
1110
1250
84
1129
925
1264
787
218
1230
415
390
790
379
564
356
1076
313
1013
546
905
656
90
694
172
185
1016
769
1080
174
876
831
146
404
403
596
1070
1059
208
861
849
1006
497
339
66
1024
223
983
160
44
310
964
1118
1029
604
709
592
555
1136
719
1090
354
963
611
430
82
985
1011
1189
1094
1241
237
1272
216
234
509
176
1154
646
966
91
434
1025
314
795
34
940
351
165
289
645
1083
620
130
631
1146
806
579
1194
726
85
654
728
895
514
433
192
378
1097
248
1201
236
294
1135
585
522
278
909
1177
545
1209
478
345
458
280
655
296
233
1117
112
965
423
346
616
471
517
460
800
1069
315
516
823
1191
893
120
1051
761
37
13
935
428
691
601
553
920
733
1100
1161
158
259
1182
692
884
571
231
241
367
1181
752
720
572
944
261
851
151
1263
736
848
385
868
1280
488
593
745
1267
1057
673
659
680
361
807
374
1014
204
566
287
718
288
226
1015
998
69
28
1150
764
1046
1204
1173
648
380
414
1042
1170
319
511
220
113
839
217
961
797
1231
671
455
245
1036
1045
235
405
943
184
350
286
46
854
783
1064
515
372
956
322
1251
855
976
1082
610
48
1085
342
41
421
950
722
303
1032
756
410
1107
664
908
1078
939
1071
221
1237
1219
1049
210
87
801
499
1079
454
982
665
1151
850
543
1074
409
753
1148
298
400
266
429
391
945
281
657
649
86
68
667
866
693
1147
57
979
1022
518
588
448
751
847
99
1131
986
271
889
735
534
279
803
1238
698
996
1240
1234
347
70
930
618
1109
705
127
312
575
721
558
772
731
703
467
1168
136
295
215
444
981
1112
203
715
897
600
512
262
1133
4
8
1180
337
353
809
71
243
527
538
1142
1221
442
1128
1244
675
652
138
26
778
147
51
214
349
325
584
425
229
1273
107
824
74
489
1072
352
734
75
1144
766
80
211
650
814
1077
1176
826
265
757
485
213
388
282
521
1096
651
16
207
1040
45
524
597
875
642
1152
688
1105
453
712
22
619
1167
1073
1198
1233
463
222
1214
133
894
1035
122
533
779
219
100
773
141
251
1174
317
504
472
582
1184
355
167
105
247
561
560
1141
1256
65
740
64
793
302
1145
195
602
953
273
424
209
857
924
798
954
1
1252
362
872
331
1247
36
878
441
888
198
401
121
137
27
554
58
674
632
149
885
877
576
1157
547
530
955
865
1260
1172
1030
1258
1255
605
520
1248
765
435
510
487
1277
242
802
820
20
1262
570
1169
1103
101
972
224
365
627
52
479
1261
1063
465
988
157
788
304
1054
1213
729
116
311
1095
183
371
892
1242
186
1067
1111
392
874
76
1123
98
1060
1021
191
128
175
480
844
1101
170
932
3
789
1183
666
838
1218
244
406
1114
993
681
918
396
501
119
321
445
276
200
1043
1203
495
573
975
676
902
89
542
841
503
690
1235
505
541
1193
301
921
697
1124
704
72
599
283
1086
879
437
258
700
285
97
201
395
129
670
1163
1034
32
491
1165
477
177
817
73
131
834
1222
363
948
95
432
159
949
774
781
359
749
56
1098
386
307
581
205
869
500
912
999
338
332
637
638
990
1179
754
420
417
967
187
1200
452
1253
785
194
148
469
1050
270
725
9
115
1081
565
343
535
1005
33
238
767
162
871
377
1058
684
870
859
647
1099
1125
1192
595
267
55
653
743
614
1215
117
108
357
759
989
526
169
1008
833
633
796
124
376
784
706
1279
587
622
300
901
1246
927
867
92
815
586
1052
913
1120
821
413
577
366
550
812
1275
257
309
2
335
449
903
1020
1055
914
852
1065
830
14
973
197
1031
77
827
190
513
1023
837
43
17
12
156
1217
161
327
431
316
42
63
957
763
427
484
1188
1162
255
202
672
1004
738
612
333
1139
962
929
608
661
142
1075
919
318
132
53
1104
125
1245
843
1211
1018
991
951
299
383
1160
775
881
537
808
922
1175
1220
490
145
256
225
1153
408
446
1269
506
59
580
277
47
334
126
819
61
79
970
384
394
904
336
557
293
1039
1202
464
135
713
1019
1140
1130
140
539
1210
623
1113
660
891
1185
629
776
716
708
836
644
1257
373
960
695
308
696
473
896
402
1159
1037
617
1033
628
678
858
492
21
683
777
1206
456
1126
305
574
306
253
39
188
747
476
1197
179
658
1196
260
936
139
1212
559
459
714
794
938
860
144
29
529
942
227
1012
399
443
360
887
750
1056
928
1007
952
707
1053
804
1092
768
508
744
1108
462
589
1115
440
624
880
466
669
387
19
531
67
1227
917
1116
109
292
621
118
1119
770
947
969
710
662
748
426
50
106
995
762
422
663
1134
900
6
946
755
397
630
668
81
168
699
212
1091
152
54
635
134
368
328
1061
416
727
199
1132
771
567
1224
799
525
370
997
1187
941
863
180
7
782
411
1164
272
482
639
1127
1216
1178
264
1243
606
685
568
1017
1190
381
398
93
1239
813
1259
1268
758
154
171
25
915
206
1087
1155
447
882
10
1270
528
906
1254
1137
856
519
40
30
598
583
792
60
641
110
1207
822
103
1223
1266
846
974
263
717
702
1149
636
1122
49
1276
987
114
1038
532
1225
38
35
615
239
502
828
1166
536
958
274
791
1089
324
173
436
959
269
613
470
268
382
412
31
937
549
984
181
1205
1066
578
1093
1062
971
1236
910
723
1047
1171
687
111
634
746
348
11
818
18
486
291
737
5
1000
1271
1041
193
1226
240
741
898
196
143
323
475
931
418
1249
626
78
933
540
250
1044
603
780
290
923
375
701
886
252
835
840
739
344
483
494
786
569
496
1027
123
523
1028
369
329
23
811
407
980
810
1068
94
450
977
862
609
1143
341
679
1274
591
816
182
805
24
686
389
1102
760
677
825
461
481
457
829
493
96
730
590
309
1014
565
325
195
616
515
812
573
15
945
8
276
633
684
134
314
551
1276
448
1208
79
1172
468
58
602
113
318
33
531
905
631
66
1080
12
1042
264
484
569
1081
1063
214
482
953
1087
44
36
391
886
300
911
412
694
379
473
449
598
587
545
991
171
103
138
897
791
1195
432
688
193
846
455
733
228
204
202
179
703
269
1222
754
1024
444
764
216
159
421
480
1109
1249
1274
909
1099
823
339
793
31
342
1021
1228
203
377
861
254
401
416
78
966
500
19
11
896
1000
1078
56
441
735
856
919
1225
833
738
259
141
495
658
1199
577
591
937
1075
240
568
381
1216
315
210
62
666
445
155
1115
878
206
879
818
165
307
1111
547
503
166
147
855
837
1178
992
26
17
450
708
227
346
215
299
984
612
423
351
1186
859
858
1023
610
860
135
705
807
938
1072
312
1258
590
935
354
1167
697
1058
1279
831
308
535
954
1151
1093
84
1189
1130
606
91
1158
1164
63
1152
623
368
1278
258
1280
529
596
403
1207
564
92
290
900
1114
971
956
672
1170
1155
675
557
691
471
87
152
964
701
410
466
1033
784
1068
656
851
1052
1248
289
111
297
916
630
1124
1229
245
968
558
72
926
158
1272
717
303
1203
895
891
1193
1096
429
199
1231
952
797
1064
999
690
874
766
825
873
1135
715
184
241
489
922
28
511
579
520
321
331
1153
1210
969
384
6
1047
14
597
362
1230
388
636
340
554
1062
538
1041
389
1112
804
146
52
1055
950
955
490
397
360
1008
499
788
921
169
1205
768
949
104
94
458
527
1250
615
680
514
753
81
180
75
1045
143
848
465
45
335
929
880
982
706
1026
83
1020
553
457
201
519
513
1206
1048
817
1105
806
676
51
1012
582
1017
253
518
561
871
230
507
282
723
544
1117
406
420
826
815
1173
437
699
363
889
39
751
657
1098
853
1175
758
700
660
1190
532
605
115
669
1242
194
824
274
614
785
174
1092
970
82
661
1263
69
71
1128
668
803
1030
213
348
586
20
209
802
1204
578
1133
405
939
548
493
611
337
689
1097
1065
808
1027
1177
778
1129
198
461
780
1139
424
479
277
813
516
695
659
1261
1084
920
387
329
181
131
436
326
382
110
642
918
1187
776
687
1118
112
1104
1140
988
396
1265
1001
934
1040
637
819
373
239
256
651
693
974
1227
549
523
430
767
885
1053
1094
85
1198
1006
175
978
508
248
737
1197
1016
304
714
779
119
205
882
995
683
440
925
163
1122
109
310
183
434
77
994
906
1200
1220
1196
288
7
655
1254
497
638
273
1259
90
25
5
517
142
347
467
1244
792
543
475
207
89
838
54
1209
501
632
649
504
641
862
287
481
218
172
1090
799
1019
400
120
761
1142
1253
875
1275
452
359
226
781
722
162
136
1043
1071
114
867
749
634
280
160
107
460
1074
132
349
186
524
948
1262
849
1267
951
593
893
542
1110
787
914
236
555
311
526
47
907
80
1132
1005
890
319
1168
454
250
677
281
731
447
618
237
1002
604
679
164
782
1085
985
235
1260
870
686
972
197
747
839
418
249
647
267
601
295
709
1100
488
285
1165
408
572
1185
1270
427
369
1046
472
716
664
924
654
123
61
176
380
1
1212
293
840
233
1013
844
343
663
404
1174
681
200
1169
619
760
795
894
847
137
537
1116
153
265
148
37
1146
1061
279
736
1234
476
828
1166
624
296
1235
306
117
912
1252
95
580
453
1163
794
272
402
525
355
742
477
126
50
775
211
361
1003
1143
1162
1241
1148
887
221
332
786
682
670
944
608
744
539
789
1025
1022
1091
76
941
908
247
975
22
1215
942
798
350
298
4
560
21
1218
459
729
626
496
816
185
570
376
1239
1127
41
1245
1176
1037
168
571
957
976
1221
3
101
852
302
145
947
9
599
470
986
581
1201
740
419
877
930
1035
93
1125
915
1057
876
393
464
425
923
1171
667
607
370
222
324
305
1236
330
1066
1238
777
1077
1147
443
70
502
353
1180
1224
1123
534
1044
917
130
24
771
29
1049
967
251
505
232
46
1256
462
1060
903
1257
139
1181
910
801
224
719
372
1009
88
313
23
622
219
863
1011
231
673
1126
1182
842
411
414
1247
98
1121
328
478
108
336
301
902
850
242
392
358
1083
707
724
774
574
1106
1144
431
86
220
1226
510
811
1089
1038
685
1232
987
772
810
728
64
961
868
765
588
190
1157
1266
566
913
386
866
229
97
977
234
836
439
1246
275
710
173
621
74
1103
739
1028
2
1088
292
407
989
556
1268
835
498
712
442
881
645
483
652
345
125
374
217
644
809
486
191
1039
252
1183
834
394
433
888
49
533
829
713
997
981
609
755
1154
27
494
730
546
1233
1069
67
491
512
246
1086
702
390
796
1034
726
899
106
1255
665
696
1134
257
100
1264
600
178
931
963
585
741
357
73
748
42
872
865
409
1119
648
721
366
1131
584
936
983
583
43
344
413
617
960
759
843
399
1192
40
1277
627
946
595
959
1073
435
743
341
383
323
692
16
55
720
1137
662
375
820
189
898
762
1188
958
128
640
255
1059
121
506
149
196
750
883
294
727
639
756
864
65
769
291
1101
151
322
161
34
35
150
1120
243
830
1184
718
552
1136
1138
118
940
650
334
613
422
594
156
30
1159
1029
927
979
962
57
841
522
800
928
1051
1141
530
822
474
320
993
1150
671
263
182
170
732
1251
567
1211
167
620
746
1273
268
576
154
212
225
1076
469
261
398
223
790
18
1107
854
1219
1015
1113
509
385
365
550
629
13
1070
53
990
1054
140
678
1050
451
177
901
541
563
456
187
208
59
192
157
60
814
674
1271
832
327
1102
260
352
417
1079
1240
1160
783
364
133
698
592
371
1179
1213
540
1036
933
1095
980
757
378
278
271
1108
1223
124
367
943
643
1217
1149
711
356
773
188
884
238
521
487
1269
463
892
38
745
96
415
575
646
102
704
1018
973
283
635
763
316
536
805
1032
485
932
845
68
1243
10
869
857
996
99
129
625
1145
1161
1031
1010
1191
1056
562
734
127
244
32
48
1214
116
317
752
559
653
1004
395
998
821
446
333
284
1156
827
628
144
1237
438
1067
105
725
338
270
1202
1082
528
904
603
428
122
286
589
492
965
1007
770
426
266
1194
262
368
1083
1014
14
461
413
419
1178
870
517
70
751
162
1085
479
1024
552
165
981
343
835
545
543
140
676
194
648
961
922
50
541
337
1148
386
381
697
52
105
771
639
757
941
301
980
1259
477
1276
186
131
854
820
651
574
633
201
764
739
856
145
152
1116
1028
255
643
383
474
1030
704
65
253
1257
231
934
295
274
778
127
499
351
573
7
1212
319
686
537
698
1072
270
465
387
1101
315
725
445
150
446
1065
1113
667
695
66
952
457
1274
1190
211
746
1162
1068
1167
33
576
430
597
99
539
787
1141
954
884
1074
997
128
1052
283
225
1109
852
1273
550
1059
829
515
758
217
1105
832
290
352
527
229
1197
144
467
1019
485
690
176
172
1086
1087
799
62
1123
629
529
134
735
1104
204
312
784
964
542
305
98
1121
990
77
258
1268
260
566
1184
412
356
916
12
662
814
910
699
1256
977
592
399
110
1070
244
1193
1235
1044
362
322
924
1199
902
1260
137
18
198
748
1278
192
532
743
742
41
300
369
47
393
908
454
154
20
392
683
891
803
616
670
414
979
1168
772
1186
1211
881
796
1071
1061
31
487
940
441
272
46
447
608
142
79
1156
580
82
958
1247
1076
92
1252
63
509
571
1008
29
565
1100
45
1275
1196
1166
1002
254
195
293
184
58
978
1176
920
411
684
251
549
1136
774
1006
1198
364
48
605
970
151
266
1120
591
190
115
2
869
1133
102
596
1013
632
544
135
178
335
475
538
1240
235
39
169
937
44
892
273
888
872
1005
431
476
1089
1064
1114
423
93
873
464
548
644
1027
804
1203
1125
482
1091
766
406
1053
694
754
793
862
263
948
1222
738
988
642
114
182
824
1140
636
558
320
466
887
1000
1251
173
669
569
1145
1096
848
86
1246
370
1192
665
1267
843
630
769
898
1155
1179
234
473
374
1079
1223
575
248
708
904
782
589
212
895
361
1243
230
304
756
967
1010
1153
443
54
3
1142
1003
688
328
1066
951
13
1170
986
875
536
555
816
418
458
618
1161
705
1031
672
484
180
522
496
373
1200
1151
923
1182
442
623
790
568
646
713
236
603
936
395
994
776
1218
34
1245
1213
329
561
284
338
347
340
716
588
1090
939
19
265
394
1069
807
221
823
1021
282
638
1189
100
148
900
391
357
1164
390
1088
718
551
277
271
1175
306
359
189
783
141
600
1215
668
1209
745
470
327
240
85
246
860
1171
324
838
417
1092
84
1233
625
687
879
650
1023
281
1047
579
736
117
97
1048
1041
723
865
534
849
595
765
617
433
652
811
584
481
259
747
726
1004
714
899
582
661
469
367
928
472
1093
384
1117
210
845
819
156
802
921
855
581
1253
786
501
1187
795
375
634
8
1204
123
299
1045
1043
332
965
609
126
851
560
805
1054
89
956
422
925
700
1112
342
237
1234
333
331
286
717
1011
291
398
434
427
385
507
996
153
177
962
1144
220
36
1138
222
1254
1228
1158
724
521
554
118
513
314
767
468
196
1195
397
202
1129
67
193
1051
122
1230
621
722
737
108
1226
348
440
890
987
815
21
317
709
409
703
208
674
1078
780
905
298
500
640
5
1266
1231
232
378
789
78
1026
239
416
528
518
826
288
559
1017
913
1262
547
593
1018
116
1009
858
1050
836
55
612
456
38
885
959
497
1202
693
929
806
512
389
415
794
1040
250
486
1249
712
1118
143
160
1263
71
932
508
530
1025
1134
1046
1206
285
624
570
801
850
971
660
1191
132
973
444
213
827
894
10
1237
520
188
867
720
209
637
261
9
926
30
438
382
841
296
678
817
567
35
159
1139
995
1165
505
1034
292
227
1181
207
711
982
1063
1106
344
770
797
372
345
523
553
219
599
812
120
1217
677
1126
983
1207
1102
480
294
1075
245
341
280
896
269
762
407
866
882
1022
696
564
613
28
1258
379
243
503
671
846
842
23
493
610
214
960
43
510
1279
1055
1272
421
206
323
1180
25
1094
462
1084
874
94
813
706
171
187
546
149
287
1122
1177
313
1238
839
346
353
752
837
1172
1037
321
957
1077
721
483
326
1159
663
104
680
130
403
893
42
647
966
59
645
218
1248
1038
601
309
267
489
1152
1205
1042
223
777
701
363
401
627
358
907
519
572
753
914
719
1016
946
943
614
525
828
999
24
495
531
252
200
1
604
619
969
1261
909
883
1194
1225
1103
349
1073
478
744
1007
161
249
1056
40
90
494
450
760
607
897
653
788
649
380
133
158
1277
1244
741
1036
408
583
955
729
26
1110
1115
199
989
985
810
689
779
1185
238
675
1098
88
205
125
853
556
1157
993
991
76
64
1137
1210
366
17
1049
917
974
791
279
731
302
1236
185
111
1130
491
840
1146
174
354
437
730
325
339
1174
16
167
953
631
4
233
1232
733
318
1147
124
808
533
1035
1224
728
901
919
163
692
761
1032
906
396
1135
1255
106
707
825
1095
1280
685
103
1163
927
191
602
691
276
514
1265
715
303
226
759
129
1239
1150
749
659
880
463
424
37
175
622
492
679
1264
935
95
22
992
136
449
1107
1067
289
1108
420
1127
1214
1173
432
1081
710
938
11
425
166
763
876
1099
1169
641
918
628
998
307
101
1250
775
1128
1080
80
278
1188
113
847
773
109
460
402
792
197
562
557
889
257
844
666
506
429
1029
308
976
297
755
732
1097
74
833
578
490
410
68
1221
426
96
702
181
1241
27
944
72
56
1208
360
664
658
87
365
371
830
498
183
681
75
972
1149
871
516
768
809
138
336
488
877
83
861
256
949
963
400
912
1269
590
471
350
886
620
868
864
975
459
657
57
626
316
535
1220
931
800
577
1132
933
275
903
682
376
1111
502
1242
594
241
32
1015
863
73
834
6
859
586
228
524
1131
439
1143
947
984
330
170
950
654
107
179
615
139
388
822
377
1012
930
112
164
1219
81
821
1154
611
750
215
1058
598
146
635
798
1082
1039
945
60
1271
831
311
781
818
91
121
334
878
911
526
448
262
968
540
1201
15
587
435
585
1060
1119
49
942
157
51
455
606
673
224
310
511
785
436
242
1160
1227
727
1001
451
1270
1062
428
53
203
147
1033
1216
268
740
61
857
915
216
734
405
563
504
656
1124
404
655
453
355
1183
264
247
155
1057
119
1229
1020
69
168
452
24
1160
572
1074
539
1278
129
1112
63
55
1058
362
152
804
582
867
381
423
410
358
1121
745
494
1181
167
799
57
241
925
319
1103
933
600
211
894
343
810
324
668
1053
286
736
982
672
909
1086
1264
538
1042
535
112
915
1122
625
716
823
767
1005
150
888
177
574
1131
137
1191
1035
396
187
389
1132
678
484
320
942
550
1004
928
372
868
1098
427
492
479
977
919
910
1186
1229
236
895
201
75
447
186
785
656
46
818
473
271
14
411
633
307
941
1049
1200
813
511
788
1230
845
1175
598
666
13
860
897
697
988
518
556
462
1013
415
375
520
733
106
1091
912
980
936
570
1210
1155
1212
728
866
929
170
128
530
1261
418
425
1227
259
985
365
327
1084
220
979
68
713
829
594
305
781
344
597
1115
346
1256
592
1228
526
815
92
345
78
487
1268
79
712
468
256
248
1104
500
340
242
562
844
759
163
540
957
321
404
1015
768
1213
905
370
1062
379
255
192
156
491
839
639
213
30
254
638
1073
642
1217
10
1263
139
513
225
1211
528
454
674
1109
913
771
322
1250
330
442
219
743
221
918
1099
1119
261
148
1089
202
648
665
204
595
287
354
159
342
318
1129
1117
464
692
1203
490
400
838
1262
793
472
660
722
1182
922
1177
60
741
757
657
890
265
123
1022
587
1225
230
480
385
1019
1028
47
702
533
228
1204
1176
12
589
613
865
1159
86
966
382
54
240
1266
755
978
852
1047
876
769
735
721
952
635
772
210
328
353
401
151
946
498
997
752
1016
107
1144
900
770
52
1272
955
35
584
820
814
471
59
1240
1147
356
825
698
197
141
136
91
397
834
8
993
383
459
646
1158
88
111
725
1018
851
1265
348
1172
968
773
1157
542
278
651
1038
510
907
140
616
790
751
185
1045
1253
753
180
40
694
329
744
884
495
205
720
634
527
1222
573
684
886
632
377
113
776
525
333
29
974
822
943
778
175
1092
276
393
4
109
430
357
458
1192
585
554
435
521
1031
1003
647
253
821
1164
434
424
529
208
1245
470
557
5
77
934
869
911
331
449
160
95
567
682
938
247
650
1032
216
37
995
707
1142
898
546
1039
467
1170
1133
871
1014
301
1185
1085
1071
436
36
636
386
27
775
207
892
504
34
686
691
1151
300
628
783
126
1267
364
831
780
1116
179
784
509
1273
856
685
1156
1040
352
568
840
914
85
294
1216
452
603
416
760
611
965
200
2
1195
1184
1017
654
723
164
373
606
1052
1008
680
624
249
478
178
972
719
245
1271
1218
390
121
58
196
551
165
514
1274
681
653
1220
975
409
406
1188
475
777
1067
295
1011
920
215
826
84
482
1060
1232
1007
547
388
49
548
619
1100
367
906
191
93
847
269
22
967
662
1105
189
1090
1037
699
862
708
90
883
704
758
371
669
98
380
565
76
296
1259
575
97
485
282
949
969
512
413
87
649
274
806
939
182
954
927
290
306
1162
283
787
122
315
176
89
209
849
508
991
206
407
1255
921
935
667
258
298
524
20
314
1183
962
325
561
391
731
583
234
429
399
1226
800
505
477
848
986
1034
835
1276
620
103
157
1130
7
1057
717
94
984
640
237
224
1246
999
1145
516
384
958
1270
263
850
431
368
976
69
1127
455
1141
588
944
903
544
1171
1009
233
833
1107
81
706
135
899
267
824
664
543
578
119
971
1025
1094
756
486
1149
1087
861
602
875
193
764
366
488
817
143
796
252
750
901
481
663
303
355
417
1076
125
142
264
1257
1077
695
1190
474
335
162
53
336
104
683
114
739
798
28
670
864
118
945
1075
1202
1197
250
580
816
1000
627
1027
1069
395
1125
1
590
812
545
158
26
937
268
803
155
1248
659
203
166
168
700
963
940
951
1163
737
132
1209
626
1070
1128
1207
359
1154
1279
398
1260
412
610
830
655
675
553
724
272
45
1206
880
130
924
908
378
857
734
987
284
608
523
641
1055
855
1082
1012
41
891
277
676
173
1277
1051
791
961
461
932
108
536
863
782
403
1196
1111
872
238
742
1048
887
726
631
1178
630
323
1231
222
1254
456
970
463
426
501
687
422
105
1134
885
420
1020
251
363
843
643
134
71
188
350
1233
671
1096
1215
1223
450
917
596
448
874
960
730
275
990
715
881
1046
559
212
131
599
807
311
1140
195
493
50
792
61
308
688
618
795
31
1168
437
376
858
537
1214
153
293
1110
1136
428
1189
326
297
506
499
32
560
96
842
1137
116
312
607
1242
1078
1138
260
127
746
1068
309
507
1072
1205
534
604
432
408
766
916
257
673
617
457
226
1118
161
405
893
117
709
805
1173
1241
832
174
270
374
658
837
1179
1169
1043
729
337
138
171
1061
9
623
239
802
1088
1239
1101
877
1113
1146
17
1024
217
218
64
1244
387
748
304
476
581
101
1252
808
1126
1108
1221
39
749
1066
124
779
18
1187
439
1235
1106
497
469
42
56
453
110
1095
243
15
445
1002
677
1247
1243
338
609
334
465
1280
1065
1174
1036
870
811
1093
402
902
1237
645
51
266
705
6
522
21
146
144
102
576
184
552
33
99
761
341
1041
569
280
614
279
65
1021
1139
1219
332
214
262
579
1123
727
809
80
316
183
801
953
291
762
1006
433
1063
100
181
16
765
3
394
70
994
317
392
948
1198
531
1180
566
231
983
740
1033
223
738
285
661
644
1148
43
1056
198
637
361
443
612
313
679
836
1234
502
489
1054
1029
232
1124
879
438
273
1030
841
541
992
466
931
786
797
48
923
145
229
441
351
1044
973
446
120
440
846
451
629
564
1224
369
558
1201
878
235
711
981
1135
1010
1102
1161
1097
714
718
859
302
1023
926
701
853
503
339
483
555
44
1081
763
419
154
789
421
190
227
1251
66
854
1064
133
1150
964
947
577
517
62
882
460
710
310
1059
828
696
693
515
11
1083
1275
414
896
38
1079
1153
292
149
1194
652
904
169
732
1143
347
1152
1238
194
996
349
288
23
1080
82
690
199
73
605
827
289
621
563
774
571
747
622
299
1249
72
281
593
956
998
1199
444
794
19
360
754
1167
1193
74
1050
586
703
1208
115
147
1258
244
1026
172
532
959
496
67
1236
989
25
950
1166
549
601
1120
83
819
1114
689
873
519
246
1001
1165
889
615
591
930
1269
683
1223
612
549
768
922
1039
90
78
722
1047
883
972
990
1266
432
1211
1082
733
559
89
121
8
245
695
329
12
595
1196
510
52
1129
930
790
1253
323
40
1018
72
1111
199
493
221
274
699
1269
56
634
512
603
1060
539
913
816
744
318
1101
176
266
892
400
223
295
712
764
692
872
405
1173
541
114
1209
301
691
719
380
693
655
74
299
411
800
446
898
937
1228
887
392
667
112
694
615
82
746
53
1065
520
1126
526
676
1035
754
1278
846
813
908
851
964
236
69
216
133
523
917
971
941
413
848
9
836
246
589
1109
653
1146
264
976
35
377
1193
354
465
504
1090
721
837
344
395
109
601
1113
1074
1199
145
700
1055
891
44
568
866
656
426
643
170
150
1024
433
454
1161
1164
560
391
1100
1010
897
1194
740
961
875
1235
734
888
574
127
397
81
685
966
55
287
140
341
778
1270
625
1084
99
427
861
548
113
826
94
144
967
825
345
13
316
914
893
91
962
75
1007
1254
1275
669
687
1048
787
521
1038
1205
750
60
756
1181
623
1130
308
1230
313
1166
608
215
167
1005
148
907
777
1155
707
238
34
635
710
1186
514
1208
984
367
947
291
1061
986
168
369
857
1114
633
811
671
799
197
472
1067
108
362
909
759
1252
1136
210
255
563
602
455
760
944
1064
890
1076
537
165
573
1236
439
406
319
554
581
270
383
1165
476
940
1139
64
448
1171
218
758
765
552
988
773
505
1234
206
788
458
382
942
209
486
1215
590
1231
1277
877
1070
550
1123
464
867
1224
105
409
641
1188
228
556
1073
1179
1017
701
1088
459
201
513
118
1147
925
668
284
823
67
952
827
791
586
1134
989
211
1002
932
352
181
111
1031
960
723
349
1268
475
95
1183
487
420
1273
1003
28
7
1203
642
36
834
97
606
283
79
1233
519
706
664
456
737
1162
1105
752
358
1249
1248
803
346
841
855
646
1045
1128
772
661
1127
1255
175
1049
132
11
957
959
217
1079
32
1083
501
1077
793
902
5
747
617
518
1246
686
805
924
659
583
253
98
864
903
916
1168
509
605
500
58
1108
327
10
817
681
280
423
1062
213
33
331
996
138
141
196
335
414
332
498
1032
995
68
449
234
544
1229
130
1125
122
273
322
404
259
557
551
705
529
356
1201
718
690
388
1096
839
37
49
384
970
65
742
1141
843
1176
66
1244
638
807
258
92
286
233
178
1041
658
84
252
973
374
1117
566
237
1042
80
54
533
1238
491
418
762
381
726
1034
24
187
936
100
561
154
139
781
361
1121
485
103
360
534
1145
881
797
739
884
146
1014
470
919
1097
1102
370
1081
987
452
378
1138
873
428
337
1260
862
536
347
745
953
224
1241
1092
317
535
822
372
525
1226
1225
717
503
711
789
1037
403
648
172
1264
775
915
738
958
730
46
1043
1015
1110
467
14
604
626
125
975
948
555
515
457
833
1086
905
70
979
880
71
389
860
18
767
88
926
83
619
22
628
663
993
1025
769
847
164
956
495
325
578
824
998
309
1163
207
621
1046
945
1271
592
1262
900
735
684
194
1023
885
1200
572
155
672
447
1251
293
963
198
901
607
538
311
1191
298
158
149
820
1142
386
483
416
776
453
277
440
894
330
474
366
247
300
1044
1156
1071
496
852
992
134
225
442
994
981
1094
2
348
644
159
1115
417
980
123
38
751
86
627
186
814
1106
1087
1170
466
1210
244
1075
143
649
450
622
853
142
77
444
1177
910
265
1222
670
26
929
231
1013
153
296
540
110
921
471
1150
511
666
804
794
1122
527
1174
832
338
282
636
161
570
482
599
736
840
1051
407
461
620
624
376
1216
294
532
611
580
688
222
263
950
303
189
1103
863
1152
1098
812
269
1159
408
856
30
166
368
25
214
935
1059
1242
1219
1118
679
662
120
729
829
1069
795
173
353
340
131
1030
443
949
463
886
235
571
801
927
306
107
227
399
499
600
1116
124
517
637
982
657
50
876
336
492
809
297
575
763
639
73
1157
1063
96
171
502
983
305
421
205
289
415
923
396
1040
889
410
869
920
713
1132
31
185
858
480
1
1056
689
430
508
978
268
939
179
163
911
29
1245
1239
951
320
357
577
1000
355
1167
899
1258
1027
725
241
728
969
1112
104
61
202
431
359
115
16
204
614
786
582
76
854
597
1280
1172
429
802
934
478
651
304
328
468
314
260
798
398
588
375
859
808
507
1052
1016
1120
1058
489
1261
1214
393
278
479
531
818
41
1072
842
271
17
261
1004
968
709
93
844
757
522
1009
240
272
363
849
874
343
1124
1232
1197
673
445
1276
697
838
174
1026
708
451
1050
632
999
436
1143
906
584
334
698
835
870
1057
553
828
63
267
1029
469
569
1154
675
312
434
136
896
497
152
15
230
516
419
276
596
831
1202
162
212
1189
481
594
1021
530
714
190
1107
116
57
254
1257
1274
716
755
425
647
441
192
974
1169
279
184
1148
1220
351
931
203
1001
660
6
401
954
262
985
928
576
387
1053
977
1185
117
618
806
918
239
1190
871
126
424
1198
59
87
1237
1140
364
720
1263
645
243
188
732
933
1091
770
1204
85
135
3
782
200
350
1212
292
865
147
774
528
1144
665
1180
1006
129
629
183
177
1033
1221
879
743
342
878
226
562
1259
785
435
310
249
275
302
27
815
1119
1184
1054
1279
193
490
371
1011
749
1133
727
1195
1265
543
819
1131
169
715
1206
51
151
48
1036
43
895
598
1158
1095
321
771
542
195
1028
766
1227
62
47
484
1182
593
1089
1247
156
102
1272
285
640
460
702
784
1218
180
101
119
1135
232
654
682
796
943
753
558
613
229
488
23
157
42
324
779
1250
1213
904
219
946
160
326
1099
850
281
242
315
1192
524
19
1104
438
494
1093
422
385
379
373
1207
365
965
1178
991
257
1012
394
587
955
21
609
591
250
564
1240
208
1149
220
868
1151
677
462
1217
912
610
412
724
473
579
437
748
1080
288
137
1019
106
390
248
741
477
1008
333
307
783
546
674
45
680
256
339
731
1256
882
4
1137
810
830
1243
565
652
506
703
631
1078
251
696
545
678
128
761
1187
792
1066
290
1068
567
650
402
191
1153
997
547
20
1022
39
780
1175
704
1085
821
845
1267
1020
630
616
182
585
938
1160
452
57
1073
754
1202
1044
1052
572
1074
455
1112
243
285
706
981
549
941
59
1167
315
390
783
486
297
746
516
1060
1151
953
574
514
1142
344
112
422
1055
803
1033
7
13
552
959
557
306
781
229
1064
346
1072
613
857
1279
575
44
859
257
1105
299
635
133
1085
1168
657
318
95
330
901
1120
151
866
386
66
487
204
470
301
123
640
169
614
875
157
467
634
684
944
189
15
852
937
203
404
717
585
694
1192
735
993
977
763
1091
580
638
894
628
1230
940
701
584
723
642
562
947
879
82
1153
891
18
1014
320
779
1203
1084
683
132
728
561
560
727
23
411
687
700
1131
262
622
990
807
847
880
1114
425
942
911
501
65
465
1100
533
266
1184
210
792
1217
641
248
797
312
936
693
531
914
749
806
1275
795
114
319
473
808
1023
237
582
820
785
1070
398
1263
702
1083
870
1144
139
276
1053
910
950
430
1020
187
974
588
8
1159
1186
1016
654
598
1022
185
238
94
713
532
1196
1118
773
956
1264
119
323
971
298
55
1056
1229
99
505
721
856
885
1121
294
887
1076
149
461
671
902
1137
292
1160
41
1098
619
846
497
997
1236
938
472
1138
1075
1115
809
406
626
1086
1032
206
52
655
802
281
488
864
254
196
1193
345
1122
201
290
636
1240
433
1002
267
440
1197
1090
219
991
550
1062
1261
1113
714
825
428
283
881
389
489
739
1237
450
982
444
730
1095
329
265
48
1246
747
861
771
745
1249
1134
1049
484
900
284
932
984
22
307
704
540
605
29
129
1219
653
405
1205
412
236
522
1190
415
581
75
98
366
322
328
60
30
726
1200
705
529
604
186
780
948
1096
668
630
1010
1093
814
358
836
337
416
28
958
363
81
862
681
599
125
502
1188
544
838
757
92
63
761
832
869
827
511
1133
1161
592
831
1146
637
1025
474
692
768
1158
287
1128
697
481
1063
554
1080
1224
205
148
793
507
1103
413
1154
811
1009
524
195
138
202
1174
1195
372
357
143
356
1199
526
632
286
1003
625
1216
1089
226
1029
621
867
162
1204
789
1013
833
817
534
755
242
1061
644
848
566
272
475
235
979
432
1226
506
985
108
136
1057
1004
1258
615
88
1173
68
824
64
539
1132
173
639
528
166
752
503
164
40
116
732
627
602
558
509
227
734
548
986
587
371
662
899
741
923
679
949
209
462
542
101
447
245
610
305
893
664
1006
127
1136
232
699
1218
378
903
131
460
504
646
913
835
600
850
1259
500
367
1214
718
1071
228
141
14
907
493
10
652
565
819
291
712
11
973
725
1177
260
1163
289
1169
931
816
1257
594
170
963
19
153
883
483
1046
1036
172
42
633
1078
1143
222
897
559
215
233
698
156
1181
1164
1179
352
1278
841
1001
117
1222
20
89
519
1277
1162
593
78
669
930
261
774
1267
58
36
1018
1024
905
966
1005
491
180
1028
952
1213
1166
400
661
382
368
379
96
252
1182
303
350
384
1253
51
1017
1239
234
499
469
1110
1180
24
271
212
190
753
1030
1252
87
72
805
5
1038
1225
965
878
348
756
919
1274
317
722
333
1155
1262
719
240
441
1126
351
182
194
1187
1040
777
47
976
840
369
680
1273
674
579
77
609
105
332
551
823
160
380
682
1280
102
220
453
536
140
408
1077
766
1027
1141
541
822
922
17
251
69
659
978
1087
578
218
429
769
939
445
498
1269
324
1247
960
439
1211
1231
86
188
3
527
748
1245
177
577
828
1045
370
128
1171
1048
689
530
889
448
309
553
784
829
709
1050
567
385
43
426
80
737
665
834
1209
255
442
147
708
274
37
97
231
392
161
842
1157
454
675
1210
760
988
145
858
946
920
968
263
250
546
423
496
1082
521
340
288
111
786
85
249
83
624
1189
645
144
1081
376
1079
375
104
1215
898
650
812
1021
12
995
1019
1035
476
918
849
871
943
321
120
595
513
688
778
736
843
26
1059
1165
244
146
620
326
686
855
1272
1108
1223
916
695
787
915
1194
1094
1007
764
256
134
1047
1255
485
992
365
159
617
1266
270
520
355
217
230
394
685
174
122
589
383
343
906
608
975
401
273
258
691
1220
451
463
872
1123
418
246
402
73
896
1270
1102
629
818
393
945
21
216
1201
912
1119
110
35
586
799
331
275
928
74
397
302
854
410
268
71
716
200
388
409
277
84
837
338
417
100
207
477
703
403
316
295
278
954
192
214
758
437
517
107
224
213
438
16
651
327
126
972
62
1043
103
1206
1183
555
124
696
50
1207
515
32
373
1042
419
776
359
61
1268
1034
79
308
34
576
860
744
435
399
970
1250
449
964
1260
490
547
715
1234
1109
1067
49
1241
707
815
421
25
269
886
150
929
1185
395
223
998
314
377
466
311
951
179
9
927
178
710
648
994
1228
1097
1232
137
590
788
163
241
221
495
431
296
198
999
663
468
480
631
672
1111
67
339
876
336
1106
391
1066
1069
90
909
1135
798
611
962
596
800
720
360
1054
458
512
1149
106
1221
1271
882
1176
1031
1127
1015
791
969
612
523
158
724
740
459
176
796
678
568
93
211
118
53
349
167
184
571
1243
569
996
865
616
987
364
152
387
304
168
76
591
362
1256
844
446
660
300
31
957
535
989
508
341
361
1068
1099
711
436
772
884
1227
443
670
280
154
1065
109
293
457
804
1233
743
113
420
908
494
259
888
667
115
1088
471
1244
1248
545
492
247
782
1117
181
676
1208
813
1125
750
980
690
1124
175
1212
877
543
334
1251
1051
826
570
537
45
1104
310
193
264
510
354
873
775
673
904
623
518
33
1175
658
983
845
955
1000
556
933
1238
1178
165
1242
649
396
1235
54
666
6
353
456
1139
1147
46
1148
926
1107
874
603
563
27
208
643
1058
130
4
738
794
1150
751
759
770
917
1172
414
1037
1039
790
1276
573
1011
424
525
851
1012
342
729
1041
762
407
381
279
325
121
427
464
801
892
374
961
347
135
656
1008
56
597
934
1116
967
1254
1026
1140
1092
239
1265
183
765
935
282
199
607
647
1145
70
482
1191
225
731
1198
767
39
1
863
1152
733
890
197
839
830
171
335
895
253
868
1129
564
1156
155
313
742
810
821
142
1170
1101
434
538
921
191
618
924
677
2
478
583
38
1130
606
925
479
601
853
91
355
947
867
114
516
124
246
1043
47
1102
1145
345
806
503
88
1010
611
984
546
783
1082
11
1118
808
467
916
466
1012
362
649
206
502
1133
928
804
595
676
702
669
941
295
917
84
197
538
907
365
1177
160
905
549
851
926
99
506
207
1046
1008
610
772
845
832
486
202
695
1066
112
1031
683
29
385
629
582
583
123
712
823
200
307
599
1159
203
631
976
1110
1193
615
342
30
152
1065
839
1018
621
1009
1219
1268
765
1176
803
24
409
352
510
271
196
429
131
290
323
1113
559
177
188
1002
1187
1166
138
1276
236
501
234
407
1089
1138
313
1190
981
751
852
1140
1224
364
843
333
1092
469
158
701
212
826
142
1023
274
144
1152
291
885
74
264
320
4
698
379
837
382
670
20
627
721
128
734
75
1041
1257
948
23
209
838
1111
58
704
849
129
770
536
146
579
1084
1116
397
433
630
518
1047
776
614
60
586
1086
115
609
1036
988
1201
1279
619
44
452
299
762
681
618
620
41
880
1181
528
317
652
874
8
482
405
911
1172
498
934
254
485
736
572
227
861
319
1270
500
1188
663
632
1053
268
458
284
1044
899
125
604
810
233
956
305
1011
137
461
1194
581
308
170
612
931
807
247
237
398
906
856
914
1003
522
542
1168
10
269
1135
986
442
933
327
73
316
949
938
642
1137
924
592
135
175
509
901
1210
183
1212
480
750
1245
1091
942
48
637
724
117
145
766
1051
647
1161
534
157
304
1120
208
122
445
1198
272
593
862
873
1156
455
1014
962
834
40
1208
401
1080
1260
1025
189
229
909
169
43
51
844
369
692
61
1067
833
1062
953
1061
1055
828
107
487
1213
495
437
789
998
2
45
1098
847
386
451
573
1144
133
671
1069
454
338
69
1060
1130
1192
25
1248
1081
628
302
983
999
1196
954
756
475
46
815
55
1029
1004
231
1207
979
777
1105
1200
100
1149
119
757
589
539
1143
278
130
438
859
491
449
952
101
1127
540
199
1045
1054
566
877
876
686
654
524
147
1097
668
464
1058
174
32
1131
31
1104
1050
1249
523
913
403
266
1119
1157
827
176
968
148
596
1083
1000
995
21
1100
784
1005
682
960
414
230
511
1182
1242
740
321
105
639
764
402
340
711
351
966
973
263
78
38
1164
179
561
331
884
1239
940
975
1169
1262
256
250
90
448
799
594
951
1191
360
796
98
964
657
1078
453
1211
531
532
154
591
1280
1223
870
91
904
878
972
741
322
980
1040
116
17
132
387
1160
694
1085
358
155
1269
929
831
390
902
1185
436
1195
141
763
1214
1022
153
910
571
753
444
653
363
19
814
181
186
955
638
1228
492
1099
971
1243
225
830
213
393
1206
558
283
248
205
1068
977
685
703
285
974
713
260
1204
684
544
335
551
623
427
1179
1255
674
1052
412
514
361
80
404
824
419
27
792
738
102
293
68
1222
1034
350
1275
77
1013
14
853
1035
332
601
359
211
568
96
982
570
450
298
1049
821
282
1180
779
286
103
822
1039
1017
1162
543
576
277
1178
126
552
54
171
421
688
375
1146
168
71
993
28
194
65
990
255
219
732
1233
372
519
554
443
303
699
1026
1028
517
624
92
537
37
1258
550
496
569
1173
1165
635
1064
644
585
1272
191
465
1241
850
265
996
613
678
62
730
918
1019
270
220
1261
785
606
894
118
245
715
7
548
714
57
1158
294
488
22
425
325
780
758
771
1217
93
597
59
759
143
477
616
891
1202
366
841
113
140
794
249
432
598
946
650
423
167
215
957
655
381
520
460
805
204
76
888
310
292
1267
1220
296
1153
829
1059
439
600
945
580
311
588
110
252
1076
121
218
1230
187
416
866
526
339
190
930
863
825
565
15
1218
761
56
18
1150
223
921
855
717
12
513
920
241
490
625
1079
413
1235
739
577
221
978
238
994
275
13
1021
165
745
367
417
935
525
127
857
52
1139
1278
289
399
658
422
1096
494
388
897
297
210
134
719
178
1253
747
273
195
394
1073
87
1236
908
760
1232
521
456
882
922
608
281
318
226
35
587
251
1106
1274
463
529
1225
136
1229
357
478
846
958
42
836
553
1170
937
602
1093
193
1129
690
329
1020
377
336
49
507
893
664
1264
590
872
243
726
773
26
1063
1227
1070
356
816
667
987
324
959
728
895
1114
1244
527
881
470
440
1155
533
709
235
788
640
1134
1057
1103
348
858
1197
710
1237
462
81
104
967
1175
120
835
848
473
239
689
854
172
391
1240
887
371
1016
1259
288
578
622
64
424
224
16
727
435
370
992
1006
754
800
431
337
1048
742
216
1032
793
512
840
665
1148
368
1088
889
555
1128
3
330
1184
1231
108
406
1075
786
963
567
970
900
261
198
34
643
1074
890
300
79
731
700
446
1171
562
415
645
376
279
879
737
222
6
164
253
530
633
693
5
812
1077
1072
471
400
489
344
748
374
778
1125
410
1151
426
244
603
716
547
1251
151
1203
769
903
472
447
809
869
301
1123
1252
915
341
932
729
997
184
468
1141
557
159
892
162
1263
563
1027
564
860
1163
306
1254
927
63
661
722
1095
813
1024
865
898
666
499
83
1090
545
883
774
1136
950
656
752
660
1087
1056
1256
691
842
1126
434
672
384
493
418
820
636
965
1122
411
267
735
95
185
817
677
886
1238
875
287
1030
242
441
347
864
944
380
354
1154
696
396
818
871
575
1001
1038
228
969
680
72
574
1101
97
781
314
744
720
1183
646
797
420
36
626
39
334
1117
985
912
925
349
1273
1007
180
86
505
150
497
346
276
408
651
240
182
991
315
259
373
1108
798
66
819
634
1221
749
1124
1033
673
395
214
1142
802
111
943
733
1186
791
1132
109
1167
768
262
459
1216
775
428
801
725
515
939
192
687
607
139
328
389
1015
1107
923
201
1042
70
149
1115
82
9
707
919
560
258
755
1266
1234
648
584
706
936
483
106
556
641
868
479
474
1189
718
541
535
1071
312
67
790
811
280
1094
662
743
896
961
457
484
94
1199
161
163
1209
605
1037
1
659
85
504
232
746
1277
787
383
392
705
53
697
156
989
309
679
1247
508
257
89
723
378
1246
217
617
481
1112
50
1265
708
1121
33
326
173
782
1147
675
166
1226
343
795
767
1174
1271
1205
476
1250
1109
353
1215
430
373
1086
536
738
1033
836
501
657
669
266
726
791
251
342
246
26
1158
1113
500
630
1236
757
890
1193
684
867
194
673
1073
250
104
1279
581
99
165
662
178
1202
409
992
850
122
145
1228
116
225
542
961
660
1015
143
455
108
641
1230
902
645
870
244
401
941
625
619
647
202
482
1096
1103
1072
741
491
759
363
692
637
429
727
475
897
228
275
548
811
497
685
1180
944
766
369
996
842
267
34
1036
708
52
764
1053
1215
309
628
823
389
219
584
1258
815
1250
148
63
875
962
328
617
1110
55
878
24
21
1008
1082
1027
773
987
709
333
83
211
865
1069
50
257
654
982
922
123
907
1017
39
523
927
813
195
339
682
47
913
889
706
388
234
433
710
691
956
801
193
1171
1040
405
1052
113
789
1220
149
1044
1262
348
1177
176
1100
610
807
495
428
120
572
1164
425
1144
71
381
1018
135
77
658
41
533
1025
1064
98
553
74
374
1117
297
1116
1094
183
210
439
629
638
95
888
872
418
1090
1170
754
5
1153
1206
25
1155
984
515
998
896
84
607
208
494
1243
917
735
679
620
253
1097
697
452
874
1034
520
1005
380
1268
1091
352
573
326
945
1083
73
634
1194
578
235
463
435
505
151
970
196
600
127
69
755
20
97
810
934
612
880
1217
603
588
596
150
535
412
701
1178
678
1014
602
327
507
6
408
79
124
274
601
302
15
76
230
88
719
1059
1151
1035
659
80
721
833
554
783
353
160
825
547
594
1049
93
895
117
205
338
649
1172
457
936
562
599
806
164
622
1263
877
904
665
220
1022
1200
1105
887
1161
1189
1114
1166
215
765
7
976
1133
1176
667
1111
532
14
1074
1276
1277
790
144
1058
403
648
988
1278
260
465
1147
111
313
319
114
565
827
1253
822
1057
1003
12
385
232
1245
1159
136
367
493
805
522
549
216
212
580
391
1088
724
442
614
100
306
189
1123
747
177
772
616
829
1209
718
841
158
593
1214
808
1135
858
387
430
840
1254
639
967
919
817
1039
925
368
932
154
768
1128
1267
213
881
1154
477
804
1152
930
642
184
1270
239
481
920
16
261
89
1213
402
946
530
848
229
447
255
1085
376
85
464
830
272
590
680
1248
671
296
873
774
672
105
1055
921
1051
406
519
775
337
1078
436
1045
908
1056
886
771
1157
1087
155
1062
885
1232
915
162
1239
1216
586
1274
787
1089
132
386
918
964
82
959
238
214
42
796
592
846
814
142
423
473
564
308
53
1246
756
60
10
343
613
31
527
1227
623
1019
700
788
795
884
1102
437
245
898
1249
947
397
604
351
683
263
760
147
231
583
876
740
750
615
112
763
134
552
485
413
416
1271
344
851
990
742
1137
4
868
906
713
431
119
293
92
571
197
1169
736
259
972
1070
534
1226
933
288
843
1212
186
268
560
256
190
1016
445
375
1060
1146
782
107
503
29
753
1259
492
1231
66
324
702
664
355
1132
591
28
770
712
776
474
262
717
322
480
636
1224
1238
1218
36
421
459
301
62
307
106
991
561
812
723
551
1109
926
1181
879
621
663
923
866
652
892
799
862
1098
426
35
854
780
1076
489
517
711
929
1047
975
370
334
1124
751
284
1029
1148
981
461
48
937
1165
1261
953
1211
715
1204
8
656
999
938
1023
1163
965
43
167
1233
198
1080
157
281
1112
18
2
1150
786
444
905
761
3
974
32
1203
320
883
390
441
901
1120
312
94
797
510
675
341
101
971
449
739
318
224
415
882
9
916
839
785
859
670
249
818
514
1119
544
382
845
394
994
993
185
1184
928
558
110
1009
1190
903
299
800
587
861
1115
347
631
19
666
68
310
831
383
349
1092
1093
156
1134
192
221
798
624
462
317
140
87
570
1068
67
357
417
411
566
651
40
169
371
793
762
973
855
456
38
537
725
109
305
606
958
744
1191
237
59
468
1210
78
695
361
1122
404
784
690
950
271
1197
943
824
51
1260
576
512
1173
203
64
57
643
22
914
362
240
471
61
13
983
360
803
769
820
752
589
819
1071
563
488
844
1007
45
1225
539
538
968
1201
1041
1020
1251
1175
427
1131
70
716
703
226
168
618
128
1043
191
1104
265
1118
1139
1188
303
1046
732
451
1269
540
543
137
661
1198
163
579
864
555
323
674
1108
545
340
778
1179
911
525
734
179
366
1187
838
707
384
1257
264
33
499
1219
574
852
821
1084
899
853
1013
247
484
557
1140
632
329
686
54
1167
828
395
200
217
681
816
893
1032
393
487
424
75
350
276
372
969
172
181
696
521
767
1252
242
241
209
1275
1255
1168
414
1037
653
182
835
1054
745
995
694
332
748
856
325
458
1186
1129
758
170
891
1012
1004
1066
422
952
1031
432
948
633
289
1099
175
125
957
894
115
802
153
909
676
1185
277
279
595
450
935
569
72
316
733
269
693
1106
513
1237
248
258
1162
223
345
997
46
737
331
550
1026
722
646
567
677
460
315
698
1265
777
714
472
989
857
476
687
103
529
17
506
1174
979
446
608
1199
419
56
291
1192
188
528
955
1247
556
270
924
1196
358
129
420
582
1038
1240
298
254
102
605
1221
356
644
222
1223
346
1145
1042
730
1149
809
1273
187
1143
294
453
400
1156
504
1160
27
1127
743
960
336
81
1011
285
335
227
478
779
954
541
837
466
704
611
502
863
159
781
860
330
37
1067
985
173
627
96
1006
931
146
407
1125
454
1050
152
1244
749
1205
939
131
1241
86
44
1077
490
311
977
640
440
1
1028
655
1079
121
626
273
90
524
577
794
469
1081
236
826
546
314
399
286
58
126
278
365
49
443
91
496
434
207
1235
966
1183
832
11
729
516
869
30
1272
688
689
511
398
650
731
531
483
304
949
1280
910
668
728
598
1000
1065
1229
1222
292
1024
1101
287
1207
1075
378
792
1095
1266
161
138
847
585
746
978
133
940
509
364
290
1130
1142
526
166
986
1063
218
871
705
280
139
849
963
141
130
206
834
65
377
359
951
575
1141
379
243
498
180
1136
282
204
597
300
1138
1107
1010
635
233
1121
486
980
912
568
448
438
1021
467
720
1030
699
1002
1208
396
900
1048
283
942
201
23
470
171
1256
609
1182
1001
1264
295
1061
1195
252
199
479
321
174
392
354
559
1126
118
1234
508
1242
518
410
608
1168
14
162
1181
920
147
293
710
258
77
531
515
900
240
660
870
323
304
932
1050
790
425
595
699
653
20
508
762
487
1041
348
410
500
602
324
805
146
949
999
370
634
1096
874
128
429
1193
177
957
1045
479
365
1009
517
95
1054
307
395
968
994
542
339
22
428
987
335
881
223
978
467
368
419
772
744
1160
674
1132
369
385
692
1197
880
302
92
632
172
867
633
1121
972
292
74
1220
683
588
1163
853
236
658
207
1032
477
306
766
232
1020
1092
1245
1070
551
906
797
573
927
126
27
895
279
316
689
1127
549
1182
1008
791
1108
413
182
270
768
1047
532
215
137
246
1172
287
992
843
330
1007
832
1137
1271
839
454
1107
783
393
69
1246
67
230
788
185
367
569
68
739
166
32
379
749
942
168
299
296
1231
676
1104
835
354
163
445
626
545
1051
1105
667
847
216
39
963
715
241
607
915
578
929
303
1189
136
123
504
1242
735
816
995
1029
1191
301
813
1139
686
391
161
567
288
18
313
868
426
543
845
291
1208
119
1269
672
298
461
1026
1085
24
416
1011
203
552
623
78
112
615
711
222
709
16
58
1167
866
156
630
1055
799
116
985
94
1187
823
104
1212
1199
401
921
1109
305
954
721
415
580
345
355
574
17
779
458
659
564
1148
444
351
1082
651
1019
437
106
141
712
285
541
722
1179
242
647
465
720
668
243
955
1209
402
587
255
829
903
996
1251
6
746
1088
432
404
490
706
907
727
546
122
450
224
654
1106
491
239
893
778
1056
989
1195
28
560
252
2
499
795
105
325
438
260
350
238
442
1143
1253
175
29
45
950
1117
854
51
724
1237
592
347
272
1180
212
205
107
1063
124
775
953
286
905
155
535
961
174
1232
679
469
725
1203
1094
960
406
245
876
190
338
1067
1066
521
457
208
1188
91
741
495
153
606
1216
234
1149
737
150
1155
1101
814
561
1150
318
349
1165
47
631
502
387
1184
359
501
752
734
132
965
637
555
1270
138
1126
751
1100
75
1262
221
308
253
846
1018
390
945
609
872
1266
494
376
733
289
718
858
670
1086
1010
888
1145
568
1089
13
173
274
982
98
803
130
621
363
394
328
554
914
195
282
566
1171
1077
582
431
411
944
966
848
250
344
1039
695
765
352
617
409
284
30
1091
576
728
115
259
959
36
1133
254
759
998
750
170
877
460
1001
496
833
233
225
420
1129
179
157
1071
1146
61
435
958
397
478
204
1083
1140
865
946
1204
346
263
5
1136
135
382
214
869
412
451
111
472
310
581
809
875
904
50
1174
436
912
527
705
480
817
319
357
33
489
459
939
31
388
211
184
896
911
1135
1013
213
384
452
757
102
826
1128
936
1098
841
1116
1244
121
716
1075
196
629
133
1151
320
1102
680
952
1076
601
423
745
143
492
827
57
312
40
463
773
484
23
329
1263
663
879
70
1260
698
149
53
685
1025
547
984
1061
697
1078
129
785
625
804
598
777
187
1090
622
1227
273
66
548
649
624
337
1207
755
171
317
820
938
466
21
596
1033
1152
702
726
64
844
1249
908
641
941
898
403
918
666
356
828
526
186
169
731
1147
378
956
468
3
497
200
220
815
831
281
603
1093
1268
19
919
550
417
812
509
682
742
418
1223
891
12
1205
488
1277
1230
909
1206
309
518
850
1201
591
82
642
983
1112
889
771
1049
806
1159
988
1259
372
1214
610
882
688
455
948
54
1224
657
1037
590
600
353
158
1202
269
743
145
1235
97
991
1111
1022
35
533
399
125
1125
1005
103
793
769
1103
635
1040
507
976
209
1278
1239
1228
473
842
1038
753
636
400
1190
1095
226
486
227
703
930
42
1248
48
644
25
811
563
430
931
482
852
559
43
99
15
476
443
201
421
386
389
572
1021
283
1059
1234
1138
374
229
266
810
1221
678
818
1052
290
1183
1065
719
1024
127
326
618
862
522
789
81
1211
1218
648
217
864
923
475
899
249
1097
740
860
884
934
366
650
732
800
210
1177
824
10
796
456
1280
140
1173
585
65
1276
1254
72
49
55
1114
729
537
1261
62
627
693
231
109
101
1186
524
1023
794
154
1250
1210
1099
192
890
798
836
786
861
519
1226
1123
218
152
1267
191
481
684
967
189
134
717
37
892
782
180
849
1264
696
381
248
280
56
935
802
464
639
165
1162
612
562
821
34
980
1004
256
652
589
38
1273
300
295
434
1110
1068
470
1241
183
264
1
926
973
446
708
970
251
1064
774
748
9
1015
46
59
1252
916
424
511
579
265
1142
85
513
937
322
1198
529
1084
714
838
723
510
675
1057
331
544
1115
383
297
364
332
1053
7
1157
808
951
538
974
1256
619
673
474
1035
358
257
837
1042
1240
1034
671
375
758
113
315
84
235
902
781
1144
1229
962
86
553
471
160
730
761
448
520
1014
638
887
1196
763
79
1080
614
373
275
237
822
979
1120
1258
11
262
44
1027
362
645
883
540
656
901
825
1079
1058
1016
96
570
969
8
294
687
575
1185
536
342
1219
997
485
314
228
922
878
268
886
441
333
247
525
148
340
1002
643
4
756
924
571
665
754
851
863
1225
336
1119
276
964
277
197
928
1072
360
1087
819
1069
380
498
505
408
1036
26
556
516
834
93
1265
449
594
139
503
530
1274
1030
110
611
206
669
662
830
1000
80
1043
144
784
1154
1044
343
925
584
577
910
219
977
736
975
986
377
780
599
1194
1170
1048
1130
593
100
767
1192
534
993
943
506
700
151
1158
586
707
199
1213
691
947
1272
620
321
114
1060
87
981
604
278
188
528
1169
1003
1176
1031
194
439
271
523
694
856
63
512
462
1178
539
776
628
193
1006
341
427
1222
690
713
990
433
787
792
244
178
1122
605
855
738
447
764
1238
1046
1017
613
361
655
770
164
747
90
493
646
440
396
583
917
198
202
1233
60
327
159
971
261
1175
120
73
681
1153
885
933
52
453
1118
1141
405
41
1236
514
701
71
640
1113
334
108
83
131
597
1275
176
1124
1217
76
760
1166
913
407
181
371
873
1156
565
1073
840
118
1161
1255
167
267
616
88
871
661
558
414
1257
801
1247
1243
1215
483
1164
142
89
557
894
1028
1131
1062
677
897
859
1279
940
398
807
857
664
392
1081
704
1074
1200
422
311
117
1012
1134
680
717
393
727
936
330
80
455
958
875
130
977
753
94
620
75
367
317
60
934
1075
344
120
3
328
146
520
498
195
271
51
426
745
676
995
579
557
441
645
842
974
748
1048
1113
667
1078
1060
1134
715
253
52
1161
1247
720
229
311
836
695
331
21
1097
1271
1027
1219
829
219
604
152
184
1036
1245
400
876
872
828
786
1040
962
516
610
1064
412
233
999
788
221
660
88
699
1118
1108
286
430
270
54
755
200
946
622
1260
550
63
1069
1152
909
138
650
1270
815
142
662
751
856
150
1122
939
847
1214
675
1204
1177
244
566
374
824
594
969
1090
1205
354
1233
448
265
693
224
1190
984
596
867
1041
32
269
681
163
475
1110
659
6
543
1020
536
704
782
24
10
1149
99
466
750
798
532
78
1059
1156
42
350
914
1240
282
357
1052
794
217
737
558
1269
642
1083
1257
529
451
401
295
193
957
627
439
181
1141
515
1077
178
373
678
408
458
397
340
562
26
801
431
583
133
468
915
896
381
210
521
643
170
104
757
326
445
1081
110
910
1004
1100
792
593
655
564
821
161
823
967
20
848
22
767
33
223
933
722
8
1019
308
713
838
556
1121
549
514
832
1091
436
215
880
332
419
573
612
724
1189
201
652
924
407
29
49
1015
61
333
227
380
531
268
1194
277
1263
235
608
925
182
348
139
323
545
744
1202
932
742
325
996
621
46
1031
906
134
123
770
249
335
1236
196
683
1181
1259
158
309
307
1042
953
900
315
119
1223
4
1145
69
256
1243
1050
789
1239
705
1159
278
603
467
616
48
490
1215
481
1278
345
1076
1168
1248
36
19
982
687
837
769
1047
83
1089
248
877
157
1253
360
506
625
1242
930
461
1238
901
729
485
310
86
1167
749
482
510
129
474
747
1264
435
923
177
1079
998
131
287
731
633
1088
983
905
1129
1115
1235
635
653
1255
113
780
979
904
259
1249
1228
1008
225
797
708
701
777
386
179
772
1206
710
1220
64
361
598
1191
103
1038
477
1037
559
929
507
571
1237
290
743
105
768
859
191
320
963
1218
1209
35
9
365
613
58
895
116
371
280
993
319
404
16
1046
1195
272
508
338
873
657
411
1196
576
528
505
890
1186
180
738
702
666
1201
541
1165
669
1188
456
465
878
1010
460
1057
169
174
893
1261
92
1183
394
1085
846
685
542
628
519
790
988
192
617
810
162
1054
297
599
305
245
418
425
1006
1070
725
322
434
718
1012
1153
732
402
574
945
802
1267
547
664
567
237
762
443
940
438
257
148
285
327
382
582
943
1180
399
232
641
881
247
463
1277
916
1035
763
1157
791
353
77
185
869
413
242
814
682
758
694
329
202
302
1221
1124
11
611
1217
677
973
721
709
395
383
926
246
597
53
706
537
665
975
866
364
304
375
262
852
71
283
548
527
854
534
403
971
1026
1210
649
1068
414
803
204
553
73
189
376
500
91
976
1084
446
479
845
495
658
1208
7
1178
59
1151
580
370
756
673
359
126
1166
260
44
2
686
230
1039
291
111
433
175
1073
449
363
154
1256
206
1101
1198
1265
907
522
1230
1139
595
913
911
454
1144
1150
935
128
990
1095
144
689
102
1114
1072
651
281
944
107
343
18
870
839
298
922
45
569
155
1275
1102
1053
379
862
609
415
87
833
860
392
203
117
1171
122
440
1182
912
462
646
389
884
473
509
442
1176
5
337
312
826
101
288
368
1272
254
938
183
937
351
273
538
994
388
970
584
530
1199
1227
324
961
908
398
366
267
336
927
949
1067
1244
1105
209
942
1137
168
834
1212
688
1106
572
819
752
920
830
781
723
1170
74
1274
1174
864
903
355
707
1160
255
951
518
1063
850
501
1143
427
978
447
607
79
1117
28
478
1028
276
899
334
188
696
34
835
136
43
406
121
108
1025
1111
1279
66
1231
817
950
1222
38
952
517
887
931
775
987
808
1045
1103
740
211
555
1251
205
778
275
1136
292
56
141
470
236
234
1266
989
898
1280
396
779
825
857
919
423
1001
1193
356
796
231
670
349
153
243
1276
1094
714
137
785
1002
424
1009
220
991
634
279
1148
410
429
194
589
57
760
1142
143
1086
544
480
85
712
176
1109
471
1116
691
1250
472
972
132
362
1005
851
1241
766
512
106
226
849
719
1099
1211
700
264
581
672
89
1033
1013
1016
968
115
421
1268
728
746
1162
698
39
1232
966
149
1216
606
871
483
82
626
1007
96
917
294
882
631
630
316
40
127
578
1000
378
1164
452
1096
241
771
100
955
623
306
822
1130
208
347
186
1252
739
1234
565
986
12
214
807
668
985
535
1018
703
76
147
499
166
428
697
560
1032
618
840
639
377
804
956
250
1138
156
959
897
289
1071
218
47
818
1023
489
1014
293
84
795
432
15
151
1184
173
1125
159
1092
109
444
831
592
524
948
112
1169
321
409
13
533
318
1185
1173
1229
671
941
827
252
561
459
450
494
656
947
764
140
240
918
637
879
261
1029
619
1043
716
894
1055
551
513
997
1155
523
342
31
314
352
391
812
37
1200
1175
1017
954
207
853
874
863
640
167
526
563
238
30
1158
783
902
552
165
372
1112
1154
258
679
858
960
674
469
190
568
644
1021
301
303
1030
97
730
1203
1246
647
800
843
638
980
65
1163
416
1133
883
1074
453
476
605
263
741
25
734
629
588
488
118
114
809
390
493
1213
754
1224
274
692
503
492
615
844
1066
1179
496
341
1
554
965
632
486
1207
539
27
405
98
62
216
661
774
387
759
591
1140
358
861
546
1044
590
1049
601
992
50
1127
1087
1132
784
805
624
135
239
187
251
776
17
865
1065
726
1003
663
1225
68
171
72
735
1098
892
1273
1119
889
1080
855
1197
1258
811
1131
487
172
765
1061
1135
296
816
577
813
1093
1024
888
1058
540
885
1011
1056
67
928
511
981
711
1147
93
886
841
222
124
464
90
1126
23
212
385
14
1226
497
95
868
1062
41
736
964
525
164
422
369
125
1107
614
787
81
793
313
198
636
491
437
570
145
602
648
585
733
1120
799
684
70
300
1192
586
160
761
1128
1104
1187
1034
457
484
1146
806
773
921
228
384
654
504
197
690
55
1022
266
199
213
502
1051
1123
299
1082
1262
339
587
1172
420
284
820
600
1254
891
417
346
575
1008
700
688
216
582
1111
596
590
1254
960
1073
172
513
881
358
870
1261
331
85
1255
1264
792
624
1126
1199
922
831
626
813
372
847
648
623
970
1068
4
1210
572
328
206
676
1158
1200
924
477
597
1005
1163
133
546
999
164
915
788
145
53
167
1223
1216
1081
325
961
485
14
794
846
280
83
245
1221
26
1214
313
980
271
727
737
345
70
279
202
1272
381
554
910
197
320
580
362
211
497
507
1025
319
906
491
951
1007
672
499
387
39
1079
571
854
577
520
232
300
12
386
1075
1137
410
579
467
1152
882
848
1130
1077
593
278
496
1256
749
227
366
212
701
821
244
261
707
902
616
1069
123
340
858
697
673
875
859
25
686
1159
1045
1180
147
1151
565
567
253
763
687
379
841
392
421
1262
691
64
1194
189
670
455
947
1024
1002
367
649
254
751
1230
1078
49
981
168
868
662
256
529
19
117
1103
742
524
90
125
865
407
832
314
445
1053
398
935
190
148
380
1213
59
1153
949
528
451
299
583
574
396
532
888
1234
226
1067
435
1076
519
1172
599
220
262
705
653
329
1098
706
1087
717
890
720
736
224
641
764
539
647
1105
1038
1031
880
409
518
1228
158
1093
277
863
270
1160
257
652
712
1089
789
659
98
129
132
20
765
1015
1088
937
628
1156
901
755
382
31
159
1006
1229
711
150
757
397
566
453
1242
472
401
948
153
470
93
1218
799
431
675
775
71
238
411
1074
1003
415
1150
305
489
403
416
1084
991
620
768
622
198
180
1094
364
1260
239
1169
106
667
252
2
1279
17
1248
748
576
523
50
84
979
811
169
759
378
208
95
812
108
112
857
48
1278
173
874
738
1017
230
419
723
310
369
710
60
992
897
1113
844
669
493
42
512
494
55
1178
1012
433
24
861
233
188
860
18
1080
601
522
807
594
584
27
1060
461
908
183
318
1013
348
33
930
1036
916
972
3
5
68
126
793
517
1062
1238
138
97
500
474
829
884
617
418
1119
1058
689
88
1183
295
600
835
306
266
1048
602
298
1004
684
391
91
339
317
135
16
585
1148
994
1274
621
694
46
490
424
423
165
776
883
481
965
430
919
824
914
259
192
660
945
783
475
218
761
344
1198
323
978
753
324
514
591
531
997
632
6
856
237
733
1115
1181
879
894
1102
766
636
904
51
954
782
989
347
1195
213
690
702
895
265
606
179
492
162
346
810
479
1193
598
1138
1267
618
215
127
1188
569
86
1240
1100
896
122
886
1026
1177
873
817
555
326
527
855
61
1032
735
131
1011
241
258
732
343
506
655
537
851
658
1066
767
1139
1141
309
1107
269
671
82
32
750
440
284
709
800
444
394
37
1144
92
934
556
273
1108
1235
995
986
222
611
923
351
828
460
505
730
1110
771
1167
289
1086
521
664
365
661
933
964
109
963
449
998
822
1101
549
210
404
754
1035
905
303
570
124
1128
502
66
976
1179
260
414
121
308
374
1273
58
1120
1245
199
438
332
292
543
893
525
681
495
619
645
473
282
1219
657
249
1023
44
288
804
806
1271
1166
741
786
393
725
236
1091
952
944
315
536
1205
1096
446
1042
450
370
1217
1253
900
634
1225
885
335
864
205
743
290
156
214
275
588
801
849
1063
63
1129
1187
640
389
630
371
291
243
785
13
412
468
674
969
1109
486
361
1034
302
1215
1191
797
604
614
936
201
76
592
1133
57
1116
484
1280
1162
426
990
975
504
1146
639
609
1258
1142
729
1206
143
1027
1118
182
47
852
892
1052
816
912
1019
363
488
921
337
181
376
780
359
587
251
550
30
1211
612
1226
589
982
321
458
1016
311
406
791
603
724
798
480
141
1269
137
595
1114
429
456
274
1237
231
929
853
953
784
353
1085
1190
708
8
781
75
642
629
174
1136
560
155
439
760
247
1061
561
1071
911
193
1143
177
1189
1168
221
1001
715
1037
843
352
432
718
107
29
840
1236
408
1173
714
826
552
1263
1072
558
1009
1175
1224
668
263
1174
839
427
466
1185
721
186
7
166
1277
1207
818
608
442
1220
130
787
219
942
28
716
160
548
734
877
803
350
899
557
1112
422
402
413
191
913
769
696
578
654
223
454
448
1246
1051
281
81
459
1057
235
542
41
1135
1140
52
1047
955
54
511
927
823
932
341
581
73
452
1170
102
985
940
631
286
796
692
967
1014
820
1040
586
834
939
111
508
217
1132
356
1259
509
478
296
871
762
187
698
99
268
465
643
1000
149
464
526
154
1212
1192
1184
808
307
1059
195
535
993
1232
43
196
941
756
920
113
151
1064
161
728
510
342
255
38
516
23
1065
1082
1134
678
22
931
136
301
996
400
938
564
607
646
1249
1125
77
752
988
9
778
35
633
1
120
228
119
777
745
1203
355
240
635
563
94
758
613
384
984
443
457
338
204
194
72
1157
878
928
889
731
1243
1117
1239
69
110
625
925
1131
1182
1257
501
264
390
695
553
605
304
203
436
795
1092
15
651
1247
551
773
918
368
134
1154
815
1010
534
772
665
891
950
837
312
1196
1147
103
144
1055
142
139
498
1104
666
971
541
1231
242
547
1030
487
425
471
836
330
333
1041
1106
21
34
1270
322
802
336
726
1186
568
115
1044
1145
1244
428
185
234
876
146
447
1201
1095
977
907
610
469
805
683
297
483
80
294
56
956
118
1222
170
1149
650
974
1049
538
482
36
327
104
152
89
973
383
285
962
45
869
533
184
377
644
719
1164
373
562
78
872
850
1227
1123
1020
357
699
1252
713
722
10
559
96
1122
225
544
105
903
830
417
943
316
140
1233
79
229
1268
11
276
515
420
267
1197
1276
200
959
334
957
209
638
101
739
627
1209
983
530
67
87
114
74
838
1275
503
909
1056
1033
349
171
703
65
395
842
1250
866
1121
825
1028
437
128
637
1161
540
283
1039
476
790
867
747
1090
917
385
1070
827
575
1029
656
1018
862
1046
887
246
968
1202
966
1265
405
287
272
1083
1022
178
1050
1099
1165
845
680
958
685
100
770
693
399
987
40
293
833
157
573
779
946
1043
1155
62
463
1204
746
441
809
1124
116
360
898
1208
207
434
163
388
462
176
375
663
354
926
1171
679
545
740
814
250
615
175
1241
1097
1054
1176
682
248
1127
1021
744
819
677
1251
774
704
1266
1138
1104
1027
192
454
1178
766
590
1244
782
1198
1141
771
749
115
608
504
1059
109
1068
1271
257
44
565
457
254
885
1179
606
991
518
1270
912
1166
724
50
857
1107
598
414
380
1001
799
260
896
368
784
1227
942
100
330
1212
266
874
361
705
725
423
1064
1262
1097
204
826
651
1142
639
1214
293
697
603
481
369
790
807
1145
152
89
579
112
245
1113
273
691
1117
880
202
923
684
788
120
630
804
986
1184
440
1003
316
22
944
1265
299
1085
391
324
845
1057
954
352
656
354
64
1126
172
1013
659
876
252
980
449
43
1067
773
432
982
864
850
623
383
164
895
537
1005
300
586
525
222
1174
578
711
619
1213
916
111
1143
42
176
1240
722
762
1093
246
1232
353
207
30
155
178
882
853
726
429
1000
522
139
650
279
325
1004
1234
503
510
689
92
309
463
262
686
171
861
936
284
597
228
698
362
428
285
806
588
439
1054
382
118
379
667
1228
1241
1251
188
657
1132
661
489
535
386
1215
985
195
438
1053
397
679
585
448
780
313
625
34
1218
225
140
731
296
385
398
483
918
757
331
1190
1045
1033
1236
739
555
113
49
846
640
925
616
664
913
476
888
706
230
541
1257
54
867
694
989
721
53
596
993
968
511
756
1081
1155
786
121
301
832
1239
964
1087
1273
78
434
11
453
1007
618
1266
1083
33
862
556
366
335
459
1181
699
420
544
789
592
278
899
492
928
729
1128
184
1060
1006
1223
404
21
715
9
1088
1026
1153
871
543
71
373
811
1058
200
859
119
1246
461
468
658
76
919
551
499
179
480
515
143
1095
307
198
1061
1047
635
433
649
77
271
745
472
1156
490
150
778
765
977
1196
4
462
345
170
842
997
837
487
149
303
781
943
1255
670
190
351
23
831
144
39
988
1226
965
767
1090
1078
612
62
12
602
1022
1191
349
1187
187
502
1253
305
392
758
477
422
708
1100
907
451
848
748
557
418
435
1250
854
734
533
743
1222
983
1092
1046
527
798
494
1150
962
927
191
221
126
733
1018
274
1101
1162
1172
1238
847
897
174
501
643
206
948
1025
464
1259
185
35
5
87
976
917
567
836
294
124
747
90
410
1044
1258
645
1249
1147
297
91
935
312
738
136
259
1163
130
337
1127
1015
148
1149
427
163
1185
412
1199
1069
687
1063
46
559
456
730
576
147
1182
133
7
365
421
1154
981
755
1186
728
514
1206
1263
132
1089
507
561
810
805
563
253
1099
1252
915
3
802
1
199
1009
946
818
783
1272
66
31
1106
905
865
1134
371
545
549
475
101
70
1116
95
59
1041
548
444
1070
872
166
180
526
877
94
38
1071
1231
683
953
849
752
742
1146
583
47
1002
74
1203
134
591
326
614
994
1158
68
238
288
572
939
24
97
860
1170
37
408
904
1109
268
906
416
267
233
125
341
1183
655
194
311
987
908
235
20
283
1121
469
1175
315
984
1207
1112
668
25
1261
1180
1202
338
52
123
156
250
910
1072
870
122
162
1073
452
1103
447
65
320
329
801
114
117
169
295
1189
973
387
226
8
741
446
893
280
883
898
495
823
73
1237
911
350
276
314
15
154
1139
594
972
584
1096
575
703
244
634
334
1125
570
14
1076
824
680
990
633
718
520
1230
685
641
1225
437
484
1278
760
58
611
996
663
589
159
10
1160
482
13
1075
1279
107
431
1220
1169
647
57
402
197
615
1264
277
1074
1084
409
562
1079
263
75
168
601
900
1082
60
290
1217
851
347
193
673
764
746
777
256
714
127
131
740
1080
48
367
98
79
1235
637
947
201
700
1152
29
736
1260
974
177
961
1274
426
396
407
328
258
978
866
333
1110
255
1200
869
208
103
605
28
403
712
356
595
203
1171
516
950
1144
560
424
215
695
875
374
539
1008
631
582
1135
1037
486
666
302
471
829
970
1195
662
1032
1023
763
1111
844
1193
723
36
239
232
821
1043
342
1098
671
517
1177
231
137
681
1029
613
1021
376
209
479
1268
417
473
1233
450
774
1210
1130
498
1108
642
609
920
240
532
282
1208
82
704
1124
644
677
213
1055
99
1065
1036
581
833
574
1204
1159
401
51
234
229
819
593
344
1194
564
571
1280
852
951
750
491
308
701
249
323
390
509
648
175
958
153
1151
938
901
669
553
265
85
224
41
890
531
577
587
1137
843
460
218
478
674
55
956
600
474
688
868
1148
808
792
624
822
508
959
1224
813
196
719
237
467
892
217
458
181
568
384
1035
129
932
157
1114
713
839
346
702
1243
1040
735
363
1105
1010
881
627
243
530
275
17
61
1131
828
534
800
772
995
500
1209
216
211
497
1115
389
135
189
617
838
979
1164
110
56
399
304
1031
709
1276
707
1012
1091
791
558
653
465
2
830
106
289
291
167
665
536
1176
629
496
1205
969
306
269
998
967
873
550
1267
863
732
628
737
415
1173
825
88
546
1077
210
319
327
96
1211
887
1229
779
63
372
86
690
1030
1017
406
610
357
1056
340
212
1039
321
1016
455
1136
720
682
797
654
146
835
19
775
795
937
1094
223
1168
1269
1245
930
566
183
692
1066
727
886
519
405
1254
768
621
1275
820
108
493
945
359
1120
761
1020
1192
776
992
1221
339
626
966
894
902
1216
80
425
145
547
1248
957
879
1034
165
528
173
1157
573
1167
759
646
1256
236
710
81
138
660
1123
604
488
441
785
840
394
116
247
753
803
1129
787
1086
358
205
858
952
264
1165
934
552
693
1014
884
580
182
485
955
364
1197
72
1242
1038
281
1052
322
1119
933
622
1122
751
272
856
1247
241
317
652
891
298
466
395
513
1049
375
540
769
960
814
903
620
914
632
676
18
827
445
512
924
436
40
812
318
794
1028
521
506
716
67
381
16
214
1062
889
809
248
1188
45
793
841
219
922
419
377
931
1201
505
27
524
834
443
1277
470
1102
332
104
607
370
6
160
816
393
360
1161
105
1219
227
599
1048
672
310
32
929
69
400
523
940
529
815
754
1118
388
1133
1019
717
141
941
336
1051
999
343
569
102
158
186
1011
251
971
909
413
538
638
220
949
636
287
744
348
442
921
292
554
142
261
675
84
26
975
855
430
93
286
678
83
878
1140
1050
542
1024
161
128
926
242
151
963
411
378
770
355
696
817
1042
796
270
202
325
691
1263
345
8
800
899
1096
496
204
1277
699
308
1166
967
657
710
1074
379
525
358
1221
90
14
35
620
1236
170
574
880
443
246
601
356
851
811
1061
1132
250
1204
720
1184
819
604
97
245
71
812
512
749
1024
537
528
1084
161
51
1208
835
1094
197
1207
1280
544
76
607
745
175
476
258
680
557
1223
661
1270
803
259
740
750
1015
946
156
1017
658
748
807
1257
1130
457
1012
209
404
1034
373
1219
166
1135
563
429
882
647
66
213
351
837
847
869
702
656
212
99
567
521
1071
45
214
538
1076
1075
916
1079
531
1234
114
914
501
756
189
199
867
349
294
974
844
135
545
155
1033
1189
1271
790
719
883
941
1022
764
945
184
1268
739
929
1003
228
546
770
635
1063
675
102
564
953
1064
897
1238
958
304
235
898
22
312
1070
832
846
227
249
139
163
395
611
637
754
36
789
436
707
778
729
747
50
1101
117
1106
91
933
548
416
121
980
234
1162
284
580
802
1117
203
589
324
397
766
365
886
628
893
1052
107
796
947
360
852
1099
997
1002
959
328
881
2
1191
724
1198
849
63
239
1040
488
124
660
777
884
4
318
1264
687
106
112
791
392
858
355
1108
1260
5
712
817
216
80
783
89
1118
925
855
1023
976
485
222
42
444
282
765
38
1005
1225
751
111
952
162
1112
1262
448
892
716
955
1237
794
839
616
499
1197
667
663
700
196
253
626
354
231
866
830
1103
187
1146
128
956
421
1185
1211
417
570
965
704
1046
322
439
587
966
53
776
248
437
183
529
132
1120
244
285
146
307
1240
303
402
792
689
313
730
399
697
461
1194
1202
939
61
462
194
169
305
502
597
450
912
497
298
936
30
279
495
220
29
957
535
327
320
1077
255
860
1141
1089
297
1048
609
370
753
1056
706
1107
978
147
553
338
1224
977
1026
971
62
335
722
1009
1178
126
192
28
1239
26
524
1218
1160
708
582
1086
103
226
1174
649
935
1047
32
341
273
569
375
932
81
1155
381
454
333
1029
1058
219
662
257
1066
841
134
1244
174
516
473
664
95
256
676
632
287
266
1158
1119
1205
693
533
1121
306
449
903
158
1261
868
767
772
1011
207
33
483
323
1231
1168
1229
836
1054
768
987
737
458
359
801
378
18
300
960
178
468
118
1216
1180
926
784
261
896
1172
475
1258
681
101
870
685
469
717
144
1279
577
1222
451
1188
623
752
621
191
1041
1253
340
425
286
1152
713
386
668
342
1115
645
464
1039
1126
445
834
523
326
876
809
760
321
67
638
630
614
1085
705
690
761
678
283
164
878
262
993
1245
603
572
37
217
211
1087
540
821
1249
774
805
1186
845
484
1170
419
143
1150
180
827
302
43
831
72
511
1196
954
759
46
1233
1006
875
21
427
874
150
1154
479
1265
309
782
84
466
289
415
944
1139
1250
334
393
659
828
904
401
813
470
798
584
670
728
644
474
652
613
885
714
299
171
56
1267
430
920
1153
738
1129
230
339
1147
301
503
1246
374
949
856
482
129
47
509
19
12
260
398
362
85
999
467
383
672
727
278
291
368
440
361
115
950
1165
389
332
973
142
829
1274
848
921
387
1214
928
70
822
998
181
394
887
1278
1032
995
833
549
195
290
319
20
763
578
7
1213
13
372
498
403
1028
857
1144
674
408
555
1110
200
617
376
588
741
922
486
1127
692
1230
806
864
816
639
438
554
769
640
411
665
989
595
453
725
733
123
413
1254
54
648
182
148
405
1055
541
924
225
1138
1209
682
1020
364
1248
508
591
1001
1080
1090
797
873
224
1125
160
515
840
1252
17
388
172
352
329
602
269
696
808
655
964
1192
726
517
493
1043
1124
478
795
82
612
744
64
919
346
994
1171
420
447
996
52
838
456
552
185
418
810
908
186
241
1217
872
1275
434
863
295
215
651
263
131
400
1123
711
201
149
1212
1044
492
927
68
433
127
709
755
506
918
265
1242
818
348
1105
40
435
734
238
94
1113
694
905
113
773
426
455
1133
1210
1065
23
133
619
223
96
136
311
1004
57
237
573
504
243
1220
1068
442
264
274
367
1149
585
141
382
1008
236
208
409
561
742
1035
1206
906
24
888
34
424
1059
55
583
879
735
1266
636
233
586
336
862
116
276
1273
1104
140
481
721
125
923
1025
280
431
48
268
985
1199
815
3
1215
423
206
1227
550
771
1036
526
350
60
1098
969
536
1228
1014
701
703
471
1097
247
1092
1057
92
154
820
331
1173
330
1226
608
731
981
78
850
562
173
1013
315
948
407
793
391
677
472
1241
44
654
542
1134
684
390
963
757
1073
1016
746
122
380
642
575
625
983
785
267
1007
842
624
254
1027
385
514
824
25
15
606
193
205
79
568
683
890
775
826
130
16
39
87
31
69
179
77
1201
1259
489
631
109
6
1010
494
296
641
970
1177
93
1128
865
1167
65
986
463
105
232
73
843
396
1256
579
1136
347
1114
522
314
984
110
1140
594
972
715
1181
938
441
510
547
1269
27
293
992
1053
982
1091
507
900
58
119
1050
251
218
292
565
1193
968
153
1182
221
814
369
240
210
316
943
901
357
198
1031
177
930
854
629
1276
1060
505
1116
490
157
931
571
41
252
138
145
229
519
743
527
592
566
1000
1021
1187
353
1169
853
75
1176
406
1151
634
990
59
942
934
188
384
414
962
539
272
1095
787
937
410
1078
151
363
1235
98
520
889
1100
915
1156
1272
1
11
1179
596
622
1200
979
975
10
165
343
452
1164
762
653
534
615
371
190
270
799
1157
1042
465
1019
758
688
633
176
1018
108
1145
917
877
104
940
895
698
556
786
1093
804
581
518
1083
310
686
275
159
559
590
718
1148
643
491
366
120
988
1247
412
823
1102
500
859
1088
902
1190
1069
600
1049
446
951
1030
1081
781
894
460
627
679
337
1137
605
909
910
288
167
49
1161
1109
695
242
422
1131
168
317
560
1072
459
1232
598
432
646
650
913
100
137
618
1175
530
861
1251
1111
736
1163
344
1159
152
9
377
271
487
991
532
1045
543
825
1038
1062
610
666
86
480
788
780
1243
593
907
83
1051
1067
871
1082
88
1037
477
558
891
671
1203
1195
1143
1122
1255
961
513
673
428
599
551
669
74
779
1142
281
732
723
576
911
1183
277
965
697
808
425
794
92
712
576
432
985
111
526
802
179
1167
935
335
1222
643
1212
47
15
969
200
1055
1262
605
315
265
647
525
716
732
325
377
410
310
620
1022
9
1031
63
988
398
43
602
617
604
575
1056
681
507
486
392
383
1151
115
509
1071
395
926
862
634
866
819
352
788
722
1027
782
590
501
1057
178
298
388
1270
843
613
249
827
1146
1103
472
167
98
495
1058
48
145
615
417
248
750
571
284
951
579
287
31
386
1007
1059
1126
1088
846
816
345
899
942
961
1069
677
229
892
698
170
41
1180
1061
900
14
1083
591
120
1028
629
1177
807
32
1251
707
793
1248
1045
247
1169
632
424
346
296
261
911
37
1021
659
183
1106
244
363
738
1015
1196
403
160
1193
831
888
685
4
437
636
936
858
702
890
742
832
665
1087
618
555
194
476
1124
408
705
755
569
254
455
786
758
258
1032
154
1210
56
328
113
963
905
42
404
1236
1181
806
1275
874
725
1013
871
925
67
1123
1249
1250
769
34
822
272
1082
288
1154
978
860
883
568
336
954
163
406
228
1201
79
125
443
474
290
439
570
928
419
497
241
683
1234
418
68
232
773
119
630
881
1226
184
523
99
708
1033
312
121
795
488
980
1224
631
1104
546
458
997
898
791
953
735
379
1023
1143
610
1127
422
1046
996
143
413
792
531
550
1026
920
676
1065
304
1070
737
365
17
1077
535
1138
957
803
30
195
435
60
1245
909
670
992
1038
560
409
1235
743
616
389
723
638
208
1090
226
51
210
491
8
774
528
399
21
691
78
237
927
1121
598
233
1279
89
387
548
1239
933
783
1271
463
506
1231
612
956
929
1039
814
33
431
1207
1024
679
10
1225
353
644
77
778
1268
182
279
1257
112
44
1137
1012
977
1135
429
815
480
882
746
1044
622
484
333
1139
960
364
1182
854
952
460
348
542
626
867
810
289
813
955
372
833
103
818
787
150
763
71
641
1274
1014
400
1094
823
230
747
582
55
1118
1110
1166
323
165
339
1185
959
1052
1153
5
1079
231
502
1233
524
196
396
1195
1176
1211
314
139
1178
1191
129
668
181
1243
820
347
656
303
700
197
580
805
305
414
1276
847
190
300
872
65
252
864
337
1156
734
943
675
637
1081
322
427
499
515
1029
134
715
1241
481
494
982
706
385
35
768
1010
1086
61
122
600
313
25
468
311
572
156
834
801
731
719
341
1019
748
916
1040
185
939
142
144
574
549
840
730
914
203
271
649
1159
158
1157
1255
1216
262
308
73
1001
405
924
672
975
593
595
20
987
760
907
1136
358
127
990
366
1113
599
1003
749
563
70
75
623
1006
1246
724
541
12
428
146
989
135
720
1141
107
981
26
461
319
253
790
116
1075
224
804
812
459
270
66
1152
917
1114
344
606
800
1175
713
213
511
505
72
250
1062
522
260
306
865
1263
53
88
467
1051
162
39
1018
330
242
857
553
552
1160
451
138
686
876
1244
1280
839
446
845
236
274
492
1092
1273
269
669
442
532
477
434
1208
286
581
967
95
367
157
1264
350
1072
430
148
1122
545
1095
1064
489
994
202
562
650
756
974
201
1228
87
371
856
402
297
164
958
384
879
307
22
1049
824
757
438
721
688
482
654
40
465
537
256
191
357
355
1272
334
1005
825
1227
108
976
848
547
878
277
1205
789
841
1197
130
1269
973
118
1253
714
652
1099
340
206
1184
540
1174
1189
1142
639
945
161
559
426
50
508
215
220
699
449
207
1188
1260
588
640
211
1256
1237
1115
517
1074
853
479
351
421
703
519
69
370
680
678
1053
662
986
1240
222
280
490
567
1206
91
842
797
1129
415
64
110
360
221
1076
96
894
849
54
140
1258
496
701
80
932
931
1144
268
235
767
674
416
85
709
503
1199
885
16
81
378
558
1117
212
923
660
1148
1247
168
534
456
327
374
692
1278
1043
278
886
498
1080
689
320
666
169
587
1054
485
799
655
1220
1238
937
759
175
906
1198
796
753
972
93
624
255
852
577
835
1009
1163
1125
1221
851
321
155
964
132
49
695
583
294
717
317
1078
1068
1173
7
423
199
585
1130
718
1252
462
619
518
117
36
514
1048
1140
316
594
913
904
1162
736
147
324
373
1266
500
922
761
1218
1020
225
469
762
124
950
565
970
240
838
1011
1229
908
153
151
771
128
114
1190
444
189
811
19
62
97
1265
1
896
239
397
3
149
554
1242
412
684
1002
948
302
573
1214
276
257
887
651
999
136
776
1111
217
557
291
29
177
711
1084
76
687
1047
192
868
1102
693
1105
664
11
457
342
1097
1133
1200
309
1000
870
578
18
214
445
470
487
90
173
830
45
362
187
1116
219
1120
863
671
663
772
861
1091
940
765
227
1203
24
1202
338
141
1108
642
126
1164
733
564
375
850
855
452
216
2
971
837
628
369
1186
166
354
450
473
884
1230
934
101
551
1145
752
601
817
23
529
1194
826
245
1100
921
608
1093
603
809
209
1134
295
530
1215
984
1119
516
84
543
527
243
1132
1254
391
745
1096
584
1165
1213
1017
299
1112
539
105
912
1217
995
1183
780
301
106
180
764
475
318
401
1030
538
447
448
186
1085
1050
607
597
646
1277
478
368
859
880
828
744
1008
171
836
382
895
1179
727
946
533
1128
875
293
947
779
621
694
784
1204
1150
740
420
104
275
1098
172
821
611
741
1223
1170
380
1172
6
281
198
376
704
246
263
512
273
661
464
918
729
1155
893
777
1041
1187
100
251
781
292
983
979
919
436
561
962
991
658
38
941
86
133
998
966
411
915
1089
74
52
873
1161
259
453
28
682
521
938
891
667
775
471
520
633
635
1158
466
1259
109
1168
1232
152
1219
349
844
493
204
625
267
433
282
877
869
710
513
82
728
57
381
193
394
586
829
123
645
903
331
390
609
968
1192
174
510
483
329
102
46
356
326
361
798
739
407
266
441
949
285
751
1101
1073
13
1034
1036
556
283
785
94
1063
454
930
690
264
1171
58
83
1042
1037
897
673
159
901
592
223
944
359
1060
1131
902
218
440
648
627
393
614
696
1067
536
332
238
889
1149
993
754
770
1107
657
504
1016
653
343
1261
1004
27
766
188
1025
726
544
1147
59
566
589
1209
205
234
1267
1109
137
596
910
176
131
1035
1066
