1143
1109
1487
1032
197
459
1183
771
1610
1976
595
1249
1630
1293
787
1203
1146
1781
776
754
1489
120
613
509
1064
114
1073
1276
262
49
570
462
259
890
1184
1984
1593
611
996
523
1275
917
1942
1171
729
55
1995
862
1112
603
419
385
1006
804
265
901
373
1664
1810
789
1232
1643
1375
947
1299
105
1320
335
1905
1217
271
879
1455
1859
366
710
1728
1531
1886
730
428
1641
1069
1267
1102
209
831
656
1147
644
1219
298
702
608
486
374
1535
2005
795
1889
1382
812
1150
157
94
1530
1356
584
117
1797
250
2034
1118
1822
278
1813
696
1446
1122
885
1336
207
928
689
793
1482
125
635
809
1829
991
1361
1892
1189
2030
1460
1761
445
1008
321
1543
27
949
1270
304
1090
1965
396
329
1842
850
1062
959
357
1946
661
359
69
1131
1544
177
1018
664
881
2025
257
2035
985
454
1441
48
1072
1943
778
2033
437
987
869
855
628
1742
388
169
900
1494
1689
542
1010
1658
305
1451
591
1848
1714
530
227
1932
1351
1179
1498
1636
583
716
1987
624
1941
1218
1497
921
1384
1852
116
1148
1806
47
181
1330
1245
1499
727
767
1823
1098
251
1237
1816
1399
358
212
1786
35
160
2041
183
887
858
1474
731
1484
434
1634
1005
1579
527
1420
1830
144
655
1440
284
2004
330
1009
1239
508
515
1469
2024
694
97
1513
1831
1920
314
468
267
1960
1387
691
176
866
1849
941
289
602
233
703
367
433
1589
290
1520
811
1307
593
1597
444
1512
1534
1424
1448
1059
387
1680
1896
1922
2039
123
1321
384
1721
1992
672
2014
1233
2032
1246
1256
193
662
1335
1137
1402
666
494
540
1376
391
1833
1220
1701
1406
990
1519
200
1569
1865
443
1058
402
1488
684
590
1874
1609
1682
453
785
318
630
39
1650
1223
1913
230
1392
145
736
1645
301
390
403
488
1613
923
762
336
1195
1287
1050
1038
2009
1241
744
560
118
1348
54
1524
1773
1409
1945
851
645
1289
930
621
1603
669
918
1972
1391
1397
481
893
711
235
1677
546
1262
1640
59
872
699
994
726
1290
58
601
1997
998
973
516
1501
1365
1374
761
1086
1160
791
126
306
1770
837
1507
1244
969
1327
1729
1092
1278
83
439
16
1567
458
1012
623
1323
1271
2036
1396
1088
38
867
1447
561
371
1733
340
464
2001
1186
704
425
549
794
597
283
1901
1784
904
497
1952
1948
933
1985
734
1481
1538
1911
1639
1133
1516
189
1065
1011
1228
4
409
1472
26
720
1413
1706
1702
14
1855
1093
1989
1031
1607
1158
876
1724
548
1872
76
378
1338
816
1533
1063
205
1722
864
124
1468
1251
1814
466
3
473
663
1417
81
924
556
504
1529
184
1570
485
520
1431
148
1100
1592
312
203
1066
1588
1687
1052
640
438
654
82
276
1974
750
477
1598
2015
1161
1684
495
155
783
1982
1746
770
982
1201
1346
1747
1479
1454
9
467
1590
1787
350
175
1882
1735
1782
847
1583
1002
842
1315
492
154
1564
1780
1505
308
1314
786
1820
948
1612
1260
1605
675
1540
195
356
28
836
149
1582
44
993
1231
970
1894
772
1095
1655
2038
1991
1083
617
1432
1838
1623
67
17
607
1027
1347
1620
1196
2007
1411
1477
1313
354
1192
192
507
1258
310
1311
397
763
1809
482
427
713
1105
912
1993
1867
456
853
753
1388
562
423
440
1511
1255
859
739
538
748
1934
1227
988
1317
1626
1097
1558
1051
1854
1660
532
803
1366
499
1155
1666
1739
967
1618
932
196
1504
226
1947
1542
131
738
1419
1023
279
1106
1167
1459
1801
1177
1243
852
902
1758
179
1949
1380
1541
1961
506
1917
1572
1551
648
211
953
1030
469
1978
1818
1264
190
40
10
1591
92
1734
981
922
572
841
1443
299
129
752
95
415
1049
1263
650
1254
1152
302
1492
96
1318
1768
940
1608
317
743
141
264
1168
135
342
1132
1020
153
1154
432
168
1190
417
1204
1074
2022
1743
692
1644
1663
1068
51
564
461
735
581
152
1303
1585
1187
138
1463
1753
1403
12
370
426
1159
986
1546
760
1191
733
519
1760
1966
1386
1211
1268
137
1094
1970
1754
512
2002
566
815
1429
1862
810
1736
568
258
1104
1908
1257
2037
1906
1476
920
1625
8
807
6
204
1710
1571
1014
951
823
1998
788
1671
1277
71
36
1111
910
1953
1627
870
1139
1930
376
1749
550
554
1730
480
106
75
1121
1808
100
1611
64
2045
1606
1046
553
449
1352
1923
1915
1899
1075
877
1990
1975
171
2046
185
531
882
1963
1568
99
43
1076
1449
1547
1236
688
958
854
1888
757
1857
1322
747
1151
588
52
1007
1502
1496
79
1208
139
1825
596
331
619
999
1163
73
243
293
577
944
1769
29
102
865
1704
1175
1428
42
413
1465
909
1587
1328
1114
273
911
421
272
1357
238
130
346
1796
1188
660
2044
199
1331
316
992
913
240
25
288
1126
1306
1712
1435
1764
1594
474
1369
1180
320
1751
1574
1700
989
1212
1117
673
1619
1678
30
1944
1266
1185
1686
1207
1755
343
57
1869
128
161
1955
255
915
2013
1077
1929
875
1759
1937
1898
127
167
1999
1078
1584
457
1456
1341
1108
1715
2023
452
70
325
334
806
119
122
1515
1624
174
300
1194
978
392
1586
1788
231
13
746
1659
451
898
285
888
903
1767
500
1414
828
1332
1794
1304
78
1297
1545
1242
1683
1647
916
1370
1752
355
1668
1957
281
2012
319
20
1563
1576
159
1144
1653
599
977
589
1101
1725
1646
580
708
249
1400
639
339
1130
575
19
1081
1674
1617
829
685
995
1427
1672
1355
638
723
525
1466
1679
1235
690
646
1230
442
489
1283
1834
1480
765
63
616
1575
1001
1604
1305
2048
668
594
164
1863
1292
1298
15
1165
1657
487
18
1080
1783
1688
1959
1284
1693
112
1840
436
1485
1225
1174
652
1902
1661
62
1873
407
2026
202
1771
1977
620
1269
282
1079
5
1089
414
1924
1723
567
1084
268
1839
1925
1696
80
1950
173
1880
606
905
1738
2010
1087
2018
1408
1698
65
1339
295
1933
1222
856
1467
1433
352
1690
1826
1510
198
1967
678
769
751
782
261
719
1649
132
1793
1876
136
745
1085
53
372
1509
103
1445
1800
84
1240
642
952
206
705
1157
1302
34
1673
1457
1637
741
1265
1614
979
1887
1554
182
966
1981
1279
431
401
412
333
1940
263
983
871
338
2011
1115
260
1205
874
1802
213
1778
108
1763
610
1367
1897
33
408
717
2029
1349
361
600
1631
208
1176
521
955
1149
565
429
220
1705
700
880
1732
379
1337
544
1013
636
1741
1837
587
1470
1140
1703
1042
1471
491
1526
671
307
476
834
975
1200
667
1037
1028
1719
768
1116
849
1198
1580
728
1500
1936
1548
41
244
1416
237
1685
826
1048
347
1996
1103
1486
676
522
1182
236
142
1434
686
1034
618
1026
381
214
484
1273
422
1777
478
1353
1238
1718
1412
455
779
1994
2040
1215
1135
1791
1550
503
1113
1633
647
614
925
245
537
287
1325
1720
2019
1213
1523
87
709
1379
1979
1398
1711
1129
649
682
1740
218
1060
104
1070
2
1041
586
838
1308
1418
1904
579
1508
1381
1209
1421
1164
1596
406
56
1342
1522
239
234
824
598
1858
1789
1528
349
1727
1549
1559
1199
1652
1870
1426
1667
569
576
1285
857
956
755
1521
1493
496
313
706
1694
254
1846
328
2027
395
514
653
180
1309
1319
1709
963
158
1156
1340
1868
2020
943
906
674
558
1921
1518
270
90
229
46
1871
1621
895
536
1401
582
592
1561
1142
1425
848
1766
465
2006
223
1410
483
679
1565
60
1716
1333
961
605
1553
479
693
873
1153
813
797
1288
629
827
513
964
1229
818
1708
201
1491
724
242
1835
472
1811
1635
1345
897
222
1821
463
186
573
389
1040
1986
1988
1756
134
1532
937
162
1119
1377
1439
718
1616
1615
1893
2016
844
351
707
1248
1045
740
1363
368
1110
1847
1015
1458
1600
1692
886
632
248
1676
1962
535
280
1757
22
66
1136
833
1329
539
1939
1827
805
777
1000
1969
1675
505
2042
1214
221
216
2031
502
1407
1665
1120
1927
1860
394
1910
140
194
622
843
1552
984
1169
115
1909
61
404
309
1539
1670
1036
714
1281
1799
712
1310
1300
1017
1096
796
1891
563
1478
1490
658
470
1364
7
835
111
1853
294
1968
296
172
1415
1301
670
541
1324
1181
1372
1316
634
501
1210
974
1354
311
1464
274
1362
1003
1774
972
1916
878
1394
1291
555
1272
1779
1581
1926
868
737
633
1378
742
420
1178
1350
830
1748
93
1390
551
1517
1082
1358
215
1681
324
332
101
1216
892
1234
1864
784
68
377
91
1632
695
1035
1022
1807
411
615
362
1061
345
1599
217
1395
1044
326
1879
1021
460
2000
1141
725
687
802
1726
1795
659
151
1832
1312
840
1578
24
780
800
942
1099
228
1792
1173
1343
1404
1274
1536
1503
1577
1250
1850
935
571
188
697
1071
1438
732
1506
891
524
410
1259
773
1654
1525
626
1495
1280
825
1601
113
498
950
364
1642
1125
1483
766
1025
1462
1197
781
997
1914
1226
344
631
971
899
907
1221
85
430
1790
1775
150
1442
552
1253
1856
1326
1537
1423
962
1430
884
1514
1804
2028
1039
1812
170
1877
1851
533
178
1162
1638
1360
578
1172
764
651
1261
241
715
1691
86
143
665
1128
609
493
446
790
1919
1344
845
399
1473
1669
121
252
1699
758
1824
808
1557
1134
792
1091
1695
363
210
863
957
269
1170
1436
1648
939
557
698
1383
1019
1805
889
585
187
1286
490
960
369
1296
1202
77
1881
1247
1043
1907
286
1057
327
1295
1124
1450
1628
1737
2047
1938
938
1819
1900
1656
1475
1555
627
1127
756
277
861
1252
1750
246
322
657
896
303
471
2043
1973
400
1918
1461
518
1054
380
1393
545
774
965
819
908
625
1
919
637
1389
681
23
1983
1841
832
1866
450
1803
517
929
441
1595
1971
45
1560
1444
1844
1875
2003
817
1928
323
1776
1651
799
1033
1405
526
511
721
1697
72
386
21
219
1067
1785
894
814
253
1885
1731
1193
50
798
846
224
927
424
1745
1912
382
936
1964
1622
1206
510
1890
32
529
839
1573
448
1282
1452
1334
475
1107
337
1980
1527
109
612
375
1707
11
165
1453
1602
821
398
365
1166
110
1224
1845
232
604
1744
1883
1053
677
1717
315
37
934
1931
1935
74
405
528
1385
945
1422
1903
534
820
759
1123
393
1138
1024
1815
722
146
946
341
1056
2021
1629
1437
1004
1294
348
1662
1556
1772
1817
574
107
163
191
1828
1016
256
976
914
1895
418
543
1951
643
225
954
641
1371
292
1765
749
353
447
1878
926
297
1368
559
147
266
680
89
31
980
1373
860
435
98
291
1762
683
1843
1956
88
883
1145
1798
1958
1055
547
1029
166
1713
1884
1836
1954
1359
133
931
247
156
968
1566
416
383
775
360
2017
2008
701
822
1861
1047
1562
801
275
1482
1855
1844
1214
500
1325
2012
942
1311
609
1229
1093
949
1502
37
136
628
1043
333
1319
696
1684
514
1452
852
1739
1160
1918
1729
564
532
1486
717
1572
1779
403
1122
832
204
782
2031
1876
1164
311
1952
1042
2002
1233
1249
842
894
927
827
1137
1539
526
458
1548
1800
580
1505
915
560
1119
1134
1821
2034
1121
2006
1966
473
117
1092
1573
1198
1024
1003
909
88
900
1668
48
632
298
369
441
421
56
1026
1588
1911
912
1888
1443
49
1379
1151
1383
261
1336
321
869
1305
1239
1544
1299
1107
445
1871
72
1018
1574
331
1978
444
695
1813
815
517
905
1787
1360
1130
766
1344
1663
1852
1620
989
1851
684
615
1012
1575
565
662
1132
934
765
1267
1088
801
1468
1096
804
548
903
1859
1524
1576
460
1935
1643
1605
1363
1333
862
1416
1459
507
40
1478
1586
1194
746
1865
1409
1215
1939
1970
252
687
558
1697
1872
183
1578
254
1417
531
1600
1108
637
1545
1146
44
2044
1694
494
367
1324
549
1768
1224
1958
249
1310
1765
271
456
1562
372
119
1933
1807
764
1686
74
1149
941
84
106
2028
863
813
778
1969
1428
554
2030
1995
308
1538
1923
1891
1176
313
312
700
1623
2009
153
761
316
2019
471
880
1255
1532
151
1713
920
677
104
1710
211
1348
1405
1202
81
521
954
1153
270
426
1818
508
27
1453
1375
1219
1407
1860
1946
120
1259
178
1349
1182
259
1604
1
1135
1072
182
505
711
166
1815
993
1955
240
1641
925
1222
1272
1086
771
972
7
1303
1275
775
300
1549
671
1727
573
845
190
301
134
630
1480
475
195
1422
559
921
1753
1698
1323
1792
1391
135
1242
1932
307
69
1530
1388
83
1940
1442
584
1640
1766
1767
1286
2047
551
26
1339
789
1599
15
805
1671
1495
1377
1400
1085
338
853
1471
343
170
680
923
745
217
399
1718
39
1941
354
596
642
960
991
3
807
956
1087
1877
123
1445
130
289
936
33
1014
184
758
89
1200
336
234
239
196
1751
935
585
749
1290
636
1909
118
1147
1398
1743
701
1040
428
616
1225
435
86
1550
829
638
277
1312
1005
1497
1741
14
121
1987
1148
1621
1063
975
501
1514
1415
28
95
1308
1470
1252
896
345
1540
497
1843
1660
54
1127
1644
20
939
1563
1842
355
1824
1513
660
162
92
930
1309
260
1048
213
1067
1543
1437
1193
1582
2015
821
2
1587
1254
882
1996
242
462
534
1594
1052
1655
189
1474
1320
349
499
129
1984
547
712
952
192
577
474
31
76
1762
2029
1426
434
1187
1509
1555
1077
926
1752
1260
1133
906
1240
1155
725
103
1983
67
340
1607
383
743
193
568
422
448
727
2023
202
1008
525
283
1863
1291
203
1045
916
538
13
1208
595
754
1875
1444
1638
1115
750
1796
606
1854
904
1065
1756
357
1450
1300
1788
1947
1972
980
1023
477
1804
1748
1129
1473
29
2033
1885
1446
1556
431
439
1331
550
176
948
1976
1724
1541
2043
1975
1196
527
1827
1742
1944
870
1161
594
1295
149
1785
699
796
173
1774
629
561
1654
1529
1494
1652
946
1332
194
997
1399
1263
1561
1938
314
1139
97
2004
1001
378
850
1656
326
1477
881
285
1699
1371
293
344
1469
215
461
214
977
865
1980
1059
1143
263
1384
1327
208
806
1330
1472
1910
1890
889
246
415
1350
620
1335
1304
667
1280
476
588
1158
1791
1531
917
455
1611
1959
1340
397
747
1264
323
1099
2048
1985
572
1635
411
1627
1993
172
1683
284
840
1968
682
1915
856
1702
1476
1902
1874
1569
1670
169
522
1596
392
748
1019
1750
1041
266
713
295
913
1712
1693
303
78
1728
831
481
656
1695
1708
646
1185
698
1951
1760
1337
864
1173
820
1217
714
1879
1097
1322
822
931
1793
1364
395
1906
356
442
707
817
358
1389
582
1934
769
140
1381
1949
854
1673
1251
1460
498
105
1192
1154
4
9
248
1598
839
1901
944
1016
1032
468
1546
651
405
1232
1758
466
998
1011
1499
1223
902
552
73
291
5
224
1285
1527
38
1603
578
1836
639
1992
1117
1881
830
197
542
985
453
828
417
163
1089
673
21
1351
1318
1248
133
409
1803
1236
495
858
1536
1265
107
1433
1557
702
516
459
1456
659
425
1998
661
1974
1091
278
1832
490
1066
2026
1357
1927
1831
1924
1247
1431
1914
389
720
788
1166
1676
675
1674
1772
1733
352
779
825
1953
276
363
71
590
1518
922
1441
1189
1492
1110
1112
537
1504
1277
113
1424
46
322
1653
875
1900
1841
644
1507
883
1630
115
1116
1520
1808
230
1266
1080
587
592
482
1140
324
1523
58
1763
486
11
1857
1241
42
1896
1058
529
423
82
945
663
1506
407
652
1828
1237
1658
2016
2022
624
387
1498
543
978
836
770
1307
633
64
1592
68
433
741
191
1321
1329
976
787
470
583
243
1669
112
1434
1997
1631
861
1961
1123
1930
1317
111
391
502
19
1692
1230
730
181
1028
376
487
1022
589
767
1579
65
1039
141
2018
50
777
35
823
1382
1780
570
1903
605
122
1883
984
1568
679
556
1892
1535
847
504
157
390
1943
759
366
1374
1070
1069
2000
1677
968
655
1203
1393
1761
384
1797
1356
963
483
1362
753
1982
1814
791
1009
186
1609
93
1790
786
1186
959
1049
994
951
1973
1725
803
236
1809
1098
1880
1484
612
884
674
1781
1897
1954
867
1589
947
665
187
402
1639
1062
1612
210
1581
1006
1511
1926
66
511
719
85
158
1079
451
165
1167
59
1273
1864
2032
1491
718
235
1745
604
888
124
1373
919
515
814
1950
269
232
70
681
1475
901
1396
1990
824
1960
539
1566
450
1341
1887
1823
1274
955
1238
1205
999
1171
265
557
94
381
982
1054
773
708
874
872
1789
1942
851
1522
1342
1744
625
1493
1365
347
1064
1395
2036
794
1722
1873
1936
159
364
1306
467
43
101
1358
1714
53
1917
647
1786
1490
1849
6
635
1801
1770
1231
226
1169
1616
857
723
1701
1057
1928
1691
491
1805
1706
1659
1156
1462
678
2038
1076
943
292
567
1837
161
375
1025
446
732
737
1216
257
1825
966
724
1705
1777
485
238
1105
1157
728
1773
317
1754
327
34
110
1632
1034
362
1591
1370
996
868
938
77
1220
1036
586
489
887
1197
1195
1570
1179
45
1948
1907
1503
201
1757
429
739
797
1007
1084
1920
1723
608
1359
280
1811
1314
1646
361
932
581
32
627
877
738
156
1593
231
613
1411
1366
571
657
408
1853
1775
1013
1218
597
233
1449
1448
1661
75
785
752
1284
1191
933
47
602
1226
1020
1956
1716
145
1402
454
109
533
598
895
1867
512
100
1075
1634
729
1440
1177
1665
1764
685
360
1051
973
844
449
891
281
1209
1795
1560
795
164
1403
1015
2014
1597
1898
1206
155
1866
837
1183
686
479
55
1802
1104
1965
1812
1571
1002
342
1316
1172
1737
1967
1755
1454
1276
350
142
1905
10
692
1423
370
1715
447
1313
1270
302
1489
610
1141
772
1369
1094
1352
241
1526
1680
2013
1642
1882
1738
1368
457
305
386
1904
1991
838
672
245
1833
1481
649
566
1212
1100
811
1234
834
1595
1816
272
1585
443
143
1690
1945
524
125
940
716
1102
296
1647
1235
1769
1889
1868
2020
979
1136
116
1035
1886
634
553
1031
1565
503
1893
99
1820
1657
833
1111
510
1430
2045
341
1421
1679
1826
1253
664
841
890
160
1783
1017
1439
1278
1735
262
1537
742
986
1279
641
1467
1082
1487
222
436
757
1355
52
1977
1528
1746
452
1425
464
670
668
1288
645
631
8
273
1707
961
335
706
1328
1850
536
206
579
614
1782
518
465
1413
756
251
914
520
666
334
1819
1071
329
294
1759
57
929
1201
1963
410
1519
463
218
1465
819
87
1090
1799
1899
250
185
1731
30
793
774
478
1404
1168
1516
371
653
1293
1628
200
734
310
1074
808
546
694
253
1964
1228
1601
2042
593
220
1204
2008
22
1564
709
244
1385
1619
1210
1622
79
1181
264
528
974
61
2035
859
1614
1650
1717
826
1517
2040
1387
1095
535
731
1806
962
987
127
1004
12
63
607
690
1347
562
879
704
1633
736
1637
2027
1380
1188
1180
1856
1289
1378
1817
1608
1457
2005
1870
438
496
1282
744
1720
541
247
1719
855
658
1625
1159
643
1999
1681
1250
207
1081
414
1847
892
1367
1922
1372
365
969
733
102
519
404
1488
223
1354
1145
886
1703
1894
683
1829
80
871
967
990
493
1401
1747
1451
373
618
1068
351
1662
1979
1269
1118
221
1334
540
1046
377
1711
1848
1343
762
1617
1438
1125
1913
1610
1120
2001
1326
726
209
418
1651
812
1047
1912
1838
1732
175
1501
1636
1033
601
1060
1044
506
760
229
290
1649
219
1771
328
908
1262
1613
137
1101
287
1682
1994
1730
2046
1534
430
816
1629
1056
205
419
622
1429
1734
51
1512
2011
180
138
1895
1700
1297
268
818
167
91
623
697
1281
513
992
835
297
918
1547
1055
964
353
965
703
1602
1567
1124
1114
1163
1794
995
1981
168
1869
885
1376
1397
1345
1989
1261
1525
237
688
1353
1908
258
424
899
1412
1696
1244
406
90
1463
413
1050
1988
1645
1392
810
1464
1296
1138
1211
1301
388
1721
1667
1257
227
937
179
171
621
1810
199
1919
792
332
24
174
1921
1615
689
1338
1128
1258
315
1740
1931
1687
897
1689
472
523
798
2010
715
893
1221
763
780
126
337
1029
152
790
2007
393
509
1178
981
1435
1246
416
1672
1410
1294
437
216
1558
212
1862
1704
617
401
768
1298
809
1500
2037
1496
36
394
1436
953
1078
1479
279
1508
1175
555
2024
256
1458
603
650
1515
1483
928
1432
255
1606
591
569
1884
1390
1678
776
382
970
545
1199
154
1839
1038
114
177
132
23
330
41
1455
1408
1971
1184
320
1292
385
988
1037
225
484
1150
1152
1675
60
339
983
1776
626
96
1685
325
139
1749
669
427
1736
306
866
286
1835
1361
188
1846
1010
721
267
1142
784
318
18
131
1830
1840
374
950
799
1394
1386
1227
1030
599
146
1245
574
147
898
710
1822
911
1103
1346
640
398
346
1162
1420
2017
848
368
907
1126
1485
1709
691
1027
1000
846
619
563
309
873
843
1962
469
878
1315
1256
924
783
958
1466
802
150
1268
2041
412
1618
1590
530
1551
1553
1073
1878
98
800
488
348
2025
400
1302
396
1834
611
1580
971
1447
1207
781
228
1688
575
600
1559
1554
1414
1190
676
282
1418
1109
740
62
275
1957
1461
876
299
1577
1648
1419
1937
735
957
1165
1144
910
1861
1131
2039
1213
1584
2021
1053
849
25
755
1406
1666
1510
17
480
1271
1929
1287
144
1925
1624
288
304
108
319
274
1174
1021
1533
1170
1845
128
860
1778
440
432
380
359
492
1521
544
198
1283
705
1542
1243
1061
1664
576
1858
1083
1106
16
1726
722
751
1916
379
1784
1798
1626
654
1113
1986
1427
693
648
1552
148
1583
420
2003
1608
299
690
1768
546
1428
1731
1216
964
1090
252
1127
1558
1160
507
765
893
1477
34
1622
730
920
312
1377
405
1100
1130
1272
271
1462
344
1202
196
349
2013
128
482
540
1498
1230
1238
1767
227
1241
1644
1039
221
120
383
1790
882
1411
1520
1849
1325
1880
1930
629
24
1846
1938
1809
1916
673
561
1690
1487
11
219
552
1512
1492
906
1073
615
104
973
1285
1501
1363
757
962
1402
1289
375
780
42
1182
51
936
1187
1854
435
892
1040
1374
1222
1634
1666
1678
1197
969
1379
1054
1585
940
4
542
1511
1918
1178
1465
1336
881
524
783
786
809
1070
1124
800
1105
1572
1855
423
807
828
848
114
888
684
1504
1515
403
693
178
144
293
1576
256
1058
220
1061
753
212
1370
441
465
194
622
454
1624
1421
453
1256
1415
1482
1320
1597
197
2016
2025
1831
438
942
1056
179
1453
1229
1071
1445
609
292
583
1691
1734
1231
788
644
901
1869
910
1198
1205
1028
791
23
305
1592
1776
134
1970
1968
801
213
376
830
570
841
1937
1925
1664
1532
1324
1852
1046
1605
1317
718
1893
1883
955
1653
1074
704
1746
1423
1386
57
925
958
1404
1119
1601
755
1693
1295
1223
988
240
917
1228
706
649
249
863
1400
1544
1663
1840
560
589
1170
1339
709
1436
1283
1759
93
2022
1959
1550
2001
927
1843
1481
1067
1491
1001
971
1748
912
1862
981
1254
896
1960
1000
1999
1662
1904
1458
10
174
508
372
399
1089
411
606
406
100
1490
315
1751
1557
726
987
333
434
138
635
703
243
166
2007
794
1316
297
591
1888
1020
1780
1014
308
857
1581
503
1055
1212
46
322
257
1123
1103
1760
639
1049
1885
1630
567
623
1373
563
2047
1118
1561
216
662
781
269
388
930
555
595
1896
1901
1948
48
1720
1766
1122
282
1240
1844
1225
65
1667
1264
253
1207
633
115
47
1625
1967
573
578
688
766
1247
1447
768
225
1908
1971
1669
1954
637
447
638
153
1519
146
218
1082
56
670
1972
61
1757
76
1288
214
337
805
91
1334
1745
1052
171
1347
215
579
731
59
1190
851
351
369
1068
1452
122
168
1412
923
1737
1140
787
918
1385
740
1899
1635
961
1718
618
959
598
1177
1139
173
1889
711
883
1006
762
200
1437
743
879
1249
1610
1824
107
1344
99
1826
63
1332
1152
1931
1509
321
986
1740
584
1870
1588
1077
751
1600
1577
54
1728
547
811
894
208
990
991
483
83
891
347
468
989
1868
1399
1835
1735
531
1413
2004
1457
758
1810
125
946
1179
1252
1475
1443
950
1093
1984
1005
1109
810
1836
2041
1387
1989
391
2023
1998
700
1637
1435
1199
313
604
1273
1235
551
385
835
1528
1599
2017
543
461
427
1969
1614
1912
113
336
1524
16
439
53
1783
611
1763
712
1378
1825
190
1801
1603
352
109
902
127
1897
418
2040
678
929
844
2024
1203
812
650
1952
1128
1321
873
1756
1184
616
1847
872
829
1530
746
1569
2021
119
223
921
217
1665
310
1632
1711
13
1312
1053
517
1807
1547
124
41
381
401
590
1777
557
290
1044
169
1101
1456
1839
1958
666
32
88
1823
2030
2005
329
2043
1209
1255
472
1022
1473
1003
285
600
480
1891
1979
943
868
714
1032
1629
1099
770
1394
884
1764
1895
1514
2000
1346
672
1973
152
1650
1723
251
1245
1533
311
933
1108
163
617
1342
1354
486
1318
1174
1878
1584
1738
913
363
1829
1393
668
1785
1981
139
1978
602
993
343
1562
1326
1589
298
719
181
1362
1517
210
908
1875
180
1425
1549
763
377
430
1300
1657
1555
1466
938
1337
1348
663
586
345
1398
1401
260
206
1303
1697
2038
680
393
1367
176
324
502
1403
287
840
1098
501
390
320
1945
571
1928
625
1749
1200
1161
239
631
2039
274
701
1263
188
182
827
1567
1430
935
949
1820
1083
1962
576
334
1633
31
1129
1683
1772
1364
460
574
85
464
1716
1038
1097
204
1282
250
303
911
1774
836
759
1380
286
234
1796
819
648
939
1628
1714
1372
2042
1692
782
1489
739
1080
899
754
1280
556
1322
575
232
1013
1149
885
1454
1260
1994
191
1909
798
1194
505
1545
444
674
1963
45
60
1030
1525
199
1381
859
361
774
1237
749
457
612
316
1474
1304
159
1778
364
1703
1479
1864
871
133
1540
750
339
84
451
1980
1682
732
456
898
1311
2002
309
675
1078
1467
1640
694
1658
548
1251
307
1257
1507
822
1434
1360
477
1676
1781
665
1064
422
977
537
425
1291
1652
1356
1497
1075
1800
1694
1812
777
1832
1762
818
1493
368
566
1158
952
1144
1936
1706
937
1964
889
1307
37
1791
516
565
1982
903
1522
1911
12
1232
909
689
834
745
944
1027
1535
467
1410
1700
1618
521
1416
184
1116
1133
1559
1651
1050
931
172
237
1299
35
73
1743
843
596
779
1353
263
1587
1429
1460
395
1713
1125
1872
1136
640
1063
137
1138
1951
545
790
1789
1548
1274
860
733
246
1620
1531
1383
866
1168
1233
490
277
875
687
2048
1159
645
607
302
1290
966
876
983
926
992
1164
66
353
1983
1208
317
58
1541
820
530
2037
2018
1226
1002
520
1741
1755
147
248
1670
162
581
314
1612
1806
261
92
1712
2019
525
1284
413
1649
373
1024
1278
1146
224
979
1268
371
1315
1902
1224
68
1341
1656
1786
1808
33
681
242
357
1463
157
1819
475
1654
469
96
374
161
177
1523
101
562
332
1189
761
1932
515
1873
1704
1217
713
244
1505
1
78
1214
1031
838
1882
1513
1126
1927
1744
1148
2029
1672
1890
2045
1167
1314
273
1271
112
1296
723
2034
513
1036
1719
266
470
1510
642
1769
1940
281
1221
1775
141
370
695
664
366
769
1113
775
1185
79
1266
869
610
498
1976
304
228
1092
1939
1626
238
1441
394
1742
126
1395
72
111
474
928
330
1721
1120
1636
2031
1059
2027
1828
338
318
1957
741
554
1248
1765
1646
1609
382
748
455
1390
1246
30
1408
621
856
264
19
1086
1219
1076
1717
1865
1602
473
1811
1991
1081
189
1773
1183
963
491
64
397
22
1752
691
1286
803
1210
71
187
499
404
319
522
331
1104
466
1121
1827
1539
164
2014
121
1414
932
1153
1444
1571
300
1815
323
148
1461
1607
1673
1448
207
692
1816
1818
1580
643
1483
1305
1025
585
1422
789
716
6
7
1176
1253
965
165
1842
846
8
1417
679
1884
1923
1794
558
476
1186
1114
874
354
283
1405
1175
1242
1072
1115
495
1611
1173
209
995
1946
613
52
588
1710
39
1215
1638
1439
437
1724
919
968
355
536
49
494
1949
1389
3
433
1817
722
861
813
1496
808
9
90
1343
736
1990
471
1023
1732
1065
38
727
845
660
506
1556
1708
156
1573
1007
1388
1485
158
1259
1033
1008
1594
222
1308
1150
1685
367
858
980
795
1331
1705
1227
1262
359
360
538
379
1488
1966
358
1438
533
1277
1707
295
1471
1537
110
1193
1799
1974
387
1369
1157
1729
817
619
634
1803
514
1035
408
500
1551
559
657
1358
75
1323
417
1261
608
1163
1016
1917
143
1699
1451
1838
1095
1677
1391
386
1151
325
954
183
155
816
1330
149
833
70
855
599
247
1433
1787
1645
922
449
1062
1892
1906
116
854
18
1281
21
1350
1863
412
1293
2026
683
1004
1579
831
1298
895
1419
81
528
479
539
1371
1543
1739
1915
140
1871
1244
136
328
97
624
1788
2028
1250
1977
342
924
601
1616
970
1426
1613
14
2046
1478
572
448
362
1500
1914
814
1648
1552
1345
1997
1529
957
1758
289
170
605
410
837
945
94
1382
1516
424
1131
976
1508
1761
998
1538
1921
419
1094
2
904
527
897
646
211
974
117
1659
276
416
1147
1333
1684
1910
1841
951
341
1996
392
717
1057
1730
459
1480
1045
1853
1722
1642
1424
620
715
262
36
98
1021
592
849
1396
1874
510
686
167
1204
1956
1845
1011
1934
1671
272
549
708
82
2006
1468
1887
288
504
512
1329
55
737
544
1294
1943
452
747
1907
1218
1784
26
1306
135
1860
534
793
1502
1357
142
236
582
255
997
934
420
268
1695
1919
541
1043
682
630
707
1922
698
1239
1172
1961
1578
905
230
776
941
697
729
346
1088
1340
653
870
1351
489
628
2033
198
1302
1804
275
1661
593
1409
432
1674
1813
462
380
1141
365
389
95
1392
1574
948
1621
1975
306
421
80
654
2009
975
17
550
431
1029
767
1162
1894
915
296
985
1944
1432
1499
203
526
1018
1857
529
792
1655
151
1521
1060
2015
485
1627
1992
1554
231
1727
1112
956
907
1015
1641
1518
1851
1779
1048
1905
1431
241
1941
1856
1570
523
728
497
1091
878
326
270
1270
1606
29
1850
1041
1169
1822
796
396
947
1243
445
1595
632
597
1750
1709
1947
802
1486
1181
799
2010
446
659
327
1134
226
1420
1503
824
1821
74
150
350
1639
1449
175
1619
1375
1879
442
725
279
280
1942
1995
267
994
1877
636
797
839
1986
916
278
853
1366
825
67
772
384
1279
1446
724
669
1171
1012
484
1988
1701
409
1365
867
842
1814
185
806
1117
1965
1830
1464
1313
982
1604
426
201
535
1876
1881
652
821
1792
1526
1418
1795
86
154
626
1111
1236
784
1725
340
132
752
2008
1106
967
440
1546
594
699
1034
1132
192
1686
886
671
1084
1797
50
1472
1338
1201
999
1355
1565
407
1310
1234
676
865
661
1102
118
202
1929
1143
1206
436
487
826
335
1359
193
160
291
1096
1213
696
1753
1935
1258
43
996
1696
771
235
186
254
1834
1568
568
492
1188
1427
1993
569
862
1384
69
1805
641
1527
103
259
1913
496
656
1155
443
518
463
415
1406
2012
62
1376
1087
1069
44
1275
1680
667
2020
823
785
1495
27
760
1798
1566
734
2035
106
721
1679
978
1335
1867
1560
738
804
1484
28
1660
852
1196
1407
1933
130
764
2011
1833
20
400
1726
1459
685
850
1689
1192
1698
658
519
1631
1900
1328
429
245
1542
705
284
1397
1715
1276
756
1079
1047
1926
511
1026
577
1793
2036
1368
1770
229
398
1985
1886
123
478
1736
1037
984
301
815
1536
677
2032
1297
414
564
742
488
1782
720
1195
1553
735
1617
778
1269
1837
1349
960
1953
1590
1110
532
1866
1903
1615
1596
258
1165
1747
1442
972
887
1733
1754
603
1687
402
1142
832
1265
195
953
1859
1771
914
1950
890
627
880
105
1924
1450
1598
265
1145
1987
553
1267
1327
1051
348
1154
1647
587
1575
1861
131
25
1563
428
1586
847
1848
1137
900
1107
1287
233
481
1534
702
509
1085
2003
1593
580
1440
356
1469
205
1564
1675
294
1668
1582
1292
1470
1019
1898
1042
5
1156
1211
1309
1352
1591
458
1494
87
89
655
129
493
1166
40
877
1191
647
108
744
1319
1476
1688
1455
1920
710
15
2044
864
1220
1858
1180
1702
1010
1135
450
1017
1301
1681
1583
1955
1506
1361
145
1009
1623
614
651
378
1802
1066
77
773
102
1643
1634
1788
1169
1185
1568
1046
1611
1349
1401
741
1861
109
1964
636
1235
1527
330
1276
1463
897
1089
1571
1736
1024
1570
943
514
1526
370
102
2027
493
1883
594
1506
760
1974
110
1576
1188
1813
527
1548
200
1007
1197
1041
1637
159
541
1031
376
959
263
888
892
848
1461
1875
27
1754
429
209
1729
1208
607
183
1659
494
1728
1810
981
1541
652
1451
238
709
831
1693
1287
467
1152
1411
568
704
906
1893
952
2030
1744
1500
1588
1314
1154
1904
894
174
788
1255
925
558
774
1167
178
1684
1805
373
129
229
940
1512
1698
733
455
1913
96
1095
1817
1735
865
1056
615
161
1174
1809
402
1994
856
1304
1413
696
866
889
1343
684
1425
1889
99
289
1063
2042
300
1547
604
1956
1501
1891
1481
729
2011
1525
823
758
1902
792
1224
630
477
1491
966
1257
765
1015
1639
1987
679
369
1191
1915
1516
963
1190
1384
566
259
1075
536
1406
1898
2023
768
1695
1220
1260
1433
1408
1395
1064
301
780
208
175
1222
1398
167
1721
411
1542
1181
1426
1282
847
1918
100
57
1021
877
1081
1495
850
1008
521
583
658
929
671
495
354
272
895
358
740
497
1940
1625
1248
1231
506
1146
1989
1801
133
214
525
204
581
824
1750
526
955
1285
1332
1316
645
873
1076
1513
544
1477
932
485
674
579
923
899
1800
1334
1213
1975
726
700
294
1299
1082
328
108
1189
235
1505
1912
1043
1247
297
438
973
19
1521
1125
1486
219
1052
1085
1487
1565
1160
247
1074
1466
1795
1148
1976
217
1026
732
1468
86
571
198
1249
6
1086
1097
688
763
287
203
211
702
737
779
418
1361
1648
1116
340
815
1642
1755
598
552
1240
1357
274
1205
1949
666
449
1498
2018
1120
264
381
602
1856
73
1359
1
1362
773
941
1400
331
784
1679
1423
727
1183
1968
456
97
1504
561
1741
315
677
969
30
1296
1908
83
1713
650
439
1785
103
94
1324
1963
1410
872
623
1453
25
1653
547
2036
1302
253
1143
1315
1301
475
1628
1091
1209
267
967
492
1601
599
1656
428
1317
1671
1857
1635
1995
1023
1577
1567
1789
1820
837
1670
1114
1122
822
1158
1115
983
668
1770
257
519
1322
1851
1609
1792
716
1490
1867
785
1397
816
67
1566
115
333
1931
1676
1978
321
1784
193
1623
1151
1221
1936
88
1604
703
1850
1930
1694
1965
308
1529
962
1533
1014
1948
80
1743
346
1345
953
1207
341
646
453
621
1279
569
1757
961
392
611
1831
735
1284
1111
1745
1911
516
2028
120
1234
771
1773
1727
1292
1259
1630
1793
1288
1980
60
1718
155
1833
916
246
1934
578
1768
1556
618
1018
395
462
667
134
1210
1376
1708
1163
1421
1950
1545
1006
95
832
141
1871
45
338
1510
81
1706
1640
827
1409
1363
572
796
1391
480
794
144
283
1669
255
1045
885
132
1129
591
1712
1184
706
444
502
1460
1661
61
891
1348
620
260
800
1841
787
16
177
659
486
587
1872
1464
555
1204
1680
1484
337
854
522
406
286
919
530
1136
1730
1629
2024
1273
1996
296
1331
1595
89
281
1226
405
1053
59
1479
1970
582
344
911
1941
18
584
1764
412
2045
1367
356
1442
1780
1200
980
1308
464
1598
1432
1806
1626
1528
744
1173
810
617
137
724
818
1383
1723
804
1937
1760
1667
1988
1368
46
529
1112
1530
360
1971
9
1420
291
251
1456
1961
687
1044
1373
1593
859
1587
285
924
1845
1254
1297
772
626
1039
1135
368
123
1699
237
1100
1999
1360
1776
498
1266
844
1142
234
224
1243
135
1599
448
798
2013
460
1560
912
1732
299
1584
767
1087
454
543
1794
1388
1489
1796
2008
1535
1156
1585
639
992
1651
759
2014
588
1967
375
1290
1483
1762
1342
1524
1219
672
1036
1514
268
1992
37
1711
1866
2001
152
1958
755
441
781
1747
180
808
842
1333
420
92
314
12
876
1416
362
254
653
409
870
1494
1253
1353
1336
112
1431
1180
896
1079
1843
36
1603
348
500
860
1372
2025
622
918
199
1537
1077
946
1553
2007
1812
1206
905
875
252
1172
1559
1895
711
1945
1835
846
1238
560
471
693
1692
926
1430
605
1552
1218
1040
1724
1558
999
1767
313
1497
256
1017
539
619
1935
987
720
1674
790
948
736
1683
8
826
1422
1534
173
922
1802
457
1404
1769
995
1551
998
742
2022
417
548
761
1049
1877
2
1230
1697
245
481
559
1380
430
1244
764
216
1998
1004
991
305
1090
32
302
1113
1310
1025
1643
310
1852
2003
427
968
664
712
1614
1245
1232
379
403
508
163
1157
233
119
53
1652
195
1823
1920
384
87
415
156
879
489
1538
821
635
528
1702
1726
1365
1137
1012
1759
972
510
1164
114
307
731
262
739
248
1478
101
867
629
1356
295
139
2037
550
396
825
610
2000
1098
350
1250
1602
956
1771
1765
649
754
1864
1691
24
1344
113
1673
523
1467
1417
118
55
258
1621
1066
1394
1341
1280
1286
359
1991
642
1088
1099
447
1035
714
1268
853
1123
595
1778
1678
958
2006
1647
1016
2002
1957
1798
1842
1267
660
278
898
1390
1139
1562
904
978
504
1414
1386
1860
70
1161
277
811
116
663
913
69
1251
1515
950
2021
261
1607
404
476
1638
1636
1392
1868
534
47
1704
2044
372
1265
166
1364
1946
512
1038
686
1182
383
647
220
41
2009
1083
1649
1003
1375
349
557
871
168
1289
589
325
34
413
841
549
1194
1057
474
1011
657
1193
1283
819
982
570
1972
1407
1543
1050
1979
1042
1814
1819
2047
31
13
974
1474
997
1563
1662
1719
556
501
1096
416
479
661
270
1616
1899
665
1863
68
586
241
1859
1882
201
1519
22
1933
518
2034
1690
394
564
389
1549
1681
1660
596
884
1227
1106
1686
1329
576
345
951
1756
1445
1518
1710
2012
1707
357
1275
1973
849
1825
638
1472
1378
1455
1027
1605
1786
1725
1966
1888
408
989
574
836
513
1502
1834
722
964
813
1952
1236
1646
1722
1399
546
105
1627
298
1436
1459
1321
698
1402
434
366
723
670
1233
1168
410
1130
1631
1093
378
1465
1470
335
374
775
857
1890
1632
1917
1217
1340
1028
136
902
2020
1870
1454
414
7
1624
1581
1873
1532
1369
697
347
1797
903
1405
1294
42
1449
1589
937
191
1650
914
342
1485
1539
1062
28
524
874
1439
1337
1580
917
316
1298
503
1761
1246
171
1928
1641
738
421
407
1305
1428
625
77
1471
266
1739
1178
1225
1540
422
1749
1269
1291
1192
130
893
640
72
82
965
858
1531
662
3
93
542
1714
976
1855
936
1241
864
1942
915
1264
1374
424
75
762
170
1959
515
1133
1335
1149
401
1415
318
1618
1886
1352
612
708
279
1657
363
228
1482
158
1969
1393
1555
1960
1051
986
322
1955
1126
1511
1319
1612
766
361
1312
1844
862
202
694
839
1772
592
1171
1821
1385
1338
634
1633
685
830
1939
397
465
17
1885
226
269
169
423
442
820
2038
1403
196
332
1608
1846
1836
1622
803
701
551
614
1103
2043
371
1127
367
1914
1879
21
1982
1499
828
749
377
293
127
227
312
631
1434
49
1751
580
1107
829
1880
921
1195
789
1828
470
802
1522
1590
1358
1550
563
1546
399
805
1212
531
656
483
944
540
1901
2032
265
1048
1981
84
398
459
146
1738
1953
390
1619
44
901
545
1924
1300
343
1720
681
1437
1597
1921
393
776
795
172
1954
869
2039
56
537
1655
1779
957
230
2048
750
1450
1849
436
1072
977
50
385
334
1517
240
327
250
1229
90
58
1689
1583
292
1032
1252
2029
868
931
745
491
15
452
1938
682
890
490
435
517
960
1909
66
117
317
606
1029
78
1389
1578
643
1731
1013
1447
1803
23
306
1830
1906
669
1457
1201
1175
807
440
35
1990
680
783
1832
1382
1306
791
323
1658
1887
64
2017
1746
1783
425
138
1787
1748
1878
695
979
833
1073
1216
676
1600
1839
900
309
1339
748
565
1328
426
1102
2046
947
1381
1508
852
927
39
1346
1170
1177
1737
1919
1261
1121
43
239
499
1105
1001
1781
2015
505
1752
472
85
1775
1215
303
1379
751
834
145
1782
1270
275
655
1108
1790
1475
1876
746
179
1591
538
809
1155
1347
881
1536
770
993
934
290
1138
236
1327
725
10
1927
990
692
1733
769
1424
1892
1128
382
1997
1554
148
1262
2033
910
1277
320
1462
1862
1320
730
812
488
221
1897
933
1594
1452
1223
20
1019
1827
1147
1323
1808
1977
91
1507
181
985
1186
1187
817
880
54
532
1002
1766
1853
1370
624
484
1573
150
1916
719
1199
1682
838
1047
705
996
76
1838
928
1947
1070
1847
1119
1022
284
336
182
601
717
1350
707
63
194
147
2031
1854
590
1150
1874
98
1564
509
14
1734
975
1418
218
1696
2026
648
1060
207
184
1153
380
994
1993
433
451
1922
466
242
814
954
1009
1986
883
153
450
1303
391
1134
511
1715
487
1777
437
1419
843
1444
1944
863
935
1664
1446
142
126
1613
461
938
1214
355
143
1239
1272
79
1884
40
1925
443
1058
1295
942
855
1326
1274
1675
1606
2016
210
1654
128
189
1054
718
632
1242
1709
520
1962
249
1572
1196
1758
271
801
1840
496
1687
1198
1826
304
1717
4
140
1523
887
1910
1141
353
1716
562
577
1983
1278
782
164
1162
2010
945
364
324
365
1645
1509
1117
1144
1124
1763
1574
1476
1569
1429
575
1665
1858
1473
1309
1145
121
1672
1094
1325
1907
326
1753
654
907
431
1055
882
1703
445
1900
1110
1943
1480
675
554
1109
1700
1774
1377
1355
1092
691
1984
535
1005
1448
432
1822
1469
1030
1412
597
1318
215
468
1237
1668
743
192
151
970
678
886
651
1000
673
419
188
608
1281
165
1848
125
835
1804
1869
1923
1293
641
1799
1688
1176
1644
458
1496
1067
1366
1263
243
1615
1666
1677
628
752
778
206
1596
747
633
1561
1307
627
1371
463
2041
573
1705
5
710
909
971
533
190
1068
988
1492
1330
585
1440
1202
185
1818
851
644
106
478
609
2040
311
1544
1503
1059
1740
400
930
473
1620
1084
225
232
713
1438
1903
1557
613
212
1101
1811
1441
1166
567
1829
553
600
1080
1824
1118
756
949
793
1701
1816
282
1435
1575
213
753
351
1586
1488
339
38
603
799
187
786
1131
33
329
840
1427
122
1520
1443
1582
223
51
797
1203
352
1104
319
1985
1159
2004
1256
2005
1071
71
721
1815
1258
1132
446
1458
1179
1929
1387
1807
26
757
186
689
1592
222
1493
205
48
160
1894
1881
482
280
1313
690
908
273
1069
1617
984
1354
1020
1078
939
734
231
74
715
1926
162
62
637
154
124
1742
1396
111
1663
107
699
1228
1865
11
845
1065
2019
1951
1579
1061
806
507
104
1010
65
1037
387
288
1140
878
1932
920
1034
1033
1685
1351
777
1837
469
683
2035
1905
176
728
616
131
276
244
861
1165
386
197
29
1791
593
157
1896
1211
149
1610
1311
52
388
1271
599
779
1777
1308
600
1698
1495
313
173
1616
1315
942
1390
1729
298
1255
530
253
74
1662
252
357
917
1821
1388
366
1066
658
1678
1097
420
461
1762
547
1774
1164
1028
1374
124
1122
40
970
841
1930
1677
159
240
142
1978
67
1232
1536
1555
829
626
448
54
815
1843
1876
718
1529
560
1461
1566
1452
1405
1717
77
1027
844
331
896
920
226
413
1869
131
261
1692
1501
602
1072
128
146
1283
1150
1338
1381
287
1484
1854
619
114
1613
1583
459
571
259
1075
1424
1805
137
691
1832
751
907
1104
1169
1524
514
158
1465
1977
1969
532
1987
1887
520
1440
338
1772
1683
1300
1036
1654
53
1017
1078
1143
558
2035
322
1209
24
483
482
762
105
288
1735
592
1513
1142
1313
402
651
1528
232
1956
1577
1175
339
1011
1671
1022
1889
508
1585
1329
361
581
1287
1590
38
383
1842
1941
188
1361
227
143
1609
487
445
1983
898
356
1187
412
509
323
1658
967
793
264
1534
314
1229
1967
1918
577
408
30
1273
216
848
1553
1356
2008
1370
965
59
2007
1509
149
1608
65
389
2045
1515
912
1573
1176
1135
663
1532
1130
1761
1045
1791
1724
1785
1673
572
1635
721
903
840
374
1228
1575
1393
1898
1514
1251
1602
688
33
273
1704
909
1193
1835
1493
733
640
160
317
679
489
411
1719
1364
3
181
1378
1198
852
952
271
778
327
70
493
727
1845
1643
120
1241
1289
1726
1204
1699
1396
443
400
32
1753
796
1423
785
1756
154
1340
2006
1221
1806
1637
185
1139
371
1006
1295
1171
897
1002
585
1439
739
1919
1331
1087
1337
478
1924
1720
1290
44
1627
1252
1906
369
537
868
1994
1240
8
1642
842
666
1558
819
522
1013
702
1053
1357
1512
1379
68
1321
202
350
706
1964
781
1913
1526
755
1989
1049
1320
477
960
1127
1249
78
191
605
1051
1429
1133
1007
1700
1857
1080
439
424
1644
1223
1151
134
250
552
853
213
773
1697
648
1277
498
1185
1025
923
104
643
1803
2019
92
900
1760
200
892
1781
76
1838
1335
811
958
990
378
1561
769
272
805
435
941
999
1071
283
938
1636
397
685
1618
604
1375
587
301
1739
165
463
647
2009
1541
340
652
1372
546
1632
510
201
1368
1426
1554
667
275
1546
861
1010
1895
789
1979
1134
1441
905
715
1523
589
211
229
1533
344
971
1833
1092
1927
238
1183
745
1795
1386
1168
943
591
2002
545
87
1341
1444
1831
1598
375
1880
863
531
1224
1100
1173
598
766
1434
1621
1824
1003
813
583
763
1442
107
636
1354
2022
1181
385
1715
265
1437
1367
657
1050
683
457
869
1157
421
1238
761
1690
66
1000
1867
1416
517
1638
1651
656
249
257
112
1140
370
596
406
865
1129
858
1597
1020
315
204
132
96
701
1727
1496
1537
1407
1649
894
2016
1481
621
19
1004
1764
1822
1369
170
224
1488
234
1624
1732
380
1946
1144
217
296
329
1147
316
343
1848
749
1254
1420
1376
1945
1473
392
997
197
1246
1371
1082
1008
1414
824
1184
1877
45
29
441
550
694
1711
1117
215
1936
1634
1474
9
1419
933
305
1463
121
1244
670
539
1808
503
1166
1599
1170
138
302
926
1519
719
276
951
12
1489
1324
1960
99
499
964
1413
1065
388
1939
1661
1549
1731
839
553
978
1263
682
902
1507
1687
1646
1433
169
817
875
1591
1284
934
516
594
1755
1815
1447
1686
1412
207
673
1957
1328
1311
1034
306
1991
1257
1607
772
1242
1559
1823
1925
687
784
133
1265
1005
1874
6
2011
1907
1046
1668
1757
959
1343
255
724
1545
1177
1472
309
901
1418
2029
925
1037
1722
1712
1503
744
470
1260
1081
669
300
373
1458
84
1392
1560
843
2014
1103
886
1485
177
1126
5
1685
1288
1464
1771
882
1615
1679
1886
743
1652
228
1398
1947
277
1108
582
788
222
1872
97
1286
1626
548
256
1009
741
980
1196
1205
82
881
1016
885
1362
975
1676
1202
989
1363
1457
818
650
644
1351
1033
1041
1885
1194
504
1611
363
387
1765
1278
39
220
1670
1710
1303
419
1962
1896
1758
1879
722
446
554
563
746
2048
1968
1576
205
1866
809
310
61
987
570
836
1404
716
1291
1482
1812
792
835
245
855
1467
1743
294
1274
1456
401
266
1631
1460
1349
1870
1208
1881
1120
613
1910
1929
326
645
152
233
284
212
384
654
2000
877
1492
1047
1856
379
1271
1510
1077
2047
828
1516
1119
1060
1231
242
712
914
630
982
1837
847
1094
1550
887
931
346
1408
488
1684
1790
485
1131
258
1067
1039
671
2034
1840
254
1058
1603
1923
1199
168
1746
1373
362
1862
1601
1663
695
1944
794
1353
1210
1380
295
919
1775
1499
2040
281
823
353
267
423
593
1892
906
88
225
1085
1366
935
1961
910
193
223
189
1645
486
689
936
1793
469
747
1138
1770
1829
2010
307
34
846
248
100
2001
239
1318
1502
1180
820
757
1145
1965
454
752
1116
659
451
247
973
1754
777
458
274
930
1207
1215
776
1462
1172
977
1917
1259
86
1346
1543
1105
1403
135
399
662
155
1206
1227
501
2031
41
1124
1707
1905
1043
492
895
166
1219
1233
748
891
57
1539
1730
1574
209
319
428
436
22
119
831
367
1682
351
1954
1431
783
684
1382
1955
937
352
206
465
950
1548
28
1736
1113
1893
700
354
1285
25
1769
1237
542
27
1269
1365
115
615
1309
974
1487
2044
1226
318
129
391
1268
939
297
1302
231
696
876
1963
1582
2036
1778
1734
723
1040
1878
1421
1344
1551
631
1451
653
2020
1236
464
2039
515
182
325
1153
984
1633
557
1306
145
533
612
347
2037
475
2038
444
1802
1347
1733
993
330
18
431
609
334
263
983
524
1850
544
156
1912
432
945
198
1469
1310
1021
1586
575
1706
186
262
1314
1345
179
953
320
525
603
476
1986
690
1001
1317
1466
1098
573
1083
341
11
791
1647
425
944
1792
1864
1828
1564
1483
342
506
471
954
675
860
79
1542
1162
625
1188
1213
1666
692
35
1174
872
195
1031
161
1149
622
1660
521
1750
1693
1863
58
1814
1480
616
1610
888
1725
1417
2033
285
1839
1639
1605
1563
991
1873
1767
180
962
1448
1410
1789
1547
1702
1182
740
556
1422
1052
1518
1728
1920
507
37
1701
414
1348
985
1891
1359
442
1114
14
790
1096
1689
1400
1411
1980
1086
611
2024
535
93
614
116
214
1088
966
756
1128
646
918
1061
595
1165
775
1152
1216
426
1298
1594
1491
693
1903
64
1297
1708
479
1619
1377
707
1861
1975
381
1650
221
1579
1438
1195
800
864
1245
814
1820
484
162
418
1248
48
1073
1121
738
455
480
513
1399
278
916
460
976
1847
697
623
2017
157
103
837
1538
85
1220
437
1330
1521
1436
1852
1079
770
1498
529
731
1160
720
703
243
1921
564
1589
462
1110
1387
474
714
210
335
665
1280
1614
1595
536
1225
857
1178
1851
1500
1794
1587
118
184
567
1932
1091
1949
1101
867
174
1899
89
1253
1796
56
1830
1443
795
304
1744
1477
2012
481
251
947
390
915
1901
1569
555
1826
199
664
1716
1931
449
1992
632
1191
1190
1449
1937
2041
328
1884
1059
279
1325
312
551
1909
1057
1342
921
10
1738
1446
176
1279
1316
1973
17
1567
668
838
1653
108
410
1450
31
2043
1159
642
1998
382
7
1902
1520
607
1868
1445
1749
1112
1307
1497
590
1054
1527
1089
786
1282
1339
512
1665
20
1035
447
1811
1694
1056
1146
407
1780
908
127
972
1723
1511
742
1894
50
826
422
433
561
1935
1556
434
1063
1360
948
2
797
1810
1890
1428
736
106
1959
130
1562
1192
1669
568
467
1123
618
956
1773
565
192
1914
992
290
1584
172
660
1784
633
1148
1849
246
1922
1798
606
405
456
803
889
726
927
810
1459
1525
372
1301
825
491
661
151
994
957
83
91
717
1432
1415
55
466
348
208
2021
969
949
1926
526
1102
1029
641
1747
1933
1865
1427
1406
1721
737
1853
1680
2042
1825
2030
1355
774
1281
808
802
1118
468
2005
15
1111
148
1640
1275
1074
98
1189
845
393
1593
880
1218
1928
110
1557
1705
345
1158
1540
2032
505
597
1904
2013
961
230
1167
963
1276
1950
1997
1109
1674
538
453
1572
494
123
1024
1179
219
638
1531
946
1475
1779
235
1900
1641
1703
1292
95
674
1596
1897
1391
1453
2027
1938
1156
735
416
80
1125
122
1136
1981
47
1667
1395
292
268
968
1568
311
1186
1714
1107
518
241
759
1019
1600
827
676
559
94
922
81
634
816
764
190
1768
1628
1871
1915
1389
163
1319
360
1675
608
913
398
1817
1883
899
566
870
1454
677
730
377
196
1841
1948
883
150
1552
141
147
1076
1657
1014
884
854
1606
1200
1990
610
75
2003
1504
710
1763
637
1115
1934
324
541
1
1486
569
1625
801
1620
1882
1971
1612
1855
1326
1214
2023
1766
1212
1332
2046
709
427
1062
1197
1322
1425
1262
183
175
1203
139
1471
1070
1490
2015
1940
859
527
1737
194
60
1327
624
1745
1804
1970
955
851
1132
1455
1409
1026
890
396
1032
849
929
1630
90
629
798
171
1748
911
708
549
282
1090
218
627
979
713
698
1048
63
415
101
1530
1844
49
1972
109
584
1860
336
782
1916
588
1588
1430
1908
125
821
1816
574
681
1984
376
500
1023
1478
1256
1099
269
672
1084
291
617
799
1479
1161
1505
1350
2018
1294
1759
1068
579
1234
472
1352
704
21
1312
71
834
1996
1622
771
1888
1296
430
1235
578
440
1834
1293
862
72
1106
1535
1141
680
496
452
833
1813
237
540
1995
2004
871
1786
1982
1012
528
1993
337
1264
1201
734
996
940
1976
711
635
299
236
16
1243
497
69
1629
586
1776
580
1592
2028
1038
113
1799
832
767
1470
1988
1713
2026
1095
750
705
1783
1384
308
1859
856
519
450
562
534
140
986
1623
1752
73
753
725
699
1055
1222
511
1858
873
368
111
1334
620
1681
822
126
1435
1508
866
1951
1656
806
780
1358
1163
655
995
1788
153
1093
1742
1230
289
1787
1258
576
1394
1942
403
167
1385
754
1691
1578
1604
62
23
1581
1247
686
473
1966
26
787
1522
1911
136
649
1672
1299
429
1250
924
998
1617
144
1018
1336
1958
1506
807
51
1030
1648
601
438
1800
850
1659
1267
1827
1985
1999
1807
333
1695
1565
321
804
928
365
879
812
904
678
729
1809
1801
270
386
1015
1044
768
1272
260
874
117
878
394
303
359
732
187
1383
1846
1741
164
1305
1571
42
760
286
4
293
1740
178
830
1397
1266
1751
628
1974
36
332
765
1836
495
395
988
409
1797
1064
981
1239
1818
46
1544
1688
758
244
543
893
52
1718
404
13
1953
43
1323
1333
1819
2025
1155
1476
280
1580
639
1069
1709
102
1137
1570
1517
203
1401
358
1402
364
1696
932
1042
1655
523
1211
1261
349
1270
1875
355
728
1782
1494
490
502
1943
1304
1468
1217
1154
1664
417
1952
1891
1934
478
1255
1346
846
1810
1939
1245
658
1128
1609
1472
1047
238
1423
634
825
1709
2001
996
2045
1995
45
1031
229
1225
493
1352
1275
432
36
672
1043
1306
448
1005
1310
1573
697
20
1935
1357
1097
1296
1553
1483
156
733
912
73
782
1087
269
6
1847
1537
1667
1200
195
1465
590
1276
737
1229
2043
1980
571
2008
1877
1895
261
294
1683
1028
2036
1214
829
318
369
199
1949
938
1552
709
159
1938
1235
589
745
1294
381
1614
304
1565
1947
703
1134
1057
1321
699
1165
1115
299
943
1166
475
1591
116
1141
377
1832
1808
1154
226
2044
1003
1892
1607
2014
1370
495
317
616
1903
988
822
1070
683
544
610
234
1143
1330
563
772
1162
536
1105
1493
286
1155
1011
1859
663
1018
452
945
1010
1829
549
781
383
1931
1916
2031
215
956
731
1477
1875
1731
89
22
1248
471
2048
708
1014
46
602
1017
79
349
1612
630
274
244
1408
689
2033
37
306
758
1457
410
1628
516
1144
57
271
1723
874
1856
100
860
1027
1291
1665
686
1698
303
169
1302
1738
1529
1756
1360
1157
1975
15
814
1823
2040
114
1131
512
1807
66
1640
1619
626
86
82
531
1562
1272
283
1067
790
1380
866
915
1539
41
1960
8
680
1928
1089
793
1718
1987
442
1950
712
63
1036
2012
600
648
1123
962
2013
60
1518
715
1436
1803
1349
620
1481
931
1065
340
429
828
665
1180
392
625
487
1049
7
1982
1627
109
1232
577
1403
1322
1261
1968
1116
1090
805
1616
172
858
586
773
1397
1912
1801
840
826
510
1630
1930
1393
872
253
794
297
924
212
1437
919
811
1411
1831
1749
605
833
1864
95
573
1564
1964
1779
885
738
424
328
1096
1727
1837
399
1133
1885
726
1740
1925
1305
1535
1942
732
1790
572
420
126
567
1776
92
1783
1897
1632
1108
784
1441
1336
1510
1204
1828
1013
87
1325
498
796
1576
1959
776
1332
146
2030
365
864
461
408
888
1079
1205
901
184
1055
1608
282
1913
1264
593
167
333
1918
125
505
652
250
989
568
619
679
1933
1203
396
434
637
1536
887
69
345
1236
940
138
1571
152
99
2023
1635
617
859
1778
1615
1842
1821
857
102
267
1985
1924
1568
1368
1514
1425
1595
735
1406
1871
1772
1495
1977
753
868
691
1263
484
1125
546
971
1695
255
688
1015
1382
40
413
94
1453
1680
264
1690
1653
35
488
643
1374
877
135
1782
1503
803
849
725
447
871
14
1338
1521
746
936
629
812
446
1523
150
554
348
1315
1648
676
1983
67
1110
257
1335
366
1748
722
162
2005
723
553
74
1849
77
1914
701
24
1151
220
65
230
1164
1298
974
1443
756
1247
374
910
609
2007
81
388
1234
1736
585
1119
1365
907
355
635
263
341
359
54
690
1107
957
1083
1843
520
203
1212
1377
1117
323
1671
1513
892
1333
1251
483
961
654
2009
1407
978
965
1286
970
465
1656
1708
821
1973
1737
1674
1439
1202
515
1421
1774
657
1312
2020
59
275
1666
555
1993
1524
219
1577
674
521
714
1258
771
1178
1679
426
1427
522
1561
262
976
27
706
757
1433
356
1431
1039
4
1130
1754
1581
1468
1147
1867
376
1045
1763
1050
1765
1068
817
827
850
997
1094
1739
1379
97
364
1545
496
1788
948
1402
1024
1990
1088
1206
1702
1138
1583
1237
1268
175
1193
1032
982
632
1260
1773
1285
1042
13
1111
185
1543
1967
724
165
217
101
1394
1311
1449
1288
39
1121
1233
592
1075
769
302
920
467
682
170
659
717
1316
186
787
327
173
813
1
1556
438
1662
1923
673
981
1713
863
1470
656
1770
734
1420
88
273
1920
1598
1082
1281
774
1343
1663
1820
198
247
1757
640
908
287
281
1183
698
53
43
208
1519
1487
1505
1445
1270
415
823
1035
1720
1052
1575
1520
2017
1955
2029
687
1890
1479
1181
1956
180
105
1033
540
958
1525
50
237
1006
815
1941
1689
525
614
1161
486
1631
1494
1448
11
1812
624
1766
651
788
747
1846
119
1341
1497
1590
1222
883
2002
42
1624
1675
285
678
241
191
1659
1307
1896
1526
458
1541
1544
1345
395
308
713
1791
163
1120
1265
816
1304
1062
118
427
1531
1566
1984
1670
972
1845
1369
1712
1435
1171
1354
1340
1207
1972
379
667
906
1209
236
30
575
326
343
1292
1381
272
810
1103
1454
1620
1416
807
107
588
2037
509
314
716
482
439
1551
1326
1489
1071
140
1429
655
1432
911
1686
844
2042
1813
1029
1884
837
1814
428
1664
668
1253
550
1469
1174
1881
145
1946
675
503
1936
1496
1697
1953
1484
2004
456
1069
143
1026
1905
842
1462
477
2
75
1793
76
129
1542
1694
560
1768
1362
980
1334
1858
134
1132
158
1815
403
2000
401
944
1331
1613
832
1267
1704
1122
132
1309
1348
1168
128
423
967
1569
1308
372
922
453
1622
1646
841
1337
242
532
1587
552
608
398
112
1638
1300
1297
1604
1637
1490
918
1742
490
562
557
914
559
932
371
216
1726
1579
233
564
987
55
218
985
157
1153
879
1418
671
1764
1215
1724
124
1874
1806
1719
1951
258
1961
798
232
1617
279
1066
1092
480
1446
200
1835
2032
983
1210
545
1834
457
1893
1376
1176
1715
881
623
508
111
154
1351
1109
1048
5
702
2022
937
894
1464
1762
642
1295
491
363
627
542
362
397
98
1902
1530
587
785
497
367
574
209
1100
507
1512
880
248
1538
933
1747
1064
751
499
1388
1112
278
886
1159
1012
1240
130
1755
566
141
289
419
235
474
1570
1323
661
631
421
472
925
1020
1383
149
1415
433
455
1870
1647
9
1102
1971
1910
946
1882
387
1752
2028
332
91
3
417
1145
1372
977
1904
1384
847
1182
941
1054
246
1994
1501
1693
1722
876
202
736
935
1040
749
569
1201
2038
1277
1777
330
1172
1037
1093
921
1532
1452
1364
1681
1058
995
1051
360
670
741
1194
1527
641
930
779
108
1226
1499
1798
1866
1104
1280
390
809
1528
1862
357
280
1944
1649
1398
721
775
460
1016
1467
266
1540
1641
1787
131
47
17
777
517
990
1582
309
344
801
1290
1611
875
1796
1841
459
251
336
1396
1688
994
1434
1217
947
1293
301
1084
1661
1391
1886
293
1419
1405
1534
313
761
201
437
653
806
579
613
2046
1586
1940
1389
1198
1746
1231
494
1282
740
1149
93
1906
117
893
1008
361
1728
1502
1594
123
449
284
260
2016
1879
320
786
1825
322
2024
2034
1241
1833
1650
561
1789
1937
1863
597
288
612
797
1827
1974
666
1887
1030
541
1191
1509
900
96
1098
337
705
528
744
1751
1367
1491
1455
891
83
1643
386
739
16
770
18
1474
489
1811
581
1218
897
44
1563
595
1785
1957
378
1767
2021
1392
353
992
26
1700
692
414
710
252
1979
979
584
443
338
347
1589
500
1844
1943
861
720
1701
1399
214
1572
1086
534
743
591
1059
1872
416
1706
1208
1289
485
1865
765
176
1687
763
1899
1682
645
144
1929
463
1547
1800
1855
1078
351
194
1444
1076
1424
2039
1099
1558
684
339
270
808
28
136
681
1488
1644
1426
998
1822
307
755
1758
783
1868
854
402
164
903
106
321
660
1668
110
951
1999
368
778
179
636
80
1475
1850
298
506
878
1412
1142
1986
1287
1007
476
1678
409
1645
1626
870
578
329
153
1717
700
1839
462
856
1401
479
1324
1220
1602
425
896
265
519
277
1442
183
889
1269
1578
2019
1409
917
1192
862
759
441
324
1213
1504
603
1873
677
1976
1400
1797
1639
1703
649
836
1804
1375
444
1254
1034
1506
2003
342
929
1775
1279
904
115
1184
1478
1917
385
1262
121
104
1169
835
547
934
189
1654
1989
470
1605
1190
389
1692
1196
1508
1447
1927
1438
206
1227
1167
249
750
1500
178
848
405
168
955
1000
1023
1179
622
1266
468
884
694
529
1966
120
873
1314
1750
960
1022
38
538
596
1482
1911
598
312
1430
926
352
1817
1395
523
177
927
1710
942
1852
582
1422
1705
64
1221
1146
548
501
1660
1140
1242
450
1091
1085
1001
1741
1473
1601
748
950
1278
2026
647
1854
56
1599
1450
1160
1860
1878
1743
1996
375
412
583
1932
1044
1252
85
1673
316
1173
1189
650
181
373
1851
1592
1799
524
1771
1548
1600
1417
1219
795
1991
1480
1634
1002
1061
1954
205
1211
639
1585
1780
2018
2041
963
601
1329
445
71
1347
1557
2047
1533
1760
49
646
440
1901
1072
90
1135
1175
594
174
1596
193
1848
1458
800
1685
239
1188
576
1625
1197
1319
1970
1633
1786
882
1516
1676
633
621
913
728
473
1809
197
1124
1004
969
334
182
975
113
799
1826
290
1413
1366
58
1819
1451
1471
346
188
1498
418
1156
669
171
1965
1126
1257
1137
19
719
1883
644
1963
1009
133
139
1838
752
1041
122
311
2011
1216
845
466
1784
973
966
1921
730
766
1517
1618
1952
851
905
454
964
1721
1658
1696
899
928
2010
1456
25
804
204
1711
1550
556
1588
1735
331
1299
853
1761
1651
939
1053
993
1853
513
1652
1922
464
1919
511
68
1574
62
1549
380
580
535
514
1888
207
1486
984
422
1559
1129
291
1163
1114
1745
1816
1830
192
2015
1794
543
1460
1320
518
1106
190
1440
1992
384
1476
1378
1988
1802
696
222
2035
1170
1095
1256
704
1753
1657
155
1511
1621
1113
533
792
1152
1063
103
1730
1259
2027
685
310
1945
1981
1080
1677
1560
319
1350
1127
436
435
611
718
1732
1485
1428
1185
2025
1136
1139
451
615
1610
695
147
1898
1313
1355
300
895
228
949
31
393
1606
802
1359
1187
243
999
1554
1356
1699
1459
1546
1358
72
1672
78
256
1759
315
127
780
662
70
767
729
898
1655
1056
1060
34
391
223
1177
382
1463
824
504
1824
1636
29
492
1900
1301
953
968
1978
148
1118
1284
1246
727
923
693
1344
1714
852
325
1223
791
959
530
890
1580
292
1283
1249
276
1250
296
23
1414
1792
830
1038
259
335
1818
1555
1669
565
227
618
599
604
1836
839
558
762
33
1926
32
865
469
1273
142
1186
570
1781
1707
820
1230
407
869
1461
1363
1515
51
1327
1840
1385
1077
1915
1769
1274
1716
551
400
628
160
1195
224
151
1046
954
1228
231
137
760
166
902
1073
404
1567
1303
818
1684
1150
1074
10
1353
606
843
1019
1805
1958
1410
607
1318
754
12
1733
211
1584
1025
1386
1373
52
991
1339
1271
61
1387
370
527
1244
406
254
225
526
1729
358
742
1880
2006
768
221
295
481
986
1466
245
1361
431
1725
952
1328
1908
1199
161
1404
664
831
707
430
1907
539
1997
48
711
84
305
1642
240
1224
764
789
1239
1795
1629
867
1507
1998
354
1962
909
1081
1317
537
394
210
350
819
1021
411
1148
268
1894
855
1371
502
21
1492
834
1158
1238
1390
1603
1876
838
1342
1623
1734
1969
1101
1889
638
1597
1869
213
1243
1691
1522
916
1948
187
1909
1593
1744
1857
196
1861
1306
936
504
1972
1206
1110
1981
184
1435
859
818
725
1255
302
1060
106
1542
1368
180
1605
264
700
620
403
947
1826
529
1739
1885
1442
765
1931
475
146
718
1307
1873
277
1579
1602
1844
539
1244
1961
1761
18
249
65
256
1209
2024
172
1290
905
1056
1283
734
513
466
1135
751
210
829
185
1621
1509
239
113
132
1996
604
1425
1712
2034
1148
850
141
766
1421
15
983
999
801
793
109
257
34
1261
1878
1214
2010
1411
111
1711
1735
157
1078
1380
570
1796
1504
401
1145
1263
38
1086
1047
1988
1814
201
547
110
477
835
1186
98
336
16
661
1788
1401
808
1
1415
1620
1705
1497
1191
1031
665
376
1553
1478
1589
1103
1726
557
548
1443
815
145
1593
86
1520
882
2021
619
802
1847
1853
156
1167
800
470
251
904
837
324
1334
1813
1495
354
121
356
496
1848
418
841
1370
37
1717
1970
606
281
1233
67
728
1836
573
428
636
1993
981
300
778
590
422
267
926
1129
1013
1277
1286
1126
363
840
678
1580
1432
1226
117
812
865
1294
1363
1204
896
188
1051
1877
780
1490
1121
1888
1719
1627
1946
1302
598
1920
1194
948
318
515
578
811
1000
1766
1948
1465
681
1117
1549
1429
320
211
56
247
535
298
555
1691
142
834
196
817
825
431
1694
1777
1574
333
1708
2048
795
293
1918
1816
234
776
1962
386
885
1003
1723
101
442
163
566
1713
646
430
881
585
1159
1806
1189
609
923
1375
1291
1016
1296
1083
743
317
1827
906
1317
487
1053
1044
2011
1858
884
866
2043
594
1265
390
990
2039
878
1934
1322
1697
1577
421
1943
992
405
2015
1524
950
1526
907
343
628
941
379
1573
1236
1311
1592
631
1760
316
283
1456
1640
1635
1153
975
229
1221
2031
1279
459
965
512
2032
1094
1107
933
2009
1775
1025
647
893
1894
1257
963
1160
922
1395
119
230
1335
1109
1896
126
226
857
1313
1959
633
532
986
409
314
755
839
327
105
1369
1170
171
663
1832
580
729
1361
1177
824
1979
1595
920
1243
1023
1757
1381
1178
1670
1356
680
1468
1216
1098
1545
1137
1518
1074
940
1174
1326
1353
789
1716
1643
698
222
1417
1913
1999
643
542
927
457
659
895
1662
1333
1639
1773
1615
1618
1884
1982
1289
115
1245
1783
713
1342
1486
1227
178
1161
1248
664
1267
1079
400
685
537
246
1810
864
846
1273
953
1568
1514
1274
1953
1171
486
148
935
1423
667
855
1544
1596
591
301
89
745
648
1390
912
1599
660
1681
394
1764
1634
744
871
275
359
391
1819
668
1328
671
1154
735
593
971
116
1085
898
1929
1941
1808
468
1439
845
462
204
1869
1419
1446
1990
454
198
697
1387
1665
1487
1805
1613
1725
1406
576
1548
271
51
1151
1318
1045
784
1809
1359
1022
53
2020
1830
1767
1807
1985
1751
892
842
1992
460
959
179
746
1485
942
1503
13
216
1308
144
97
1776
753
1792
1183
7
1441
1664
863
1464
75
1519
891
221
1995
384
1007
1339
411
779
640
1774
1198
1039
630
187
1703
977
375
694
970
158
1030
521
924
1718
27
219
107
844
791
612
565
1693
168
1262
682
484
738
1772
183
1287
946
2012
1685
596
474
858
639
30
2038
1168
788
1722
352
261
135
96
1001
1268
344
1905
851
1470
724
984
1823
649
22
1418
1561
1856
1672
1383
1785
1414
1991
873
897
1364
546
1175
1479
708
1237
290
707
1769
40
1312
705
392
45
1874
415
785
1247
2001
972
1657
530
1184
1686
1556
1882
757
1700
72
1054
679
833
626
847
464
805
1516
1347
1205
1654
1081
651
1011
1124
1936
1466
798
1165
928
1397
64
208
446
213
1046
1453
151
130
368
451
483
1742
253
1332
605
276
453
1607
1187
445
654
625
181
440
695
733
1475
1014
191
331
991
492
1059
326
925
1608
1292
1176
1062
313
888
726
1472
1675
1264
931
1656
692
217
1763
120
1976
962
658
1727
495
1527
164
1355
1462
292
617
1266
321
1006
1228
294
1123
592
1557
490
385
1660
739
1795
600
2041
973
1756
849
1440
754
269
463
1925
773
1525
380
342
1405
768
395
1200
1314
1588
1009
1143
1433
1128
410
1305
1231
87
1444
1139
2030
8
886
1378
1927
189
2003
396
1937
1225
1933
1366
954
245
861
1791
227
1610
1825
123
716
2022
162
1424
932
1822
244
916
1699
170
350
1522
1501
252
303
1893
1239
703
73
1958
1831
160
781
563
672
1902
577
1752
1563
455
1195
1310
1944
1026
608
1907
1737
381
258
1940
472
426
1102
1253
362
1491
1866
1096
1932
1018
1910
4
909
1091
1348
771
1055
1850
153
714
1357
1404
2014
1403
704
1211
452
1794
278
723
1851
1073
582
1728
1668
880
1384
434
1648
752
2002
1541
588
1321
355
1376
203
500
1954
902
1362
505
1955
645
1473
1498
1372
541
860
1609
1065
1256
295
1106
1616
1367
684
1230
104
1749
1780
1971
1916
1517
1758
1578
1591
1928
100
821
1600
1987
108
1029
792
1422
346
1645
1674
33
1802
2037
52
1889
1863
1437
1606
420
826
945
1038
408
424
268
1409
1323
1427
1021
1571
128
2033
1649
61
1583
750
702
1812
378
373
12
1983
1641
241
259
615
1258
1552
890
1843
522
994
438
74
1254
124
979
266
351
519
9
1041
439
853
482
1232
1840
908
1234
1950
900
1570
1835
706
360
1496
1787
1572
1528
36
1789
1909
1899
1964
551
985
1741
242
1338
218
993
1278
1781
1391
60
340
255
613
308
2040
1480
77
674
586
82
1136
1729
84
710
1207
1817
1585
435
1295
147
1249
1210
587
1871
1015
1058
556
1839
727
1331
1149
285
1534
393
1450
688
988
1797
838
6
1533
641
1036
138
1407
1345
581
1554
958
749
404
79
854
691
312
1845
243
1434
1687
152
1511
719
387
1904
1374
1032
1488
306
1883
55
1666
1301
964
796
1715
1743
1659
1467
760
969
1477
790
772
1629
1543
1945
1891
1162
996
1385
1887
1689
603
68
1536
406
1069
1344
1181
518
1852
720
1469
1960
1037
538
2019
154
46
1977
1298
737
1002
481
550
1499
1564
584
1260
70
1778
1454
1604
1246
1115
427
1829
1412
1555
1880
307
1033
1984
1346
1603
443
382
416
1445
1903
894
502
516
1092
236
488
42
1738
1352
552
961
1870
432
1529
325
167
528
1921
597
1994
24
150
1530
883
1196
1854
761
1512
652
831
642
1066
1597
1952
770
476
447
1803
775
540
11
623
1513
1947
2027
311
1930
437
769
1676
169
621
673
1164
524
1024
911
2008
1447
88
843
2025
206
334
31
215
644
329
1169
341
1087
1416
2006
715
1949
1217
740
122
1043
813
1539
1218
1398
960
1324
497
1560
1998
1116
982
589
349
1299
1748
478
1710
506
1652
1004
899
657
1692
1402
1793
458
1035
289
1460
987
1250
877
717
1647
1104
903
918
177
786
1242
1138
1252
94
943
1915
159
479
711
1837
1489
1818
799
1057
1510
1798
136
2045
1182
1340
1804
1939
1523
1849
653
2004
1461
1388
449
1297
78
1396
1669
1611
441
200
467
414
819
1420
39
192
1134
1197
1828
1336
1140
190
1963
1706
583
601
693
1483
228
2018
1598
345
561
1020
1790
1027
361
1661
1997
2
235
730
1373
736
1786
14
1042
1857
814
1451
915
335
44
1565
1285
952
1590
315
511
1815
828
19
782
1493
1449
2007
1476
193
1978
254
1193
1917
569
1617
1371
112
1567
758
1671
262
1966
1282
1779
1005
50
534
494
611
1093
58
759
62
809
1240
205
1551
1315
1360
1755
1276
91
263
545
1587
1481
1745
1644
1696
2017
549
638
369
712
304
1010
1180
1865
90
1354
1131
1562
48
1303
1973
1771
224
1690
1581
1679
1575
1507
197
366
1166
57
491
489
872
2000
1061
1144
448
1118
1566
140
1293
1732
186
1614
348
1623
1989
1846
1911
1052
367
202
1157
967
1028
562
225
951
364
1770
787
1382
1320
1969
1864
1535
296
161
1612
520
102
610
1506
1926
1601
1919
133
43
670
469
656
1754
248
265
2028
2029
1842
742
2047
595
777
1389
195
1213
166
1365
10
1048
1114
1113
99
806
677
1730
1147
286
1540
2035
29
419
669
1316
1663
1724
209
756
2016
748
1222
397
1458
1922
627
17
1935
1750
1199
41
686
614
1202
223
1547
2044
1800
1957
632
238
1890
1399
32
1558
182
1521
1269
1821
1631
399
1142
2036
176
1861
1127
1325
998
92
207
1190
2013
322
1337
339
618
1452
1508
1430
54
1071
1455
1833
1636
635
1215
517
1288
1594
874
1484
1235
929
1386
1241
1655
956
1201
66
1900
417
1619
1974
762
284
429
76
910
564
1698
650
2042
93
1179
287
5
957
1156
797
372
480
1494
1753
662
1586
365
2005
1740
989
436
1394
666
1343
1120
607
374
1811
305
1270
507
1428
1049
876
939
1834
272
955
383
388
554
1733
1744
47
69
26
634
696
461
1358
81
1646
1531
1559
1097
220
149
71
1300
1146
1768
544
1251
1762
1034
553
1012
1658
868
1667
95
804
398
1765
231
139
1678
701
23
337
1633
1759
1746
330
832
279
1951
1259
1064
1532
997
1304
823
1630
319
370
232
810
1327
1101
1860
1119
1515
1212
328
571
1089
1132
493
1040
1502
875
709
1080
473
1855
741
976
1155
732
1784
1734
165
1379
774
1341
1912
995
280
1881
1898
80
1859
1474
1901
174
1895
509
919
934
1141
1219
1158
807
1876
852
485
803
820
357
240
1185
1077
1897
1704
1576
134
1736
237
622
1500
1220
567
1100
1701
114
1868
870
1400
1095
1223
1111
533
523
1721
1714
1350
1914
347
558
83
323
949
175
869
1956
299
531
699
1695
822
1413
1280
1272
1163
233
1173
199
212
1707
559
836
1653
1924
1968
1677
358
371
2026
1281
1801
1463
465
1392
1108
616
1075
575
1625
20
1632
1082
913
425
1008
131
747
1684
560
1720
1172
310
676
1448
297
1683
291
407
423
498
1824
413
21
1628
332
389
273
1349
3
966
1638
1088
59
1329
1537
930
274
889
2046
1459
1879
1908
1867
1642
1975
1651
921
978
1505
173
1702
1122
118
1457
194
1862
914
1070
444
1923
1682
572
1152
879
1709
1906
501
1731
1351
856
690
1229
1090
1688
574
1150
1892
901
731
867
450
543
827
25
968
1068
309
503
763
63
721
794
1650
722
1747
526
848
129
1188
1582
1275
1309
917
783
1203
944
1426
127
270
599
1886
1799
527
1436
514
1872
1192
1624
1538
1224
288
1782
499
624
1330
1546
260
1084
456
1569
767
2023
35
579
1125
816
675
1284
689
338
1584
937
85
1820
1626
1133
764
1471
1017
1942
602
1875
1637
433
1208
155
282
471
1492
402
1019
1067
1838
1967
1431
508
1076
536
49
1112
353
938
687
1410
1319
1408
1050
1072
1130
137
214
103
1063
637
1438
377
1980
1238
412
980
125
525
143
1099
1938
1673
568
1105
683
862
1377
1271
1680
974
830
1965
1986
887
629
1482
655
250
510
1622
28
1550
1841
1393
506
1060
3
1405
340
671
1398
1039
1795
132
580
267
1800
1744
356
1036
83
752
591
1657
1244
738
763
1580
1116
489
1004
800
487
353
1334
527
1017
1561
1538
1831
1479
1435
19
1290
275
1706
62
1727
1541
915
286
994
850
1889
957
673
1683
172
1956
190
369
1058
1228
1860
970
1082
327
975
978
1879
458
1326
1021
1343
657
1135
70
1565
722
78
1988
967
689
460
191
1255
1938
1472
749
1951
1423
1087
1111
1764
882
496
1169
2021
797
1897
304
1042
1814
703
320
501
2024
910
1284
1979
1118
1108
2
1154
1639
1714
789
1051
1403
1319
13
694
692
1892
1803
1083
274
908
179
1127
1323
1709
1357
2015
881
240
1789
246
1750
1173
291
1157
2044
376
261
273
366
351
188
1084
1160
1832
585
541
1252
1026
873
1805
237
1224
728
764
632
1402
948
1138
1115
955
306
712
811
258
1473
303
1970
868
898
1256
368
597
1391
1147
381
1396
940
398
112
936
1020
843
1592
1030
1977
218
1494
1145
1320
450
1966
1767
2006
1002
361
264
1545
469
1662
1771
1584
33
874
794
413
498
1230
53
464
482
1162
79
1417
1589
826
1944
126
1612
1128
1579
1439
887
48
1540
46
644
125
491
918
127
93
1731
1350
1141
1546
810
323
1079
1385
1139
486
971
1459
1972
1950
228
625
1682
668
1655
1844
1713
1311
566
727
1104
1723
297
503
937
1616
1464
1754
109
526
1559
753
1635
1380
401
1547
1974
1993
1708
365
888
532
1259
747
2028
641
1797
1560
1856
1202
1086
1449
1052
667
855
500
720
1474
1636
1654
1328
1529
1470
553
1291
1018
1094
69
1675
710
325
1249
270
1427
1790
382
1508
602
1725
914
1587
271
1544
1129
977
1668
653
1490
987
34
554
1815
248
1666
154
1190
137
1991
1009
447
1867
1286
405
1537
318
1973
1365
1947
221
1679
1633
1886
605
161
85
608
1205
166
52
1901
1787
40
1375
1755
452
1870
2045
1507
494
335
1779
214
1354
791
1640
505
1227
1235
343
1351
1344
704
594
1841
27
307
1925
601
2019
739
266
1715
1298
1667
1329
448
1854
342
831
614
1781
515
406
1571
1406
1448
1623
1917
569
49
1919
964
1316
1869
227
1617
1647
1225
1971
1008
1638
57
1063
721
1420
902
467
1442
521
1672
1027
1245
1117
852
995
1949
1120
731
1091
43
1457
654
716
1003
1772
646
1399
672
691
1263
711
1899
1384
77
1833
631
14
1603
816
1531
1586
1861
290
26
1247
622
1910
1393
1704
969
832
856
1945
972
455
897
1997
1863
626
1924
1451
637
213
151
709
1254
846
182
8
1422
234
1632
1445
1898
960
538
1452
565
110
934
1109
592
678
1355
1520
536
604
829
345
1634
822
611
438
474
1516
1969
395
207
1407
1732
799
769
429
1189
879
549
1975
426
393
74
1835
1827
1834
1424
1267
195
911
292
1215
705
1859
1819
1416
1441
1736
1395
6
1196
512
117
1325
390
1219
1172
1223
1766
1305
1015
1535
417
1170
612
1850
445
461
63
225
723
686
1130
1642
1212
1512
315
66
931
337
1882
293
1885
226
462
379
1151
1182
4
98
400
837
815
718
1871
1866
1364
531
36
563
1106
1838
1604
1533
476
701
1268
1085
1737
457
1028
1336
1964
1022
82
28
370
403
1663
277
945
1456
114
1845
1792
1836
1353
171
961
1691
1175
1074
428
1246
416
1807
1440
284
444
1600
153
288
845
821
1883
1481
584
1430
933
1591
1626
650
1656
690
282
818
725
1062
1471
1716
669
263
1621
298
217
1694
1191
1309
1936
783
1210
1312
966
2009
1846
1388
1297
801
777
1556
1110
1593
29
1174
1595
1098
1200
760
1264
803
1467
1251
1288
1057
949
511
1281
1064
1608
1140
488
510
332
1234
1146
1426
253
103
189
504
141
1125
982
860
1362
259
1648
68
394
92
453
1659
1905
59
1203
430
1096
1873
617
111
159
355
170
1745
1677
1748
1811
976
1341
1618
759
1700
1193
375
973
615
1539
1043
1095
1816
1530
2031
439
1554
917
243
1527
95
1829
1960
1073
1528
348
5
1558
1570
1601
2036
1390
279
2000
636
932
389
1582
844
639
330
1935
1466
762
30
1100
312
104
1029
1724
181
480
518
871
1177
1933
1195
120
1492
524
131
1761
1552
352
540
1505
90
1542
25
402
1751
528
950
1484
808
1615
1788
548
94
1801
2018
1503
485
862
523
1491
45
377
155
1327
606
1880
1931
925
1523
173
935
76
1233
509
517
1689
1257
751
1614
1066
1214
1551
867
358
1112
215
564
1784
840
1941
412
587
1946
433
814
869
693
1802
200
1908
2027
1265
696
1853
186
583
719
1367
477
590
1260
836
1557
1278
1650
1450
1808
1348
775
1983
1469
1849
1206
1994
1496
148
1912
912
1394
1436
809
770
847
1248
1562
1923
1943
88
1864
50
904
1158
1287
35
1048
570
1377
1199
1411
1444
310
1274
985
1217
490
301
828
927
724
396
1306
2011
1809
1625
123
119
473
162
1810
1526
1179
1123
1418
1289
1665
1519
942
812
1939
778
1875
768
1804
51
1333
1990
1698
1006
441
1978
1428
926
1696
1000
80
1688
1735
1549
1884
139
360
357
435
158
1142
520
466
1075
1419
1321
1678
418
1119
2037
1649
1817
866
1929
732
22
251
998
1895
628
15
193
1194
1670
835
1747
1049
1007
804
776
31
497
223
1726
1734
792
472
178
1712
1643
1044
1518
252
890
86
1478
423
1165
1645
1293
1040
427
338
930
1548
122
700
278
823
424
742
589
697
1606
260
2047
1514
1730
1563
350
645
736
1611
1363
478
1980
203
1211
232
463
1183
1389
640
1047
1692
454
1332
399
1107
1379
1356
1071
1823
1711
1019
1303
1068
1955
422
1942
326
1658
1578
1720
557
1564
1277
185
1914
1759
1981
733
436
788
1585
1261
1313
953
656
1443
1753
1012
1099
404
627
1629
658
1237
958
502
1454
562
1926
1166
1868
1368
1904
1534
194
1113
138
581
905
825
939
1693
407
1684
643
1550
827
1915
1646
842
1272
319
965
1928
47
1574
707
1717
1957
1847
1968
1270
276
735
107
1581
1067
790
1843
848
677
244
1858
1555
1178
1820
1421
663
1065
981
67
163
1749
295
1769
740
928
1037
1798
372
1791
72
649
1397
572
1077
1890
130
1222
1460
1413
2005
1996
1568
329
115
415
1989
824
168
1480
177
1304
872
208
1361
1322
1122
1302
684
892
1877
568
992
18
1307
1840
24
1001
1918
1664
2008
579
1258
42
1624
143
199
211
1415
717
578
1241
1204
1954
754
446
73
2017
102
1609
1346
999
294
1324
2010
299
2042
1521
708
1013
1144
1770
339
2025
425
1497
1014
2012
1572
197
367
1619
1487
280
547
1176
1069
941
281
1475
556
802
954
106
209
877
206
906
545
984
1429
1729
734
756
1150
1025
1887
1907
1359
1577
2020
997
192
2013
499
595
1598
331
750
61
371
2038
1948
1888
558
1987
2016
1337
7
1813
84
924
484
1126
175
128
1872
1300
1567
876
169
863
1984
1317
1862
56
1965
65
313
1855
1331
1891
1410
963
180
1763
1506
895
442
880
516
1360
11
1299
616
784
1776
322
620
1628
956
1653
285
1680
1976
165
373
2002
10
222
535
1184
1330
54
1216
861
1922
674
451
854
1242
269
196
864
1315
1283
1318
230
652
1345
309
618
321
1056
1461
1687
907
1159
1132
1209
666
1078
1369
786
2023
302
1760
1295
715
296
1620
596
1848
1685
1089
235
1038
1602
1358
621
60
923
1102
1837
409
255
1373
81
239
1525
1221
1294
901
1857
771
1180
2041
634
1408
262
1575
1163
1024
765
334
1033
900
1953
1605
1762
1437
660
1894
198
609
1782
1090
779
1186
1743
522
1622
838
664
1652
1699
1055
1143
1031
1780
1269
2022
806
456
105
774
1569
687
1054
929
1986
1576
1374
1197
316
1232
1458
576
746
201
1630
1806
1155
2004
1921
530
1134
1783
145
1198
706
947
1824
380
851
896
1828
655
1280
1035
781
495
2033
1913
598
113
638
758
741
118
1414
1794
437
834
411
1661
1476
1909
1702
1207
1034
1627
1401
1382
685
1686
317
574
1218
2046
1231
1597
1752
432
440
23
1103
1239
1932
1851
600
471
1465
1220
1308
156
787
772
1742
1412
183
610
683
219
1920
149
1425
567
893
921
391
1796
676
1383
1998
1076
160
858
144
1952
1786
1927
1757
1053
2039
841
1187
899
341
1681
624
1934
1504
1292
385
1758
1477
204
630
952
853
1777
1275
1728
1830
2026
479
1707
1482
1092
378
2007
1498
21
1296
1370
1488
1386
384
12
1765
990
1463
1900
362
147
1392
44
891
374
308
1404
1676
571
344
465
1097
1553
745
1093
593
699
1637
100
1371
1124
988
1340
1590
1208
1722
633
1156
231
1271
1536
1409
449
1164
1240
1342
575
1338
1940
507
798
1613
1963
1532
1495
1961
1566
459
1911
991
670
1865
560
889
1148
108
328
1185
1674
1739
870
245
913
1896
780
41
1573
174
233
1131
543
1793
305
919
1874
1005
1967
121
1045
58
726
550
336
1959
1105
767
1486
346
468
1740
1236
1229
1718
1032
2035
249
513
1982
680
1041
702
1081
1201
250
665
419
492
577
434
1878
519
1455
859
421
748
236
675
1902
1543
359
534
539
582
1152
849
1774
713
943
1710
364
1262
164
920
1273
300
1188
1366
647
1515
938
796
124
1279
287
224
1347
1594
140
247
16
1785
878
883
1381
89
1703
268
1226
819
1876
2032
1
1524
483
623
807
979
216
386
38
714
1610
184
1697
1335
1893
1438
1432
1768
410
1376
682
1701
1352
1387
91
2014
884
1916
785
1937
1070
1266
922
986
116
1721
324
1881
588
1992
586
133
272
1483
1818
220
1839
311
1059
886
1468
766
662
349
993
1016
688
354
443
1349
2048
75
537
968
508
142
730
695
64
20
729
1378
1825
1599
839
408
32
387
481
1775
603
1962
210
1778
989
607
1999
983
561
573
2040
152
679
157
1641
1583
1061
903
1285
737
648
757
289
1502
1023
1238
944
1339
1167
1010
136
1181
1690
254
2029
1499
383
1192
635
1046
87
1513
761
1738
1651
1741
1588
1500
551
2003
820
813
681
388
525
2001
1826
99
37
1596
544
1705
167
755
1822
1372
363
1631
187
1930
542
1446
1153
101
974
1746
1310
1282
414
817
1462
894
1511
1050
265
1517
916
241
1301
212
392
1137
1161
996
1136
1011
1756
1433
420
529
1660
1250
1133
1842
865
555
1719
782
1314
1995
833
1434
793
2030
946
552
1522
1509
283
493
743
314
229
1958
397
2034
613
242
475
1168
1493
238
1695
661
1733
1253
1101
2043
795
1447
257
642
1114
980
698
150
146
1985
659
134
619
857
514
629
599
1072
1213
129
97
909
1607
885
1088
71
96
1644
1489
830
1852
1171
202
1121
1510
1080
951
1799
744
9
431
546
1243
1669
533
39
1501
55
559
256
1453
959
135
875
205
773
1821
1773
1400
651
1906
1276
176
1673
347
17
1431
1485
962
805
1149
1903
1812
470
1671
333
126
183
425
1904
751
1276
1191
190
570
1923
1989
374
662
1180
412
2028
876
198
1280
1567
576
1952
618
606
2044
197
2032
1333
804
1886
1938
1856
1875
410
99
1099
1349
1674
1820
1479
1225
1285
39
287
722
1857
794
1497
1690
1370
1429
242
1179
462
182
1752
1214
2034
1885
470
1696
137
885
909
639
1598
896
972
1897
312
218
1325
356
1358
632
164
933
1366
1203
234
135
1816
628
1266
1254
1290
781
361
851
620
1814
1192
1898
109
1833
1733
1433
52
1793
645
2029
1435
1407
280
405
1859
1668
418
587
931
26
314
1522
1900
129
604
1524
487
1428
70
301
507
523
88
342
1603
229
838
1829
1740
1830
1326
928
219
622
1417
1312
1827
1150
649
89
147
679
1606
1418
674
1355
1975
1774
1047
1194
730
1653
646
642
1412
770
882
764
2046
865
788
731
950
601
1087
1283
1286
327
468
504
1181
814
813
1074
1994
1672
1928
766
2001
49
478
335
1519
1316
1976
92
1184
880
936
495
725
297
506
782
1624
1601
1973
1969
610
1446
320
1156
1158
742
1297
718
1802
863
37
1812
1623
1091
1717
41
1306
1993
31
1721
1702
1747
735
1241
1615
1169
1086
261
408
1313
2000
1160
825
1334
824
1874
769
1507
1411
102
288
809
206
1795
491
833
847
2018
1324
173
1426
1217
1550
1323
600
1386
1362
40
711
1681
869
1531
1173
1542
1723
161
1570
1626
51
1024
656
1382
1271
805
1361
285
663
1345
379
1731
1508
492
355
1104
136
1239
145
938
364
1917
590
340
1351
511
1968
1232
1322
1186
42
1251
308
595
262
35
1705
195
1967
581
1146
179
1253
1172
1641
114
1699
977
756
589
123
1339
1918
901
1201
270
665
747
698
277
893
886
1387
790
63
1595
1409
1566
1226
1451
465
1852
213
149
516
1583
111
1807
169
1120
325
1915
9
1471
451
1121
394
1040
1966
453
1399
630
403
1218
623
554
409
1963
1586
629
2012
1987
992
481
1983
796
260
1293
959
993
1808
958
385
435
1837
648
924
757
433
1374
922
490
919
281
1422
1951
1689
1728
661
2022
1584
866
144
272
1330
1265
172
499
1548
1734
889
859
637
732
1238
746
1920
62
354
1675
120
540
1943
1390
21
671
580
826
1547
1950
1474
90
1999
1549
1609
749
1108
780
1456
386
1188
1572
454
423
1587
1940
1220
54
555
1613
891
787
1637
1112
1581
163
476
967
898
1303
57
608
724
808
244
53
1635
1908
1378
1009
1397
761
1403
965
3
748
1210
1759
1826
852
344
1997
1597
834
1332
1891
1602
1057
10
973
307
509
348
514
789
1753
1913
266
271
1373
538
939
464
1310
873
186
1536
521
1688
294
396
1664
250
1494
1247
1025
1391
547
2004
1319
210
1168
1800
290
1864
1056
1792
1005
192
1079
170
1502
565
1797
1768
1478
1273
416
1692
1691
1866
1711
1558
1365
1175
1525
1264
1777
1142
1014
1472
1980
1038
12
1076
1427
1199
1498
561
1843
1233
1789
1357
434
1287
1371
1488
309
689
330
1305
107
1954
2045
310
1177
709
59
571
996
411
1304
1408
1757
76
279
1227
964
1256
377
1782
19
1068
1784
319
1182
116
1369
1452
1794
607
1516
1880
681
2014
988
1320
811
883
1103
1749
1722
1631
1526
28
997
1523
1127
337
1608
978
302
636
683
207
1437
1496
1229
1331
744
372
237
1821
171
343
836
835
1487
519
1896
573
81
1791
776
1163
444
1629
1582
402
27
1066
1098
1289
734
1911
422
43
1590
1559
1340
1381
1811
1189
1687
1211
139
994
672
1842
650
1029
1600
263
1761
1176
1031
1579
1946
1561
202
1823
1942
400
298
1974
1279
1262
541
484
937
1102
1231
1902
1073
1155
1026
1055
1810
1162
1632
236
375
1039
420
224
194
1442
1363
1224
1257
1824
1196
475
625
370
1353
660
799
1569
904
438
613
25
1650
1046
542
569
552
1939
548
1097
322
655
801
1080
1546
1701
969
892
1215
920
1083
1788
1703
1457
1084
677
1972
1513
275
349
324
1116
1844
1336
1170
1030
95
1221
196
820
2020
1128
221
1922
1274
1806
1385
46
1092
82
894
647
1090
1216
721
1259
1676
1850
862
1314
855
1307
166
864
441
68
1500
1929
949
1636
1739
578
1817
430
1912
619
1367
71
258
1110
203
1849
817
2006
473
1300
1255
910
562
1680
199
1773
383
1649
296
1364
1444
1012
762
848
712
1447
1267
793
1200
527
1840
1443
1645
1984
750
658
1209
1529
807
252
1482
449
150
1415
1955
1985
846
535
1877
2021
684
152
254
760
515
678
1905
785
1978
1042
75
1061
1838
617
1309
1151
128
306
177
1574
1100
1988
1575
311
1545
1425
104
1228
247
1751
653
970
1786
1277
1903
168
1729
1736
2027
1533
537
230
856
1249
1299
518
313
666
1907
97
1514
737
640
531
743
763
1991
810
56
2036
1949
1460
586
727
24
557
1011
442
388
500
1868
1858
243
1404
771
293
1932
251
1208
543
1594
1219
1809
175
1591
2003
517
1638
916
392
1846
1564
968
1465
455
1958
564
1059
1787
1114
489
1605
485
842
1441
83
1475
1998
1834
143
180
549
1230
376
2033
616
467
1071
1414
923
503
1718
1032
106
1468
803
1708
1698
231
854
844
1541
1543
209
858
452
1927
497
2041
686
1013
778
1853
1440
1527
60
352
1862
146
1485
1166
1848
439
1338
1484
2031
1694
1
1394
528
58
1270
957
1389
701
204
456
1767
1936
633
1876
1639
253
440
1712
127
1001
1157
1669
1707
946
529
1899
551
331
1724
1657
1449
2013
840
638
350
1126
654
1318
486
118
687
1473
1190
983
1895
1205
368
292
1673
568
715
1735
1881
1020
334
178
952
1884
6
1510
1813
1815
1019
841
397
1893
1715
110
91
900
823
1872
1171
849
2030
1530
1979
304
157
238
1234
1082
1439
1831
953
1130
1986
50
1930
1892
133
38
534
220
1742
1294
728
798
1302
184
448
888
703
875
626
755
222
657
105
664
513
269
1207
1926
339
602
802
1741
1663
1106
726
1760
351
494
488
241
963
428
753
741
211
1311
567
1021
1748
1571
1732
1368
736
897
594
857
34
1095
1131
1035
1050
1122
1659
921
398
2038
74
130
1165
214
1630
1621
233
861
1709
55
317
775
1240
1123
2040
1292
1138
1764
67
249
1883
72
1420
367
66
188
773
1379
239
14
284
641
1818
1509
1148
525
526
1520
1841
1492
162
2007
93
1118
1775
1667
1015
797
1145
1948
1096
981
925
1445
1341
2042
1195
1049
1136
652
1347
389
908
1517
1745
659
960
1125
1540
363
987
2026
980
23
871
783
1354
819
1321
532
1738
720
907
1461
1430
2019
906
482
326
16
5
1077
205
1610
393
366
830
1105
1469
1727
905
1396
417
125
1480
1894
1372
884
329
1873
1661
1052
779
832
597
1916
2048
1964
1551
795
1941
1633
1845
1961
533
1778
995
1627
596
1511
784
1167
812
228
1161
1678
733
48
240
1710
881
1578
1804
1212
695
945
752
1413
1424
1780
458
1781
246
879
1335
65
395
226
991
1503
191
1700
986
94
1863
359
1573
1405
927
1377
474
739
1133
1258
1822
1008
912
1532
265
930
323
1847
424
1704
2016
1198
717
1654
1206
546
1776
87
1726
480
96
1063
575
1291
80
2047
7
336
1762
1612
1477
1481
1887
283
1187
282
1865
257
156
872
1288
1614
1237
437
505
1028
688
421
382
643
944
373
1051
61
705
1965
1544
1222
2017
1272
85
1470
1539
929
1462
828
1135
501
1769
536
1093
286
216
360
1801
1458
391
73
1714
245
1906
1616
1117
719
786
124
806
1765
332
839
1763
704
215
223
1625
1392
850
267
827
550
935
151
1062
915
1003
445
738
1178
676
2009
1576
694
1959
707
591
800
4
1803
1956
1504
791
1505
1945
822
77
1580
1466
1432
13
1344
399
611
160
117
1977
36
1981
948
1213
1328
1054
1677
887
845
1269
193
2005
745
1706
1308
1756
1027
1528
951
1744
305
1992
1506
577
895
566
419
427
979
1065
1261
1599
1383
816
1555
1053
708
1268
119
1719
159
108
593
1796
1656
1147
1132
634
1284
1202
1754
1495
1260
100
1343
903
426
692
1588
1246
390
1670
1007
153
1149
1890
1537
1137
1060
1556
1716
1799
1658
2011
697
821
1725
413
1648
932
1048
1640
69
18
1278
268
1245
113
966
635
1393
365
1937
1263
20
2035
378
1081
585
318
1085
1223
1298
1141
1111
29
460
713
1660
539
1327
1360
1467
1779
1401
1346
299
1375
1244
631
2008
273
1646
926
134
559
1995
357
11
1825
1454
1045
615
185
512
831
381
1783
78
86
1521
759
406
404
1835
1683
984
1758
333
1611
358
1655
1463
208
1356
415
1515
1592
675
605
1139
545
446
1604
1596
582
530
44
815
235
1652
1235
1476
1662
985
612
472
553
777
971
942
868
765
1416
1617
121
1248
1933
510
138
1436
917
954
278
264
1119
1243
1359
1010
101
690
112
1398
303
1491
1861
496
668
1129
1685
300
560
1619
853
1242
1935
902
2023
369
976
1109
1037
1350
1518
17
714
843
1836
955
353
1453
680
1568
1770
155
1647
1023
544
189
450
1557
975
1798
1376
621
860
673
603
1562
1882
1563
98
572
556
1490
1953
699
829
1925
122
598
477
1022
115
1589
1957
1072
431
1000
380
1910
1971
1684
1164
1888
1666
918
1746
1924
1585
670
1860
685
1889
1534
1337
154
1867
1183
651
1489
1713
255
407
1434
347
469
1919
2015
1944
1174
1144
524
1634
1043
345
148
1464
131
22
384
1388
295
1901
1982
217
1250
1159
710
1682
1033
346
321
259
644
2039
276
1772
1124
64
1002
1909
1153
1438
33
371
79
768
414
878
1017
1620
502
1193
1281
1113
1554
1805
914
1483
200
1067
1642
1960
1697
248
772
1152
471
998
15
1115
1871
1755
1665
767
729
1448
1934
1743
682
1671
1282
443
934
1329
1720
1342
1869
1839
1766
2025
479
599
461
1317
974
1089
256
498
1486
140
1185
47
982
1450
341
1512
1197
84
1064
1990
1094
1693
1870
187
1970
899
890
1069
1301
1577
1622
754
8
1402
1410
837
1044
1400
584
667
990
1078
1455
943
1996
1140
1006
1395
1107
141
696
962
1855
1384
1737
1101
1565
1459
913
723
463
1058
702
693
1593
563
362
874
1431
1914
436
1819
1828
1750
2043
315
1154
558
627
574
520
142
201
316
911
1036
2024
592
1352
227
1947
174
956
867
2010
1644
1143
328
493
1295
740
1419
289
1423
338
1296
1252
1315
158
1790
1004
291
1034
32
1730
132
232
432
1851
1380
1088
1535
167
588
103
1785
1921
614
466
2037
706
1643
387
459
181
1552
212
1018
1560
583
1041
1618
989
870
1854
1275
30
1016
447
274
877
1538
1931
941
940
774
457
1771
1553
45
961
1607
1832
225
2
1651
1628
999
1204
609
1679
700
1686
1493
818
669
1962
1070
508
1236
624
1348
401
1134
1499
947
1501
1421
2002
483
758
429
1075
176
1878
691
522
716
1406
1695
165
792
579
1879
2013
115
1997
1143
764
1370
1085
1760
1494
372
1305
1546
812
1414
281
366
1719
457
497
33
919
1155
766
382
190
667
1200
799
1466
1751
1885
1959
1371
301
1336
288
1757
429
445
97
286
578
513
809
958
1622
1988
859
1677
1165
1667
1394
146
1814
255
777
353
148
1559
851
1484
1286
749
583
1964
406
1245
254
920
965
1562
132
1342
750
1315
1010
595
1863
1998
977
703
299
1261
1137
983
320
381
152
843
1867
1616
1592
1081
684
134
878
1234
96
416
437
467
1943
1110
1693
739
27
495
157
1594
337
1903
551
830
1298
136
1811
1361
80
1068
1613
456
1150
110
1980
1675
418
1808
526
1276
1069
1404
1346
601
1565
29
209
1391
1138
1035
568
1033
1294
472
189
2032
1366
1136
224
491
1015
1989
1844
1149
1429
606
334
2014
951
59
1853
1625
1683
795
1948
1941
89
1125
1367
143
1704
1669
2006
1113
1578
1
1681
658
1182
620
1375
137
1767
617
1433
1813
626
174
1817
1040
377
459
1793
2044
759
178
232
929
313
610
890
1658
1344
1449
329
259
1731
1444
333
647
1708
1337
839
1120
1874
1111
1703
1230
3
421
1966
1122
879
424
275
1889
1019
1364
88
1887
1849
263
670
1864
331
1801
1369
523
1928
17
1351
1833
106
109
1602
613
868
1537
530
2040
1246
833
477
1893
1374
828
1213
1292
1920
1922
969
1585
926
1790
1267
147
1840
1485
1620
485
423
1096
545
1431
1123
1604
1457
760
688
1929
1332
691
150
918
1725
1648
379
1357
797
1752
1477
721
82
399
162
1783
814
1700
1038
924
436
400
1194
623
53
1277
883
662
2029
124
1673
1487
1420
1208
440
1031
699
1944
1440
1632
1882
1987
656
631
415
794
201
1891
804
54
1837
1129
1975
1911
727
1133
1990
1836
1777
1697
1453
1907
648
1270
1806
897
1856
1720
775
413
1970
1829
1396
1960
826
113
502
296
874
746
14
1992
1060
212
944
1584
1795
1424
1660
660
1721
1978
494
5
574
955
966
385
264
370
1483
701
678
1386
1090
1329
1379
579
782
1904
1548
45
2016
1606
1524
1971
1601
1383
90
1446
473
195
184
1489
685
471
834
311
411
1495
1691
498
2005
598
1405
1872
829
1395
1619
1183
252
390
1397
131
1004
158
2001
1679
1647
257
1567
1724
153
2022
487
557
1746
1318
652
1682
1776
1387
1898
785
1377
1425
1412
1663
1714
1062
108
752
1994
398
468
1441
9
1491
1175
1859
1220
64
1845
149
1482
441
73
1728
1187
1067
555
1888
827
1030
1745
376
1547
202
1153
1897
1789
1421
1982
239
1428
1553
1334
770
680
479
1162
515
877
81
849
260
236
968
1070
1876
1804
682
1763
166
1378
1788
607
1330
796
1695
1202
1467
363
1749
1472
1152
1473
587
904
46
857
566
1443
1961
1995
531
1716
2021
1514
1689
1135
732
991
326
1299
781
2030
637
18
1335
1522
1513
155
640
1636
1321
235
1413
194
993
1637
1644
1454
1325
1061
240
755
1458
552
214
932
1905
1093
454
1803
1884
1273
68
985
123
75
1678
1439
848
917
1132
66
871
612
900
117
1942
375
1570
1064
1333
838
1591
1279
1169
1043
538
853
427
1103
669
135
215
1142
482
1545
756
1521
213
2011
629
1574
559
580
504
2008
2025
974
1953
1542
1181
323
1000
1211
1419
282
228
1734
1022
430
118
318
387
442
986
481
1091
6
36
1481
1779
1958
1219
1551
925
976
734
220
1398
528
444
1754
938
892
1758
604
1042
1739
1653
1390
1774
1497
294
1180
188
1794
1686
889
906
1531
1355
1706
668
1631
1302
676
1573
747
484
736
565
2012
403
1676
1909
651
816
1226
534
229
226
1256
2028
1566
21
322
1623
586
1881
946
1124
76
42
1288
714
7
1799
1177
340
988
175
1670
940
1480
1073
234
608
1805
1729
1058
512
22
1737
1199
1598
1498
1217
921
1430
225
1797
52
1285
529
689
1972
1045
1249
1908
451
16
87
943
1770
55
1871
1197
964
516
295
1166
24
992
1447
1518
297
584
1435
315
791
1154
1766
1216
561
1696
1462
1146
44
837
1819
1577
694
1917
960
1044
1723
475
112
563
1918
1232
1025
303
1543
1510
1963
2046
1645
771
130
1913
1657
2019
1954
1210
156
562
169
1156
982
1544
1461
1032
627
1950
122
1552
414
1733
881
1159
636
1936
1690
532
708
910
846
1266
1718
30
105
896
1289
835
1204
35
1985
1946
1406
1047
1317
895
1358
967
1243
864
1224
1581
1223
643
1901
1785
144
825
915
1557
217
1186
1629
197
1831
847
247
1628
74
1311
1206
1501
1512
1470
1303
1063
1744
858
762
650
1986
1930
1921
887
218
898
86
1051
1207
1327
439
1640
963
844
1164
693
517
1117
489
1275
168
1869
1074
1260
1050
58
970
1493
1408
1295
891
548
359
1517
1201
1167
1381
894
182
1306
1951
923
1456
1824
1530
1759
466
731
362
1426
1633
1741
107
177
1563
1193
928
1786
1171
1280
2007
1761
1324
681
1252
1065
1694
1465
888
995
1879
1554
1536
754
15
1382
120
645
1055
911
724
1411
1014
936
619
1319
702
1432
1011
1525
1272
1409
1823
1403
1722
219
1251
1147
571
1508
128
48
860
1784
395
291
1121
1579
1350
1170
1962
1523
455
23
312
978
1437
272
873
493
1571
1707
1538
1139
1161
780
1115
1781
1080
277
539
211
723
208
999
1116
205
37
490
1595
302
253
72
1225
905
1095
1492
994
2047
26
1174
1168
339
1075
1740
246
204
248
56
1105
1474
57
1078
556
1417
1102
1996
1083
726
111
1209
410
2027
1052
402
500
1460
1469
863
1037
1048
1356
1229
1389
460
803
345
884
1490
61
309
1108
973
1923
899
1400
763
116
952
841
242
1034
251
987
1451
939
125
722
126
2003
368
325
1540
70
1738
1527
947
1134
332
1198
1278
792
1705
1778
659
486
139
1912
1600
1842
1798
1638
673
378
1009
1271
1926
679
1244
206
787
1664
285
705
287
367
675
1023
1214
1140
391
176
2009
1839
581
1448
1144
34
347
1450
172
1257
633
776
690
1743
283
972
1792
824
127
1607
1755
1611
537
1539
1791
912
674
677
1626
956
63
1541
223
1422
822
564
941
1699
649
222
514
1762
1672
535
305
335
737
1407
605
692
1775
2048
1576
588
470
428
238
1668
1782
865
422
249
553
1247
1438
1231
975
1039
1372
307
11
1736
419
882
585
1875
713
593
695
1979
866
1283
772
1534
1402
450
293
1195
102
181
1099
47
984
433
1764
807
1314
1118
505
1128
1935
1999
621
981
2034
374
1818
802
733
12
1309
1130
1698
273
1173
1528
256
1082
1401
79
1685
1509
432
1652
778
547
953
371
365
1773
808
1233
1500
231
577
1359
1191
1642
842
1297
962
1641
449
854
1307
1938
1858
1780
258
710
1097
20
1933
818
1328
478
1590
1506
179
1665
709
1452
700
642
167
160
141
284
800
1145
1188
1478
1927
463
2010
198
902
948
121
1878
1258
1883
1621
1608
1825
603
935
1847
1765
1687
1316
1254
1427
1131
364
861
193
998
200
1114
4
1354
1059
1596
397
597
518
1654
661
1865
129
1832
730
69
862
1185
525
180
1338
1464
1603
817
1347
1176
907
310
356
1056
813
1242
343
2031
1582
945
1984
2036
1313
1348
119
793
901
815
1046
462
1268
1376
1468
644
2004
1459
1630
1418
1617
1293
1203
1127
546
1222
1852
1727
1949
805
1192
1002
412
1588
1100
13
540
1535
753
811
1442
2
1919
913
728
85
1445
164
509
1712
1499
1580
2018
869
761
719
1973
464
183
1077
1264
740
949
1662
1304
1016
1239
767
278
1868
1178
99
1006
560
1320
304
65
1362
1024
1726
1503
1860
280
1012
77
417
957
937
1639
409
268
1787
916
1322
823
32
1892
1609
1339
2017
1235
1947
245
1925
1343
2039
1769
979
1861
1349
1300
959
582
357
599
1516
308
980
741
903
1848
806
1932
618
1772
1931
499
942
1599
274
1434
191
71
1558
1899
1003
524
798
271
1894
1597
1877
508
596
1587
1098
821
549
78
836
1838
654
1993
1476
1007
25
852
1021
392
405
832
49
269
476
707
1363
2042
161
1809
1702
1423
1107
611
1896
1816
954
1392
31
1479
1730
1768
1112
1659
717
725
233
1008
1026
19
1520
641
1066
1572
1717
95
1655
2035
646
810
1119
1945
1310
290
1089
867
1088
1532
408
664
1549
1569
1496
1810
1934
573
151
1771
1436
443
1651
2045
615
1471
872
210
142
616
544
1661
1671
990
875
60
380
1870
1710
103
628
2020
536
292
1057
1827
1680
572
1290
653
855
1163
748
554
638
401
1515
1650
92
1236
1820
527
687
1866
1212
1158
351
480
909
1284
1605
765
1880
1263
1684
1957
914
1900
2023
1851
386
989
1326
698
997
1041
1742
51
1388
1281
1262
1455
1952
1550
1352
1385
1368
840
1812
407
1013
230
510
173
1502
393
880
1843
114
1511
425
83
922
1756
84
1274
511
1486
1747
589
243
496
328
729
1345
1715
373
1157
98
819
1902
1564
1071
2033
1807
1353
1977
276
10
2041
1732
1151
744
1259
40
657
773
1237
1148
1556
348
1692
1854
622
350
1415
1017
1713
1910
289
341
250
735
50
453
501
1005
2026
383
1282
1087
1967
1160
465
1821
446
635
404
1589
1106
639
1560
1841
614
435
1969
384
591
461
570
261
666
319
1802
1635
845
788
1533
927
458
227
634
1750
101
655
704
159
933
171
503
697
237
1753
1643
519
1834
870
543
8
93
394
671
1215
1575
1846
1822
1735
1796
696
1255
140
683
1287
316
1094
1646
1189
104
2024
1627
507
1399
298
221
1610
1141
1666
1593
1079
67
1241
745
396
609
1615
569
567
1101
1341
758
1649
624
434
783
321
1312
1529
1360
1463
1519
520
1828
1076
349
452
1028
1053
630
1940
1228
438
355
1955
934
774
2000
338
715
1656
576
389
469
1568
43
352
850
1674
820
483
1711
1331
1983
1238
306
600
1505
1308
266
779
1830
831
241
1269
522
165
1800
279
686
324
426
711
1190
207
768
170
133
1001
1179
192
1380
886
1815
1240
1688
1618
244
1956
1873
346
1924
488
592
185
738
542
1895
1036
431
360
1826
1835
1126
1624
1205
1857
262
1586
996
784
336
91
1410
718
1250
1612
663
369
706
950
100
1850
199
1365
1939
265
1049
1561
665
62
1416
1974
1384
590
1054
1072
388
2043
1526
1020
757
1976
270
1092
720
1084
203
1221
1555
1968
602
327
1914
216
1748
930
1296
1027
187
1018
786
1291
1323
885
342
594
521
856
358
742
1301
1862
420
632
1265
314
541
1915
1906
2015
39
1172
716
743
1253
961
138
1393
1373
1227
550
876
769
300
931
492
1086
1614
575
1507
1218
474
2002
1504
41
789
1583
1109
625
712
1184
2037
506
558
1981
1886
1890
801
1488
154
145
1709
1991
1634
533
2038
344
672
317
448
1701
1475
908
354
196
361
28
267
163
330
186
893
971
790
1248
1196
1340
447
1937
1916
1965
1855
751
1029
94
1104
38
