452
123
448
99
174
333
396
294
244
281
32
361
408
40
22
460
261
303
175
34
152
343
92
301
170
325
440
409
304
91
146
119
190
319
112
127
241
423
475
402
165
306
35
6
265
419
336
121
271
390
228
160
236
55
506
488
376
148
3
358
96
166
320
136
269
68
16
140
135
69
310
115
464
425
369
11
399
101
54
105
335
296
176
218
360
30
321
461
357
400
133
291
186
149
224
45
473
184
365
373
467
216
77
280
338
211
485
235
60
442
217
378
219
113
214
254
171
487
249
147
292
150
435
163
469
74
78
381
72
441
62
499
70
229
129
394
266
232
242
107
134
504
384
424
471
345
51
33
7
426
86
474
437
382
331
182
237
212
351
196
221
103
398
38
505
238
410
457
418
278
267
100
157
340
58
465
388
445
76
494
205
143
81
172
259
187
366
159
337
372
202
89
42
379
450
162
322
28
258
326
128
145
164
413
230
496
328
151
349
17
346
401
422
239
454
397
479
374
223
131
332
317
220
194
41
227
427
120
47
195
490
111
180
316
429
491
250
367
455
453
98
213
404
300
459
80
463
509
284
375
14
193
247
255
156
339
46
295
155
273
56
283
299
63
240
197
198
144
431
312
253
305
327
428
104
93
411
417
204
117
354
502
511
478
252
8
181
67
347
84
139
208
362
90
97
169
476
290
248
138
501
380
389
83
59
210
377
395
231
403
106
449
233
489
466
286
420
500
79
383
287
142
209
256
188
330
5
483
433
407
510
201
480
371
508
48
512
481
179
314
177
272
108
412
53
29
21
329
311
492
495
353
356
443
364
438
447
436
25
482
257
52
268
302
477
185
109
37
439
405
355
279
64
406
352
31
486
49
234
298
275
415
270
462
309
387
246
178
344
468
27
282
183
110
61
88
50
87
26
472
43
456
493
124
192
421
274
94
189
161
446
458
19
102
200
44
264
130
15
315
243
324
289
203
73
1
125
308
199
393
307
414
173
36
385
318
116
82
323
498
71
497
215
444
23
141
370
288
126
137
503
430
207
392
363
262
293
65
277
158
153
276
285
225
2
391
132
263
114
4
18
451
85
470
342
222
245
75
191
24
95
206
507
167
348
432
154
484
39
341
168
13
9
434
66
20
57
122
251
10
416
12
313
297
226
368
386
350
334
260
118
359
97
360
260
234
123
44
459
420
497
187
180
131
448
348
141
33
246
261
134
284
166
232
193
88
211
353
487
272
244
170
8
471
230
285
393
382
251
160
113
304
312
511
286
250
80
326
359
237
20
436
369
208
322
240
220
277
328
161
6
432
365
255
7
339
292
81
329
293
198
451
124
137
149
419
357
367
278
358
290
179
227
368
82
18
370
162
496
139
87
30
320
444
399
72
401
463
439
387
163
66
371
390
438
214
505
194
177
209
457
499
224
380
341
140
85
17
136
372
236
48
73
138
314
158
311
154
215
128
381
435
228
58
375
5
509
492
104
470
317
300
324
427
231
35
111
376
458
468
391
32
507
342
47
153
347
143
203
268
421
331
258
323
406
183
243
245
411
226
182
238
386
354
374
479
373
422
78
453
61
295
196
45
242
184
410
213
274
257
29
191
404
490
38
414
210
133
11
305
310
306
501
510
57
400
495
315
477
52
25
40
346
271
54
392
178
455
397
395
9
327
74
204
456
157
476
498
413
361
46
417
418
350
50
334
337
63
467
233
43
36
486
148
192
10
351
412
239
426
434
205
185
218
102
126
319
24
280
344
135
150
86
84
105
146
247
483
176
69
442
28
212
3
452
21
264
101
22
407
325
364
254
79
147
144
200
446
1
454
279
316
129
379
270
385
415
189
90
223
155
504
165
107
466
122
120
93
298
110
31
71
225
409
308
263
332
494
275
352
99
132
398
164
388
114
13
130
249
489
366
142
484
512
156
294
318
475
186
493
423
461
296
338
362
115
195
440
112
262
473
62
26
349
217
83
447
433
41
289
394
307
405
37
269
335
145
19
356
92
443
378
42
384
201
266
474
2
291
363
500
168
265
116
503
283
301
222
39
169
109
299
430
276
27
416
431
221
259
450
75
297
469
34
56
336
402
429
248
12
428
206
472
65
345
119
53
313
14
355
252
273
267
321
330
175
481
309
77
59
465
343
287
282
103
55
449
480
94
478
207
49
437
76
256
408
64
502
188
127
108
89
482
151
190
174
171
23
67
125
98
488
303
403
152
95
70
51
281
117
377
441
229
235
197
106
253
216
219
383
464
460
508
121
91
167
462
15
340
172
425
181
288
159
60
485
445
424
506
333
302
16
118
396
173
389
199
96
68
100
4
241
491
202
493
491
439
79
349
414
30
323
192
427
247
8
261
510
23
154
40
183
83
104
2
218
209
163
411
116
216
424
425
344
365
28
507
224
363
276
489
416
64
450
193
345
479
25
206
351
433
103
99
446
114
41
97
435
407
469
327
484
204
198
421
305
131
74
246
343
123
171
37
173
498
240
477
495
437
352
295
202
426
391
346
453
509
497
93
108
1
39
98
494
185
373
101
219
381
298
274
110
73
38
419
492
502
87
20
412
158
196
92
465
166
487
53
330
289
18
481
200
374
478
506
496
199
88
235
445
17
307
157
169
309
302
227
252
54
482
471
249
348
217
239
75
107
138
347
329
318
150
142
360
201
51
109
210
331
129
69
388
4
203
164
180
44
67
155
397
476
144
189
242
175
464
265
269
332
504
84
13
6
399
287
408
124
312
475
115
490
368
335
336
135
208
341
472
197
474
277
468
306
45
57
72
146
283
483
394
383
480
361
402
512
118
232
428
366
508
326
325
456
470
262
181
297
165
19
459
382
398
71
288
319
410
233
241
90
503
281
121
178
100
362
147
485
313
418
117
177
377
237
444
447
111
63
337
359
452
389
436
431
264
505
56
16
380
461
33
24
350
228
213
333
258
141
61
139
358
462
390
105
293
438
248
234
334
392
356
420
317
15
260
466
223
60
62
448
187
174
455
161
409
270
376
255
294
499
423
58
316
378
369
42
14
430
128
143
385
190
91
160
36
7
113
353
263
133
238
195
275
458
338
162
5
451
52
156
304
278
186
273
245
417
422
89
303
324
188
48
463
55
31
214
403
78
148
393
314
386
85
406
486
159
127
320
167
230
308
65
387
220
322
221
340
3
76
259
86
132
170
396
401
211
152
11
236
136
59
145
282
300
449
440
50
95
82
106
400
244
77
32
405
290
488
243
212
226
10
253
26
21
176
280
191
120
12
328
370
379
311
367
267
94
342
429
134
473
413
315
137
395
172
151
231
460
80
441
268
168
354
415
432
286
467
271
179
222
301
291
256
205
321
34
371
70
364
215
122
102
254
310
375
35
299
296
500
112
434
9
292
442
126
81
225
125
207
372
272
279
96
130
266
454
501
29
250
43
457
257
404
47
339
153
511
182
384
68
284
149
184
355
194
140
251
46
229
22
443
285
49
27
66
357
119
438
46
300
491
3
305
297
69
107
256
343
75
460
301
187
24
389
392
223
356
481
33
311
312
473
431
247
188
79
89
142
168
113
374
293
217
200
164
139
128
313
105
62
295
405
443
153
152
345
246
88
59
353
458
341
304
468
103
360
179
258
395
183
63
100
38
394
369
380
328
475
403
477
263
182
127
43
334
271
27
294
227
94
207
29
404
45
172
95
365
220
266
209
64
265
510
177
440
350
302
482
8
441
320
116
501
469
321
10
485
134
237
342
494
422
408
429
110
123
315
36
467
37
397
129
163
68
260
420
204
154
99
35
264
121
71
359
91
170
471
52
505
159
413
248
203
414
292
158
502
47
149
15
178
140
30
406
398
416
442
267
337
197
500
20
484
283
28
447
96
367
454
61
324
470
307
480
452
216
44
193
464
349
261
11
86
102
276
287
191
424
401
98
74
333
174
238
101
483
399
14
506
234
137
31
270
400
273
346
391
437
202
461
368
212
282
66
253
221
331
104
310
309
489
51
351
22
173
111
80
190
150
303
423
381
325
296
279
354
269
184
259
236
319
114
376
228
214
53
478
60
120
141
229
415
155
430
145
250
70
194
25
244
322
425
291
252
439
254
290
50
446
453
348
32
186
7
449
34
144
419
240
226
112
181
108
498
135
56
330
249
87
81
386
387
503
169
166
201
218
19
474
314
92
284
126
433
396
344
16
402
492
363
106
508
275
382
125
455
336
371
49
335
162
326
115
299
6
58
84
198
262
76
180
65
512
176
233
4
421
487
361
82
357
410
67
48
132
286
239
5
157
195
255
329
26
83
133
143
85
306
42
213
462
288
372
409
378
465
457
393
122
444
57
445
222
151
366
377
427
241
432
205
54
323
55
2
496
225
407
9
308
208
463
278
148
192
109
499
456
257
493
211
338
189
373
215
418
136
280
41
370
459
411
497
175
511
171
412
504
146
379
417
448
384
117
77
165
476
316
274
119
160
21
231
388
13
355
434
317
130
147
507
196
277
268
347
332
390
12
466
451
385
281
364
251
285
23
73
185
18
362
219
17
131
161
298
327
472
436
383
495
97
235
40
486
490
72
224
167
375
289
352
39
124
450
1
488
93
232
243
318
245
272
118
78
156
199
358
90
428
340
435
138
509
426
210
230
206
242
479
339
321
465
466
432
144
358
136
263
240
469
229
79
395
231
343
110
69
215
325
375
238
101
120
239
153
436
163
82
127
90
502
148
285
445
247
246
423
205
171
393
347
487
366
162
501
24
467
27
313
250
142
253
6
317
113
68
307
296
98
86
243
261
220
201
355
266
373
327
200
222
248
426
331
478
509
391
203
262
32
177
320
383
43
431
132
334
438
372
146
414
446
354
202
37
306
60
428
130
288
172
157
337
398
419
121
418
181
88
500
85
105
504
294
44
251
252
235
387
1
283
441
410
279
407
76
198
34
468
273
282
180
91
20
301
193
488
92
213
319
322
187
269
344
145
315
176
308
474
456
286
38
316
219
388
87
311
385
182
103
384
216
259
84
368
223
126
40
475
233
477
471
167
346
9
405
218
349
134
370
417
46
379
458
365
481
15
510
61
309
381
3
51
314
413
63
333
277
112
389
342
404
310
435
470
451
131
272
16
10
411
421
378
493
30
382
190
94
161
35
191
489
109
484
115
125
122
114
394
192
102
497
409
267
495
492
485
2
39
57
499
406
340
209
498
300
225
25
291
450
332
129
479
304
348
111
360
297
258
81
338
169
26
420
75
455
351
230
155
280
440
212
139
78
472
430
158
361
323
116
400
271
402
54
71
459
185
186
11
18
335
106
149
236
227
416
204
437
490
22
287
318
242
4
108
295
107
96
336
362
429
452
226
245
70
33
21
138
483
164
104
52
289
150
357
58
49
512
140
257
292
151
89
302
67
210
268
64
260
74
454
194
425
399
241
376
199
166
312
156
341
482
80
448
255
228
188
397
12
118
45
159
412
457
390
506
56
207
141
276
439
256
377
367
447
350
128
422
13
73
494
197
133
396
274
270
95
14
443
363
434
433
173
449
31
175
97
179
249
124
293
165
244
189
290
41
329
5
345
352
117
464
154
353
356
7
184
206
232
371
137
183
328
298
369
8
461
36
234
424
178
100
19
401
364
453
415
480
254
427
476
50
496
505
152
324
392
119
507
143
491
374
93
29
444
59
460
503
83
211
386
359
224
275
462
65
403
195
28
326
196
174
221
442
303
330
299
208
473
147
284
408
55
237
508
278
463
135
168
486
170
281
17
160
123
72
77
23
264
265
48
217
47
305
214
99
380
511
53
42
339
62
66
314
330
200
20
13
281
3
139
319
453
84
473
63
118
323
38
71
17
269
489
219
487
49
41
396
305
417
384
478
454
176
108
143
437
198
460
233
209
207
184
274
449
221
164
426
485
344
36
347
208
382
259
406
421
83
505
24
16
61
446
264
146
500
245
386
320
215
67
450
160
211
170
312
508
171
152
31
22
455
232
351
220
304
428
356
140
317
359
313
89
96
68
373
263
408
97
295
476
92
157
415
471
294
116
302
250
77
163
308
434
204
5
189
246
494
33
326
336
389
11
19
367
393
345
394
151
57
495
402
365
504
174
109
99
463
86
185
80
148
470
50
340
88
462
206
56
258
235
512
287
411
425
442
368
44
120
199
279
179
87
74
76
218
353
25
214
410
498
342
203
466
429
484
282
392
334
186
136
441
331
387
115
117
401
378
244
261
435
90
180
253
309
124
210
445
168
114
315
188
439
82
293
12
502
278
95
30
10
147
352
472
480
212
94
59
506
509
292
486
223
177
405
125
457
364
231
167
141
119
285
165
112
465
137
354
191
2
241
316
52
85
324
459
255
286
452
242
169
240
202
423
254
272
300
493
290
413
432
374
477
128
66
181
385
6
298
238
348
409
205
142
158
270
153
42
284
481
301
311
122
100
458
277
407
360
482
131
55
216
366
226
337
81
252
27
355
303
9
26
464
501
190
381
46
173
8
106
307
150
14
475
424
98
398
469
430
4
375
227
329
310
335
448
75
507
358
135
29
34
256
510
237
51
467
144
229
377
93
318
28
224
236
416
419
103
333
483
113
341
306
247
397
363
436
91
225
69
195
391
234
102
239
444
280
178
79
7
297
412
503
447
488
350
130
379
222
491
196
257
399
438
54
32
499
72
496
251
395
111
262
105
183
362
78
47
414
371
48
349
418
404
45
440
346
388
328
21
60
380
194
133
260
126
511
154
201
299
70
296
156
327
166
39
40
155
248
123
339
427
161
35
62
479
325
268
187
175
172
273
159
217
230
474
266
403
228
23
390
370
18
58
145
456
182
1
461
192
213
64
197
162
65
332
265
357
422
369
138
376
383
283
276
129
372
361
193
243
492
468
43
101
420
107
288
321
490
73
15
104
134
132
249
37
53
121
322
400
451
338
289
149
443
110
343
275
433
127
291
497
431
271
267
507
58
109
8
305
66
438
126
177
44
95
24
398
124
62
446
379
404
187
91
80
38
484
390
284
181
339
226
196
247
257
402
316
286
354
459
389
493
228
349
412
326
231
151
70
84
430
61
159
371
372
311
40
348
330
485
201
477
105
352
351
103
353
198
300
431
83
428
190
324
28
447
99
116
22
89
57
393
464
449
165
168
50
184
457
194
277
149
344
409
123
461
51
419
210
388
384
445
290
492
183
367
259
318
366
208
415
4
72
13
462
90
129
47
31
297
443
448
501
281
414
261
442
20
108
173
7
246
341
422
373
475
199
46
12
6
310
299
169
505
75
510
11
54
364
216
37
319
308
192
382
244
150
346
251
193
153
25
98
162
317
107
278
463
154
161
296
79
295
71
432
41
104
182
301
271
273
306
9
188
152
413
135
411
269
180
481
494
427
130
312
144
186
467
42
16
260
378
499
471
1
230
509
207
272
375
488
176
418
487
399
148
131
10
285
36
331
125
142
134
355
292
512
254
368
274
215
360
242
127
17
441
342
444
86
386
35
280
407
48
19
400
498
383
170
224
111
495
97
172
275
478
363
179
465
240
332
140
94
202
65
209
157
417
147
333
506
337
156
174
112
253
288
387
340
30
229
321
117
405
73
287
18
235
268
496
380
279
175
163
437
101
237
32
282
434
401
468
435
291
53
222
119
309
63
64
450
469
345
440
92
479
74
233
370
423
408
369
416
160
100
270
27
410
264
460
396
403
294
212
502
115
356
504
166
335
395
343
200
217
267
67
3
304
178
480
265
303
221
454
361
258
81
59
406
359
470
329
203
114
232
482
49
328
205
374
138
145
137
302
327
381
26
322
206
490
474
102
248
223
39
5
195
289
219
392
158
189
93
424
456
78
234
241
365
358
141
214
77
429
476
76
110
453
252
336
120
439
88
452
236
185
213
155
313
391
255
451
133
243
376
220
132
249
357
262
323
211
45
433
143
106
87
420
472
455
334
15
293
421
23
315
486
164
225
60
113
239
69
283
347
508
2
43
122
483
171
394
34
56
307
167
325
276
191
85
33
426
473
250
436
136
204
266
377
14
385
238
68
139
197
511
466
128
256
29
298
425
338
362
350
489
118
503
55
227
245
52
146
497
491
314
320
121
218
21
397
96
82
458
500
263
275
331
423
426
401
455
311
257
189
313
366
153
447
392
462
61
23
406
413
62
44
68
326
492
388
268
176
411
203
327
5
472
294
360
90
230
255
80
2
209
389
486
478
59
490
405
437
206
433
323
395
180
465
359
56
338
197
96
273
92
371
505
159
398
279
459
453
302
308
415
281
167
4
53
239
292
148
39
260
307
403
340
343
132
74
170
111
353
139
145
133
324
259
290
261
306
456
445
188
319
512
95
151
136
309
14
49
412
33
451
229
376
263
105
210
363
396
253
439
184
174
496
77
212
300
430
305
45
116
134
191
354
28
211
43
22
93
36
375
443
186
434
347
231
26
495
509
7
1
473
187
491
29
315
86
264
274
98
154
441
79
156
171
497
223
295
73
244
109
11
280
185
114
482
361
409
78
46
8
158
110
120
242
450
65
402
168
99
501
346
85
507
121
246
21
345
208
378
358
34
75
179
178
103
181
201
177
471
417
235
240
269
384
225
387
350
190
498
71
123
234
256
414
438
24
52
481
297
483
55
379
243
248
91
457
463
328
454
383
369
113
149
282
469
266
493
66
241
339
500
81
146
166
251
27
377
316
193
299
155
150
511
404
421
332
97
127
42
215
147
216
393
233
474
144
271
449
470
124
143
222
129
270
291
6
296
420
3
72
196
488
199
468
220
108
226
157
18
480
381
202
182
16
106
506
38
152
289
504
217
284
475
47
304
219
58
128
467
286
161
355
432
205
448
104
410
25
30
237
365
391
41
238
303
162
320
479
484
107
163
228
102
64
285
461
262
87
125
207
70
19
213
422
510
301
138
351
247
394
227
84
419
9
69
249
287
460
499
349
466
20
386
164
337
325
278
135
214
50
446
372
67
435
277
428
15
265
494
385
236
115
245
424
367
364
100
452
112
487
390
298
436
173
258
356
283
54
397
118
169
272
427
40
362
341
374
82
370
458
101
165
117
335
119
329
357
442
140
10
288
32
122
333
317
131
232
348
192
254
57
444
336
88
399
200
344
94
51
35
31
318
252
83
502
293
60
334
221
141
267
489
160
194
17
431
76
368
440
400
89
204
373
198
425
130
342
476
407
250
321
352
382
276
13
310
418
224
312
485
126
142
12
503
172
37
314
464
408
195
322
477
137
218
48
183
63
508
416
380
330
429
175
117
210
162
168
266
500
228
301
92
294
292
425
397
290
86
135
130
446
388
506
50
226
400
323
382
488
4
392
132
223
453
2
44
23
248
100
322
68
435
286
447
19
214
136
64
474
194
195
416
444
206
495
325
179
346
288
32
299
264
507
39
101
276
216
234
439
378
278
484
61
291
54
7
9
315
161
105
411
448
341
148
111
71
497
281
492
491
49
118
142
203
141
432
365
419
163
236
190
21
196
357
329
258
320
314
3
42
160
433
298
113
354
15
340
345
381
293
84
224
287
22
180
225
172
213
297
393
231
155
443
503
12
487
391
385
307
69
215
418
318
119
414
379
222
123
324
457
338
110
53
505
192
437
77
285
304
167
207
367
454
421
233
271
245
122
191
372
317
395
462
352
144
78
310
33
87
96
89
465
337
14
143
31
387
140
106
139
467
300
26
20
55
108
349
417
494
219
76
73
166
374
436
399
30
328
485
472
283
344
366
182
401
333
230
8
496
475
463
331
410
218
116
221
133
330
250
124
383
48
81
358
309
171
449
91
82
80
35
466
40
147
183
176
134
256
473
270
303
262
63
217
146
370
471
486
97
189
66
458
158
452
423
47
249
389
127
165
277
267
37
308
296
342
361
205
246
442
261
138
164
235
461
257
279
34
373
319
409
193
269
469
386
10
187
131
45
427
316
254
41
460
93
121
94
272
302
348
426
229
43
90
29
18
511
156
445
313
362
128
252
420
242
359
259
170
72
211
455
295
36
62
95
102
501
70
470
232
75
412
429
152
396
394
350
58
16
238
450
112
150
376
107
268
321
502
468
363
274
244
280
1
353
368
98
227
493
243
199
509
356
402
398
129
490
157
332
478
438
424
305
115
28
480
51
240
103
186
479
74
88
380
482
67
282
477
441
510
145
456
434
351
440
25
263
464
52
508
498
408
212
173
371
241
428
198
38
169
181
459
174
512
390
377
56
27
209
151
311
306
6
415
255
178
57
46
504
481
327
239
159
175
451
109
413
407
114
120
247
430
265
85
237
5
149
339
220
99
369
208
406
375
65
284
326
24
431
125
251
343
335
273
188
79
403
364
137
126
360
499
347
384
60
83
275
197
11
289
336
184
334
204
355
422
59
260
185
476
200
177
17
489
483
154
312
253
405
153
404
202
104
13
201
320
251
415
107
322
261
218
72
198
159
385
8
178
217
496
91
57
1
93
353
265
267
494
171
15
449
309
338
302
350
189
511
427
399
305
404
24
378
191
121
311
234
289
346
89
510
296
66
342
69
434
256
323
324
36
360
341
21
201
358
227
505
421
153
51
147
493
214
307
430
472
281
161
436
139
497
145
128
40
216
405
9
423
448
118
33
308
298
177
393
195
484
313
489
245
337
512
433
403
239
215
413
157
373
11
243
435
207
357
106
370
250
477
174
129
125
109
242
326
301
351
110
264
41
440
362
328
3
290
30
99
185
459
225
61
377
124
237
488
382
333
85
483
429
504
80
6
135
392
416
316
460
141
19
132
480
204
247
390
379
240
303
188
407
223
112
53
398
268
437
388
160
419
27
173
231
13
455
482
450
327
176
306
44
60
258
426
137
401
325
412
20
452
446
97
408
75
329
470
116
260
284
285
278
102
86
2
48
241
136
165
330
354
82
56
39
158
92
490
23
424
32
441
282
280
202
88
42
291
193
162
349
471
248
233
199
381
375
491
465
395
4
432
366
288
467
463
127
224
52
315
17
142
503
468
26
263
63
254
150
499
255
246
95
287
73
122
196
439
166
43
31
277
486
355
500
169
262
371
283
443
38
87
208
428
210
64
131
474
104
163
78
54
376
232
402
271
418
219
300
343
7
34
49
454
363
220
444
339
312
133
103
119
259
495
83
79
197
292
509
417
331
321
111
50
359
414
475
76
74
409
274
194
314
396
130
203
485
275
389
442
279
14
144
151
253
183
180
65
236
206
498
146
120
431
462
340
310
244
293
134
25
481
273
192
347
352
226
222
47
16
422
335
90
394
230
228
374
447
286
154
211
28
473
367
77
383
411
190
469
384
45
272
461
138
156
269
143
372
492
62
332
400
164
502
476
387
117
501
172
229
344
304
345
364
451
410
318
175
113
336
406
155
235
487
12
365
317
425
84
10
29
126
81
266
213
334
70
458
478
181
445
67
209
386
108
5
46
114
98
186
200
149
506
123
105
101
212
457
168
37
369
170
140
348
479
252
100
71
96
368
380
184
221
187
59
249
167
456
58
391
295
35
319
276
182
508
68
18
55
115
148
205
438
297
356
179
22
397
464
238
507
299
270
453
94
152
361
420
294
466
257
