1386
797
1661
2608
30
593
3160
3843
3129
603
3002
3213
980
1269
1360
805
3883
3284
319
1259
1729
3175
3841
2966
1251
1803
444
2573
1090
80
786
1076
454
1389
2323
1612
2765
2930
2470
2758
175
3278
528
743
3793
515
3627
3995
1891
177
166
3617
3407
2407
3642
2643
3592
794
4054
1956
807
913
2220
2636
2145
2642
594
1497
4028
2091
2885
1524
1758
418
1934
3579
3388
3990
4094
1298
740
2743
4032
3595
1012
3582
238
529
2066
1325
3204
3695
3519
3638
2462
2246
3471
2342
993
2804
745
623
961
854
2360
1675
2578
245
153
1371
2346
3865
135
2678
2616
3862
4023
3280
302
1674
4087
138
3668
1893
3230
1597
2922
1127
2286
1024
3217
2815
2702
637
1751
66
3533
2171
431
405
3838
812
128
1420
1998
3572
283
62
611
826
2372
3975
3697
3311
3518
2174
3842
1077
1093
1692
228
399
3624
3296
2132
1204
4015
3574
1943
2285
3455
3083
903
823
2231
825
3646
981
1650
3829
2187
3091
4074
3452
584
1625
978
2266
1668
250
2908
2534
821
1303
2210
1959
2486
1474
3331
36
3938
1372
1483
271
2168
1142
1626
3295
2322
2842
235
1308
3930
694
4
49
3051
534
757
1435
386
2425
2887
2403
1279
3876
2223
3484
3723
2594
3787
3547
1203
2326
3840
198
1584
2722
2972
3861
1836
2673
2688
1422
3181
312
2440
3027
3666
2447
599
1819
1432
1383
2877
1379
1304
918
2046
261
3757
1924
3871
657
2539
2133
3396
2760
2667
601
1292
1
1999
4016
1129
835
2562
1820
2209
462
3710
2596
3332
447
330
1147
1048
1268
3626
2515
2756
2655
1144
3245
3918
1794
2943
1267
2942
521
3094
1542
158
256
3732
3587
422
2484
1021
3521
2746
3653
1479
3411
547
2305
2016
3099
2820
836
1749
3294
3341
3530
1534
1020
2969
692
2526
3151
1060
1745
481
3054
2032
117
606
829
3688
1154
796
1210
3271
1786
733
1107
3664
3777
3952
1770
2206
2087
2136
1638
3046
2713
249
2893
3492
4038
2840
2128
2161
1526
3441
3656
1520
3030
3064
3750
1997
3904
1861
2404
1034
2924
2415
2442
860
3614
1085
791
722
1566
568
1653
2436
942
2089
1682
1000
1646
3445
3272
1200
627
4082
2808
1088
24
897
969
3985
542
3440
213
720
2899
2593
3194
201
3069
3950
116
1504
3660
3806
520
1488
4031
1982
3613
3336
2487
949
3097
3964
1981
2022
3174
1143
3669
1616
2021
1870
1516
3798
2367
1354
2796
132
4051
2076
1715
2736
3146
714
28
141
3762
463
1594
2991
1709
1759
3344
1491
1365
1690
313
3500
746
473
1809
2011
1527
3183
518
303
1295
1949
3114
2464
1696
1811
58
1787
3494
2656
2658
1318
950
2988
2892
2914
3496
3470
2488
888
1097
3731
2010
1601
841
1848
2874
2592
1359
827
1507
2362
124
2744
2475
905
2395
3250
2453
3235
1698
3100
2940
1980
931
557
433
3043
446
1260
2045
2278
3322
982
1373
3268
1609
1382
414
1876
3156
3489
2117
3475
2491
4037
2706
1177
1155
1315
291
3019
1230
282
3648
2381
1448
1140
1481
664
3583
241
525
2158
1841
1561
1314
1283
2324
2767
1541
190
3214
2320
533
3704
3120
2944
2379
763
2483
967
3109
1904
1345
1206
2508
3013
402
1554
923
2762
1394
1552
328
2902
1545
99
2504
2617
3765
59
3758
1736
1311
3191
371
3755
1123
2216
2875
2645
810
1299
195
3636
2211
1859
3921
2335
3549
1790
3923
935
1771
2416
2150
3600
2137
3560
3276
3182
3299
1622
1357
1028
4090
687
1975
2058
1392
1273
1880
1938
3875
774
1871
1484
2664
73
2785
2572
3860
1991
1439
3741
2509
2761
1677
3796
647
846
144
1591
555
1098
3561
155
408
3537
660
3517
2298
289
2680
2897
788
3958
1976
326
693
3738
2465
316
2998
3067
1442
3090
2818
2239
3730
1407
2399
1459
2878
3279
1470
645
830
2421
2834
1235
773
2849
866
298
3385
500
1855
848
1104
146
1285
1238
2586
3792
546
1108
2255
2607
1017
632
4041
3749
187
3323
1192
3345
172
2414
3256
156
954
591
2724
3809
3031
3119
717
1176
3153
2393
3242
727
3761
1629
2528
5
3935
513
3684
2621
2160
47
335
3998
701
1862
3186
496
1530
3775
192
3630
3789
764
2698
2251
2178
1907
1887
1647
1042
3454
1141
2894
3934
210
3474
3412
2019
1513
559
3264
1571
859
1815
2273
2720
1872
946
3368
1190
561
782
3968
3317
2256
777
2376
3432
3895
2794
2630
3851
1977
253
1707
1551
3426
840
3855
185
2364
3021
1453
2038
3490
3466
1684
3085
75
2205
3797
2406
1132
2569
123
1993
1057
1191
2835
1964
1656
3748
3469
1954
3026
3485
1796
1071
760
628
2292
864
471
315
1280
3523
1197
2166
3590
3531
895
2772
2071
1617
1996
457
644
1079
1340
118
1592
4084
963
3260
925
1858
1463
2164
1589
69
2289
3234
3604
3137
1053
1214
1250
1852
400
3369
1396
114
76
3833
4036
624
350
709
875
3430
1782
13
3029
586
4071
277
464
2433
3074
340
1341
2845
2411
1689
3931
1687
3781
468
3912
1121
1106
3023
523
3724
3606
290
1761
643
2169
353
1632
492
3447
837
3141
164
2053
1881
1781
1128
1162
1242
3737
1908
2228
3739
236
3028
2385
3286
698
3167
597
3922
1225
2985
955
1731
3443
2065
263
2532
3128
487
2057
2050
259
3047
3056
3712
1901
3444
4075
1955
1627
2459
129
2510
1747
1688
3431
3644
1337
2950
3742
688
2088
2712
3425
1054
2538
1018
223
3671
1257
729
1665
662
804
1929
3287
3515
1415
2190
2383
1471
3338
2224
103
556
2430
476
2546
3095
2037
700
2734
226
3320
750
686
626
991
3158
334
530
2823
3632
3428
792
2853
2912
3080
1271
2219
3825
1867
2097
3562
3943
173
3372
2916
3655
432
2649
52
3915
3176
1356
3057
2343
486
2865
4021
3824
3319
3795
1431
2861
3692
633
186
3987
2124
1454
39
1247
1126
3193
1344
3857
2262
838
1065
1577
1423
2221
2660
3812
3993
2478
1496
203
1224
3756
2115
531
3568
356
732
1899
1008
3651
798
2527
1610
3122
1029
71
3389
1388
820
1697
2002
3772
2725
1045
2581
1600
3585
267
1764
2811
2052
1094
634
2070
3785
1462
1343
1801
91
3932
456
1408
240
1670
508
3016
2020
2006
497
1183
526
2634
1506
1821
191
3778
3906
1501
2787
2582
635
68
3461
1494
799
2983
2604
2389
2127
154
3888
1630
2054
577
3508
2691
1131
1007
996
2554
3449
3493
2817
181
2970
268
57
3483
3327
2165
813
1193
2506
2795
2718
2850
337
1738
768
506
3543
1146
3722
1461
3111
1309
3997
3039
517
2644
279
2134
3969
3001
1882
2753
2451
641
3589
4088
3150
772
2143
1211
985
2587
3641
2334
1347
1277
3429
406
3619
598
3973
317
1958
585
3827
361
3991
1036
3473
3535
1606
2826
292
168
3101
1619
1678
503
3274
1775
3746
2025
2843
3358
2871
3467
2329
64
1429
1984
2670
274
202
1691
1614
3387
2980
3594
2659
224
3198
84
1468
3512
3045
3845
3788
1558
3546
2739
2521
1330
1049
1795
1329
248
2707
2366
3053
1912
1570
199
1289
3093
2195
3012
1927
652
1052
2317
60
1148
1839
369
551
428
1390
2269
1983
2869
2410
659
2330
2585
2740
31
3890
3557
484
696
3340
1056
617
347
1947
1264
1231
2611
3769
1735
1145
3263
395
3834
1863
1363
10
886
2579
3751
3397
2960
3226
87
3096
3363
1579
2007
2723
1932
3166
404
381
2674
494
689
766
40
3504
3996
1232
604
467
4083
1834
3709
2287
1399
3650
945
3303
1170
3154
1804
1249
3545
3665
2705
2946
296
125
1450
1533
2750
3308
896
1987
2755
3849
972
1027
3894
351
3550
29
1798
14
3058
571
728
2086
2284
1502
1562
511
1256
3577
725
1101
1409
3928
1035
243
1704
3133
2768
3866
843
3254
1772
758
2234
1595
65
1030
881
3360
1339
1757
133
1645
3954
3192
3909
672
997
416
3620
3060
2624
2957
1457
3017
2606
2777
691
363
20
1555
2198
2191
1385
2494
2836
1644
1686
1447
706
1460
1263
1705
2901
3232
501
4053
3514
3596
1789
1089
1951
2665
1240
1414
2973
1171
900
3367
1850
1013
1100
2568
1150
1465
1769
1721
1493
806
3237
2214
2492
1297
1806
2613
1272
793
2896
1988
736
3384
3171
1546
3850
3282
575
3569
425
3743
1287
85
3960
3163
1401
2336
2891
3116
1138
2341
403
1802
752
1405
1350
148
1243
1480
3212
2862
3458
2696
466
4007
2797
157
884
3393
2213
2398
2203
3914
712
266
877
620
1130
3007
147
554
2446
1133
3716
613
1166
3291
1679
2951
2295
1840
3510
1061
941
1182
231
2701
434
3754
2162
278
1730
3052
3165
4040
767
3228
924
1449
1219
332
474
2408
352
971
3946
1760
442
2122
3395
3382
2694
3351
3779
171
718
3348
1825
865
2264
3791
1377
3042
1328
2357
3872
1370
580
2622
2638
610
392
2029
1536
1156
2561
2589
2270
2247
339
2485
893
438
3635
651
590
2737
671
600
3236
2119
858
2118
2530
3246
1878
384
3578
2394
2294
2997
343
2104
1754
808
130
2921
2350
2175
1851
1864
1521
3324
4068
3542
2197
828
2095
2774
107
1081
3124
2101
989
553
3211
663
3687
2369
1270
3302
2141
2429
1732
1033
2005
1151
545
2386
2525
552
2441
3853
2726
2709
2557
2886
682
4070
514
2277
94
1971
1095
1473
2417
3105
560
3802
2939
3439
3293
1164
779
2699
1514
3161
1221
1369
43
3008
2692
615
2271
4065
855
2454
254
2121
37
275
1335
458
2872
3033
413
770
237
639
1112
2810
2663
2574
3877
1227
921
1398
1911
1246
1890
3014
1618
621
4042
2784
3891
3628
2297
1783
2031
976
3370
3103
357
1633
3442
723
2941
3366
385
2907
281
1528
115
3015
3202
2631
2813
2851
2321
2043
196
1395
1702
9
1537
1063
3713
3886
232
1458
2348
1818
2681
3884
1205
323
3082
3783
800
3735
55
3601
2098
965
3911
1576
2114
3949
1835
3364
2775
4064
2363
917
3398
1293
2056
1547
1700
2229
1716
2142
3460
595
1189
3715
3807
2008
3355
61
2987
1944
3773
2069
388
1495
2654
3144
1720
2431
1165
2290
3522
2822
3520
3270
1965
3049
3377
751
105
2911
880
2910
3903
1785
2537
2267
2
2185
3848
140
121
3963
3603
789
834
1556
642
3786
3898
3147
879
911
3705
2391
2614
1026
3386
1067
161
679
907
122
1134
958
550
3476
1384
1233
2378
3826
673
412
920
938
1167
2304
4011
2237
4027
2173
86
681
4009
3273
565
3076
1578
1833
3576
3378
110
1019
1419
2602
2103
1117
2779
2759
225
2533
784
1860
1662
3374
1032
8
3661
876
3437
2948
3314
1869
3571
939
2619
3032
2079
1236
35
287
3878
3401
1125
2888
3392
2752
216
2708
2106
2771
98
2361
563
1302
234
1436
3215
2511
3394
3025
1050
2073
3863
2584
783
2333
3631
348
2033
2014
1845
3553
1942
3497
26
1276
587
2272
2524
354
2353
3478
1518
3240
183
2243
1178
2111
1181
483
2279
549
2003
1741
3209
2226
811
3210
2512
2792
3955
850
3253
3495
92
3700
3300
2490
3699
3383
1006
3902
23
1680
2347
956
2215
3231
2157
944
2100
527
3663
1894
1346
1469
3022
2883
1136
1711
2466
409
1652
17
622
2867
3005
27
3706
1208
3919
966
1317
2903
737
2662
1313
3805
3703
3696
2601
2690
258
532
1223
1031
4039
2588
3506
1768
1410
2300
581
373
149
1066
2301
2479
1477
1535
2482
1349
359
1188
3188
3900
898
2809
1966
378
1478
1972
1037
3584
3974
3200
83
1765
3486
159
943
1519
1228
227
2030
2349
3634
1725
957
952
2120
2978
3556
2693
2974
182
4008
4055
7
1043
3190
1706
222
1539
1522
3219
2629
2575
2163
2199
3110
1685
2640
3804
3400
4000
572
2637
3532
2799
708
1300
987
1753
1374
1788
4029
1175
2108
685
2961
702
1598
3127
3179
2847
3427
1778
2909
566
1919
1962
1548
2188
2633
3711
77
3305
2083
1503
2135
1543
3329
2945
3948
2041
127
3820
460
1719
3307
3189
3352
209
3839
2034
2112
2116
871
1793
616
3544
1492
218
3657
1397
929
1080
1960
1393
3409
2055
1808
2552
2307
3261
802
2954
1712
2684
2556
4033
1226
3131
1508
3143
3941
3586
1510
3362
2245
4044
3224
184
762
1895
1288
1639
3971
2131
1865
2880
1714
358
4052
1001
3701
3266
2148
150
1587
2806
3070
3481
3970
1854
1055
2048
1333
3373
3564
3677
3479
1355
3004
2402
953
3117
360
2993
2477
2207
1940
1168
376
1828
3920
2042
2458
2474
2469
2618
1621
3733
215
3726
3967
1412
2959
3288
1599
3465
32
878
909
1296
322
2748
656
853
3424
3420
2473
1451
3879
710
3563
3835
1158
2352
839
1185
1613
883
493
2146
3708
111
3745
3981
417
1989
2881
2082
2201
2716
1739
3491
320
874
2873
1456
1683
3927
2392
1124
3024
344
2303
477
1777
609
619
1817
3325
415
1430
3580
1245
2976
1051
1824
3006
3380
2536
544
2505
2261
3649
200
742
411
1728
2257
88
990
1925
2599
3524
180
1827
1918
665
3929
3538
2258
1642
3774
3249
265
472
2958
1564
3451
2882
2890
2217
4017
120
1490
366
379
3947
2423
1041
2651
2204
2281
759
4058
3330
3810
221
1883
3942
1217
204
3674
3410
3477
558
429
2018
341
814
3201
109
2233
2925
3729
3408
2964
3072
1172
3794
669
1946
2523
355
2424
3419
397
3077
2068
2570
4093
2790
2564
3643
960
3353
2183
1305
167
3075
2989
1002
765
1252
870
2064
1327
1844
194
2351
596
3252
2986
948
3615
2789
3404
2493
2949
3685
2230
1868
3652
3356
2855
255
1135
3145
3066
2540
4004
3155
1961
96
1194
3225
4049
145
3501
2051
3413
4067
4081
582
4026
1756
3328
1433
1565
769
2783
3505
536
3670
540
726
1281
885
2558
3588
2516
612
3936
3925
380
3170
2719
1404
3803
3480
2299
2816
3992
2359
3346
933
936
1195
2542
1091
1380
3238
3945
1750
3768
3978
3421
3148
2844
3959
1611
1898
1928
393
3983
504
1607
1826
2868
564
592
3221
3453
2028
2544
2123
3667
382
1338
247
1666
3511
244
908
2184
3984
2426
2373
678
3196
3937
1810
2418
2612
1418
1198
4025
1879
2786
3916
1103
824
2920
2316
1201
1038
1723
916
3852
1039
2308
833
2647
2371
1608
137
975
2448
2338
2828
2476
2704
1838
1307
3832
3
1529
1351
3901
4089
2412
475
1222
1572
2170
1005
3870
3247
2437
1022
653
3767
2854
2825
3988
1320
3433
1791
1695
3126
3702
3290
1213
1593
1425
1799
2092
4020
1179
2186
3339
3371
646
410
100
2710
3108
1582
2375
1440
588
695
570
3361
2331
2926
872
753
2742
1015
1776
3509
3686
1605
1239
1846
1444
2923
2956
1813
3846
2623
3134
1694
2952
1726
2400
1643
2498
2852
3681
3359
2838
3463
1917
217
1120
108
3819
2937
522
2729
2866
1637
2501
3000
1708
539
2144
74
1553
790
1900
1118
252
1427
781
394
3223
2502
3612
2094
427
2683
3599
1581
1763
3940
3621
1116
2358
2648
439
3172
899
4092
2463
1452
2149
3784
390
3554
1455
862
2798
1284
648
2529
1681
1499
3503
2222
3343
3822
4076
3063
868
2253
3689
2439
3086
822
1375
436
2999
2738
815
2189
3828
661
211
3814
842
995
136
1673
79
3178
142
2965
3315
1040
2839
2263
3567
3121
11
3694
2480
2427
3035
1635
2682
2254
3764
3195
1254
2172
654
1575
3244
2675
1139
3893
3526
3457
2288
1755
479
2382
744
962
1853
1047
2468
3815
3976
469
3173
2327
1489
1517
3882
2296
4078
1779
3690
2677
1995
1163
420
3347
3951
95
1438
1445
3610
3216
1586
3357
2769
300
285
605
3905
1992
3399
1873
3551
3229
3044
674
1464
2282
1973
2805
2577
307
3081
3858
102
1623
2745
2936
2471
2077
1084
2027
1906
2764
453
3836
295
2824
1482
3450
3844
3725
1058
3487
2600
655
1717
3565
2848
2695
345
3112
2049
2700
4085
1261
3446
2080
2646
1044
338
3720
1265
1406
465
4030
389
176
3206
2990
2208
670
1323
299
3059
3899
4069
1952
2830
4018
178
3205
1897
1856
2062
3197
2309
2260
2105
1416
1941
1767
4057
912
4060
3633
524
3682
3079
1413
889
1752
775
1064
1310
1229
2778
1342
1087
2827
2293
3799
1102
297
2380
2776
15
1009
3310
2898
747
2456
721
3629
3435
1319
1710
1648
3149
1875
4096
2283
51
1105
1957
819
70
3513
3728
2672
2522
208
346
2727
160
163
488
2860
756
914
1718
3913
1187
301
189
1312
440
2177
780
56
139
3168
832
716
3597
2666
2971
2063
437
2113
801
3744
2274
12
919
1990
1585
325
959
2099
1713
1916
2365
3910
3414
1511
3816
1523
1742
1111
863
754
1434
286
391
2179
1967
2396
2180
607
2559
3593
1331
3009
2311
719
1358
1544
3251
3659
2711
986
4034
1509
2236
2735
1909
2513
3218
3248
3062
485
3227
4056
2870
2807
2697
3782
1498
2241
2757
1538
3873
1274
310
3874
631
1837
3416
3536
507
2248
2994
1847
1892
3854
1784
1583
1266
2438
1237
3956
45
3203
2313
992
1829
795
910
90
1805
2632
3376
1568
1212
46
867
3859
3177
2067
3265
2626
984
1968
1262
398
1641
583
2140
1321
3707
3817
1391
1923
602
311
2467
1849
1376
3422
2900
1792
3406
1075
2339
270
2927
1574
3185
902
2800
906
2763
502
2661
3939
3018
3856
2275
2345
2547
1301
1905
2090
2747
3087
3637
2858
1774
1016
1569
2904
2864
3527
329
1485
1550
1199
2227
2984
3869
131
579
4003
1428
1525
1596
1979
739
738
730
459
1651
2154
2833
2238
3456
1467
2276
2107
3068
1515
3415
2337
3502
3464
342
3986
2590
2280
1220
1724
1931
2449
53
3275
2929
3207
887
1915
3169
3977
3658
3953
569
1920
2420
2995
3801
3830
2832
983
44
1628
1748
927
1580
928
22
3037
578
2610
1241
112
3448
1913
998
852
1387
2730
892
3625
3184
1693
1115
2387
1110
2159
34
3381
2721
3678
6
3349
3591
1291
932
2023
3335
424
1367
1011
1099
3602
1896
2933
3098
3811
509
1421
2859
2906
3187
3640
3333
370
188
3316
667
1426
1086
2518
1970
3199
3885
2401
2846
419
1733
3982
179
680
3770
2801
3152
1663
2192
3038
3306
3727
435
630
1209
2968
206
387
430
3766
3241
1068
448
940
2879
3559
3790
818
3092
3994
3157
1832
2931
1174
2356
2915
2497
1306
3468
3011
1353
574
16
845
3759
2012
3050
2947
1157
3255
711
3365
2856
478
18
4095
2635
1885
3740
3434
3130
152
3673
2535
3539
2895
2917
1939
3516
309
3693
2312
2225
1475
2102
246
2551
304
324
169
1215
63
690
2252
4047
974
1437
1903
2733
3831
482
1830
443
3837
2182
576
2603
3605
3243
2109
2017
1152
1797
2167
1381
2452
41
3140
1994
2075
3334
1812
1654
3472
713
2567
1773
375
2481
2928
4072
2773
2802
891
2457
2024
1676
844
1149
1352
3222
1441
2583
3622
3003
2766
1322
567
3933
1096
401
214
2918
1082
4061
368
2129
3780
230
3864
306
1159
3180
2422
2514
1160
979
731
1667
2979
1658
3118
1113
1914
1631
3402
650
973
776
365
2788
3304
3541
50
288
926
3721
2812
3088
4024
89
676
1486
2368
3342
999
3020
2545
2212
162
294
321
2151
1446
2200
3102
82
3616
4005
2232
3281
3089
3887
1180
2657
1699
3897
2074
2503
2499
2627
3528
3680
1253
1368
2749
703
1985
272
1822
831
2703
1531
197
2039
3488
3036
512
3390
3403
305
1137
25
495
2714
1275
1476
3132
2428
2732
426
2548
1816
2837
2026
2126
2919
2679
3719
2078
2405
2507
2829
3498
42
2388
629
2884
1186
677
2218
2152
2332
977
1010
1403
333
3736
1640
239
3220
1573
3142
3297
1910
1953
1184
1588
3662
2096
755
2549
1072
543
1634
2110
1877
2639
372
308
2242
4001
1655
450
3525
2938
1003
4022
3813
3698
684
455
364
2609
2250
3747
2460
934
2302
2876
3159
3106
505
2472
2685
2754
3979
445
2814
3691
785
1025
538
3115
3164
1800
1557
3125
930
251
638
2489
1886
2913
3999
2652
2314
1937
2081
3405
715
2344
778
1324
2001
1744
3714
2731
3107
2676
2650
4006
2782
2000
1950
257
4063
2013
2996
1986
1930
1083
1884
894
72
1169
1119
1843
1326
423
3482
4059
3570
2580
1664
817
1922
2194
2455
2093
2620
3104
470
2015
1936
2390
3139
2953
1762
1023
2374
3821
1831
658
3552
3061
1472
1567
3277
3645
2905
3989
1874
1532
3965
1255
3676
242
3289
2249
3459
2962
3350
847
106
4046
284
1740
1866
3055
861
2315
377
2791
704
2728
2963
2125
81
1216
2432
4019
2565
2821
1334
2605
3573
3896
490
220
3084
2857
1069
421
3258
2291
3823
857
562
3312
3961
951
1807
970
3259
2009
3301
3957
2434
1857
1746
2553
2318
2461
21
2975
2687
1234
2328
2717
1974
1540
1336
2669
2061
3771
3123
890
2967
3285
3326
151
3679
2495
205
2981
2147
3257
3917
1660
2047
2155
849
625
697
3267
4086
2955
1073
3717
1316
2138
3753
3818
2060
1889
2181
1218
4050
1737
2841
491
1348
1400
38
3010
1701
2244
1636
3529
573
1362
113
1963
2982
2139
3418
548
264
1014
4073
2576
3354
3071
1505
1969
3607
2934
480
3337
33
3113
3233
2591
2419
2153
1332
2653
2235
2541
1933
541
1559
3417
4048
1512
2598
1466
1649
269
2517
1823
229
367
3623
640
2265
2932
3881
2268
1046
260
4045
2641
1207
143
3423
3309
2863
4035
19
3566
2036
1624
293
2445
2563
3548
262
964
2628
1361
1659
1004
126
535
2992
724
3575
2781
2595
1290
2560
1062
707
1417
3734
3763
2435
3608
3647
3962
2819
2555
1814
994
1672
2085
3041
904
3292
1258
816
2741
3239
374
2831
873
869
589
54
4013
2450
1122
48
2370
675
1161
1563
3078
3138
2751
67
4043
362
461
4077
1948
1842
668
1286
510
3880
3534
331
2196
1487
4002
3436
2500
3162
608
318
537
1153
519
1294
636
119
749
3908
2176
383
193
3321
104
2443
803
4091
2625
3507
3907
1603
2444
273
1282
165
3776
2571
2340
3269
1078
170
441
3318
3040
2715
771
1766
3672
988
93
2686
2889
2668
3972
2040
748
3966
3611
3892
699
2130
2793
735
3800
207
4010
1888
174
2615
2770
3926
1114
2259
2072
1560
219
449
1411
3867
97
2519
3438
1244
741
2059
1070
3618
3639
2354
2550
1248
3048
856
1602
2803
276
3847
3375
1092
2193
851
3675
3868
3208
336
451
937
314
499
2520
1590
4062
1424
1669
922
1734
3313
3944
1722
3598
1615
2377
3135
407
327
787
3752
4079
498
134
968
3760
2780
3654
2496
1743
3980
2325
1196
4080
618
3499
1620
3262
882
683
809
1604
1074
1902
3718
2084
761
1945
901
614
3683
233
2935
3555
666
1921
3924
2671
349
3136
4014
1109
101
3073
2597
734
2306
915
2531
2035
1780
3379
2044
2384
1443
1173
705
516
3889
3462
4012
3391
2689
3065
1059
3298
1378
3558
947
2409
3609
1978
3808
1202
1278
2004
1364
2977
280
2397
649
2202
2319
3283
2355
1402
489
1703
1926
3540
4066
1727
1657
1366
2310
452
2240
3034
2156
1549
2413
2543
2566
1935
78
1671
3581
212
1500
396
2216
4071
663
3568
1831
2953
2785
2162
3117
3699
2642
1704
324
2224
1880
414
1923
1692
83
3506
3641
1311
2330
3535
1443
3165
1397
2225
3824
534
160
3481
2985
216
1388
76
1134
2501
3450
3413
1189
3078
2376
1975
1588
45
378
2365
2437
1574
1006
1504
2947
2723
90
123
1281
145
1306
861
686
204
3768
2075
4082
3920
2265
1814
3727
1614
2640
2758
2609
1529
3221
3247
901
2506
3418
3332
2570
1976
1528
4077
41
3704
495
177
1384
3120
2021
2015
4056
1434
1851
3400
164
3639
3182
543
1946
2860
727
619
33
1452
959
858
594
3044
3493
1590
1054
2184
1668
2187
441
3156
3112
2447
2514
1407
1034
1993
3760
3608
366
1994
50
1425
1249
3620
49
1843
430
1247
2366
2132
3652
2583
2934
3351
102
2511
273
3153
934
2341
1643
1754
209
3349
1882
1121
1681
3645
131
2765
2267
1309
571
2617
779
490
4041
2811
1970
107
666
1108
1233
4070
3495
2991
3440
3293
3682
5
3318
1809
3872
1722
1959
108
480
2560
3960
572
330
2988
3313
851
676
457
374
1524
3595
632
808
1401
3826
2286
3169
2063
3881
1481
2194
265
3028
78
3834
3040
3737
2092
2782
3176
3964
3061
3260
3083
3527
3562
3924
818
564
1450
3795
1844
1542
1194
2586
1057
3514
3592
3932
889
1318
2784
3657
2261
2902
2512
2907
310
2423
2623
920
2424
118
393
3252
1525
565
1444
780
200
48
112
3666
2881
684
1454
2035
2679
2538
945
2772
385
1955
1010
3742
445
3726
2250
3388
1259
3681
853
2070
3664
38
3022
878
2717
1286
597
2751
372
2724
398
1282
1575
3251
1501
3455
70
567
1509
1209
2332
3086
1104
2874
80
1739
416
829
1
3075
1280
1430
350
140
1198
3031
1144
2580
1969
696
620
462
4029
2664
313
705
1264
1616
3266
1518
1555
1253
860
617
2693
1350
3679
3614
3926
3864
3534
246
3811
2497
894
1770
1027
1760
1461
3678
418
2688
1298
1085
2660
2796
3733
1803
2480
3689
592
2942
2627
1211
3613
2532
2329
2722
3798
3197
1059
1693
1654
3792
3408
2009
1690
464
1493
2284
3717
895
437
2829
530
1513
939
1965
2317
3211
2433
3739
3744
1914
942
3000
2730
3409
3841
2322
1789
1458
3758
3006
3463
3394
3667
1236
3101
1703
3425
3210
589
1688
64
4067
2102
2179
720
3897
2675
4028
1260
1289
1310
2615
352
2771
3298
2836
3147
1418
1163
4008
3725
384
1583
212
214
1846
1526
1361
2384
1086
1377
3499
2935
1291
1694
1999
668
2025
3930
812
1516
2682
2091
3612
2727
1373
1660
30
2940
476
1228
3844
798
1491
1507
2503
3995
152
715
1731
84
1143
1275
2598
1788
1095
2258
1990
3541
1940
3270
1913
2051
2639
1051
1605
2757
1623
2980
1351
4073
1011
2124
2756
2922
2749
3473
2387
2681
1176
235
1985
3284
967
870
3842
549
2439
2088
3253
1021
775
440
1131
2694
29
2886
2956
1033
2422
2276
1317
2268
3392
1637
3783
738
1116
3105
722
170
257
743
1090
3804
221
3227
1870
1598
2493
523
759
517
1840
888
2728
1062
488
754
3598
1019
312
1248
287
2606
250
109
1455
1448
3412
608
1534
270
2508
2128
433
3977
2315
1558
943
3997
472
2613
993
1683
3887
2875
3843
724
2731
622
3817
1200
3319
3632
4019
1625
1963
3004
2849
4047
4022
2975
1596
1565
1785
3766
872
3849
7
1737
3596
1872
2705
2095
3311
2955
2364
1536
2123
1715
2089
3748
2551
2360
863
602
744
3975
1606
1837
1802
4051
2734
1587
2911
144
2470
3329
1470
750
2927
545
1947
3850
994
199
2386
3832
3457
3359
3746
694
3219
329
1942
1168
3571
2257
3576
4075
2242
3952
1641
3677
3685
333
2797
3870
639
1427
556
3381
223
2319
1932
3840
2093
1063
1908
835
3029
2698
3355
2373
3694
584
2938
2370
3563
1103
16
2383
2114
65
1133
1854
3204
4049
1808
1755
3203
31
3278
3774
62
2416
3610
197
1058
2984
3528
1875
2150
233
692
3615
2926
3045
698
644
1479
3234
1360
268
56
778
990
3490
2208
1331
1720
4040
454
677
1926
1510
2198
4021
3162
10
2851
295
2288
1199
673
985
1842
1166
2401
2968
3026
3573
2904
1674
3978
1500
3271
4043
2989
3469
1634
2624
2445
1357
1836
3946
2185
2879
1595
2406
3662
3985
2884
3154
300
281
1673
2176
2280
2348
996
3772
2058
2788
1547
2029
3364
1415
3151
1356
596
1453
1358
3873
3195
1115
711
1137
1436
2567
1647
3020
3126
4060
516
2262
2458
1118
1753
3164
2142
2270
2752
1196
3773
2450
1106
3722
1888
1787
2957
3142
1217
405
3027
3382
2215
4087
412
1203
463
2066
2061
1329
3902
1853
3076
1594
2409
14
2109
3558
4000
1227
2542
3370
2396
1460
2352
3121
72
1290
654
786
3687
2593
656
548
3097
2852
2239
1746
1400
1822
101
3348
575
2308
2668
1613
1730
2133
3776
1081
2031
2143
1610
346
1071
2539
1628
3172
2750
3159
570
896
581
1486
807
2158
560
1008
3511
3808
2761
2568
670
1185
3994
3877
3462
838
3859
245
2072
3389
1124
1307
3905
2157
2421
3042
2353
4023
913
2160
2415
1930
2778
2214
956
713
2304
4062
3602
3206
2017
2545
401
3384
3350
611
2738
3629
797
183
3233
3544
3875
1957
1172
2760
3828
2369
2972
3703
1816
1909
3096
2112
2799
3010
3295
3158
2482
3202
2481
3209
353
3710
3618
1392
1699
1295
4020
146
3853
3431
3884
2256
1953
1819
1839
129
3549
2882
364
2661
1342
3272
1848
1219
2653
3983
3325
485
188
1697
3447
1345
332
162
4065
39
2032
389
1675
1742
406
147
1267
3443
816
1420
1478
2007
1780
323
536
1162
892
1665
2672
986
1663
2346
1110
665
1735
2842
3069
954
3131
2566
3305
2266
2626
2912
231
661
616
399
3724
2232
577
739
117
2278
1522
182
3426
3059
3088
3900
3993
348
1265
4058
741
2855
3815
2714
187
1885
3516
382
868
827
2848
3367
671
1002
3152
2753
520
2840
2316
77
4080
3670
2488
1549
3235
2622
2110
633
2259
134
2687
2509
4052
1912
1175
881
2798
1366
2697
3561
3466
3863
1563
2887
2446
2460
1186
500
1553
1896
2554
318
2016
3752
1001
559
762
2402
513
277
4010
24
2491
3807
2636
2069
1561
685
2171
2543
2181
1960
247
1719
710
3728
3430
1218
3809
2393
1245
1600
2987
4032
950
1701
691
3309
435
3604
1328
359
646
2916
345
607
2097
2071
591
3482
2010
3818
280
3923
210
1567
1197
4034
767
918
3421
347
761
1074
269
1835
2134
3548
961
1676
879
603
467
848
972
3291
873
2467
4
3356
1656
563
781
1353
259
3520
362
1066
3312
1414
3410
1813
675
373
2894
3510
3095
2113
2392
1312
143
2182
2971
539
1013
3011
1207
2362
3021
1322
946
3181
1026
2037
3962
4046
3237
3857
846
526
2237
1724
3542
3589
1997
3546
842
2235
3644
3778
2800
2917
3187
179
3660
2026
2790
1449
449
203
1487
2841
351
3232
2273
2686
862
1862
111
755
1155
4026
482
1469
1919
1268
2328
1517
172
1766
776
890
1980
1621
3255
4030
379
728
174
3003
822
2919
3261
2685
1191
1545
3837
1687
3141
3671
3375
3292
3799
2465
2905
1157
2173
442
3236
3327
115
2251
1642
2394
1883
3619
309
2203
937
1070
1795
1222
3452
3788
2702
546
831
23
337
1886
3344
2768
819
2218
2813
2457
2602
383
1389
3301
3743
3218
1272
1830
2192
1945
953
2454
4083
1213
2764
2399
3730
1279
2068
1782
2961
2737
3888
3911
938
192
1178
623
3575
2018
3719
609
1187
2594
3279
213
3091
2357
2505
757
370
731
344
3085
2047
3497
1983
1276
1629
74
922
3949
491
3449
3254
2998
104
3257
319
3404
3215
1393
3970
2513
2869
1936
606
3249
3813
3526
2949
2700
1552
3030
1533
1262
100
729
3892
3803
474
1602
136
1284
2847
785
2312
2209
3814
2156
1042
899
2889
765
1708
3422
190
2518
3979
1046
392
3143
1752
293
421
255
2616
3680
2486
1308
1496
69
2287
1212
1773
864
3921
2739
3634
1503
527
3642
1658
3419
3264
2827
2340
1428
1910
2867
3695
1874
874
103
1404
1748
3551
2808
2704
3442
1214
2137
2418
3338
2323
3986
1201
1771
2347
3212
4085
1978
3378
912
1817
1820
1484
3583
1726
3940
2815
574
4039
3762
3599
2674
1758
672
3432
1696
3716
2873
3626
3331
800
3465
1987
3530
716
6
2028
1256
1514
1929
427
3479
3630
97
3230
2475
2086
1776
916
1374
36
573
3106
568
1818
3436
1763
1202
2944
1229
2451
569
898
1630
801
3956
423
905
2644
403
1128
2654
871
3708
648
3880
4078
2703
2899
2817
278
1572
105
2741
3846
3600
2504
2710
2042
2937
3053
128
2117
3910
1159
3590
2492
2238
4037
2367
1667
1225
3889
3245
3556
1548
2966
1480
2264
2130
1797
3942
693
1250
2662
2666
1432
3557
1622
1412
3454
3735
1564
1505
180
3945
3697
740
2895
3110
173
155
3802
3489
3092
2474
276
3161
2535
2631
2576
3508
3376
2320
3023
3341
3996
2976
1998
3686
1968
1554
552
3879
2164
2240
2648
3437
763
595
1072
2896
1783
1876
524
2419
2429
977
737
3513
3167
1889
997
1325
4011
2571
1576
1467
1903
948
2595
3545
2131
3127
3655
3858
1689
2525
1905
2294
2745
504
1464
3129
3488
790
3648
296
2191
2520
1087
2090
3759
3485
3283
326
2898
1385
3721
178
1899
2858
22
3093
1251
1662
1181
3199
1036
1383
3444
3931
1475
2038
2746
2689
1076
810
721
709
426
1620
2041
289
988
3459
1238
98
3118
857
2012
1538
2199
2909
1379
2924
2226
2177
67
554
2564
3529
839
795
2766
2
1711
3906
3060
3761
593
3637
1728
3434
541
1376
473
186
511
2120
1299
94
965
1130
120
1339
1135
2351
2725
311
3317
1604
3878
1091
681
2432
3328
3635
1426
1644
3927
1866
510
1745
2621
772
875
2720
712
2883
3263
2055
730
3517
419
2671
717
2812
1639
1617
3125
3368
167
3354
3281
3397
1004
915
2843
2496
3064
306
3621
3658
2820
3352
2864
3661
1355
2709
1527
3729
2356
2189
4061
3094
1332
989
2743
2592
1523
929
4031
2830
3239
3668
3111
3891
599
1695
2476
2659
2400
2533
2888
3299
375
461
3343
159
833
2736
2141
3893
824
395
963
2530
2098
254
3475
2633
652
1859
2629
438
2754
208
2487
1258
2495
2300
2582
4005
687
1995
787
497
3794
921
3441
651
2959
649
207
1252
3324
264
2646
791
540
2999
1304
1827
2059
2020
1897
674
15
3777
1468
821
3402
2336
1821
1826
1126
926
1544
1627
2023
2222
783
3304
305
1003
3523
2865
2108
2657
3036
3016
3763
683
3756
2804
3184
1336
3339
2678
991
1502
2246
4054
553
1935
3537
3333
1792
1109
588
770
66
2104
3492
734
377
3854
2805
2001
3830
3665
1632
885
2052
1540
3784
3035
3420
1972
1543
3656
1928
450
2929
2832
1075
3445
2729
171
4002
832
1151
2920
219
452
154
2163
1140
2327
2247
2211
3250
1472
1849
1653
930
3825
3136
884
2821
3805
1283
2941
2440
3564
2715
1439
1068
3315
404
1149
53
288
1566
736
3569
3796
641
940
3522
3625
161
2643
3170
2641
1255
1423
4079
1117
1702
2292
1962
1944
3684
1179
3692
1698
1916
1560
2148
3001
2877
3707
1884
928
3290
3611
1825
2318
2890
1215
236
2004
3380
2435
823
1682
2138
496
2814
981
266
2523
2045
2405
664
2277
998
3904
2060
1812
1494
168
3072
499
3208
3423
1794
2516
2866
2839
365
508
925
2254
1749
1871
509
226
753
42
3048
3160
1810
768
3555
331
3353
1230
2893
1413
483
2272
1127
1768
13
2936
802
2880
1864
3820
2997
1020
1465
1123
1223
2378
1348
2101
303
1603
3554
2361
1898
4042
1012
1570
2507
3347
1231
2065
2960
1073
746
2027
2846
971
547
3586
887
2343
1160
3054
3133
3032
3446
3287
3019
2680
2269
486
357
3939
1061
3559
805
2080
320
1152
2683
3640
1254
2932
1177
1120
2197
3373
3342
3310
371
1530
1811
3856
2809
2298
1405
1867
3401
1774
2575
2871
1424
3712
701
2795
3074
3869
907
185
502
381
2930
4074
122
1618
3909
119
2217
459
1476
2521
725
531
2742
968
501
1445
224
1611
1457
3107
2096
3464
2147
3265
1161
3403
601
3033
1119
2136
3701
2426
2556
4069
1171
1799
2721
2552
1539
2524
566
1205
3277
2459
936
1327
1790
3715
2149
3448
3163
2309
2777
1193
1977
1052
2828
3369
3757
1597
2701
2691
3385
1829
3155
1992
3178
3581
2652
3525
582
1796
932
2619
1924
335
3567
1083
3532
697
429
3751
1438
2478
1024
2056
1550
3190
284
2077
3379
2420
3188
315
847
2692
1195
2900
448
1680
3171
1781
37
1044
1769
2107
2992
1902
2637
1805
3123
515
1410
756
1648
271
2573
3597
3524
184
2522
1531
2649
2677
2019
3609
3827
2787
3387
3539
845
1294
1943
2562
3015
3124
1716
834
3407
2696
979
1153
2948
3308
262
1285
917
92
432
3574
1399
2604
3244
2918
3013
4063
1239
2024
1521
2285
3077
2868
815
95
2236
3173
1798
1382
955
804
1435
3241
1398
2379
1183
4013
71
3933
1986
811
3572
2281
2835
139
2146
1174
2699
3594
148
1578
3114
1823
3767
4093
3984
3145
557
2413
285
1204
87
3868
2630
3861
498
1077
3496
1582
1925
47
3395
3494
2126
234
642
3476
2220
1067
73
3540
3521
2377
2548
1278
3998
3547
550
3647
88
2690
2345
2145
1492
1216
2207
2200
1105
2252
386
1053
2718
1577
4033
3453
2716
1804
57
3438
1321
1422
600
4004
1014
3627
1039
1056
2943
2502
1626
2321
1114
679
3269
2951
68
1287
792
1815
1609
1732
51
1365
3579
723
58
2645
415
4016
2845
3908
3731
2221
1900
1974
1868
3736
2135
2588
4009
1408
2676
1346
1324
2397
1293
3903
3800
2557
1937
678
1035
3297
908
3049
3676
3987
1367
1387
2062
2193
891
2719
2167
2099
1269
1729
492
538
3898
1499
1148
3582
2411
3138
1918
610
3256
3518
2822
830
2600
2385
843
1102
2087
402
2603
2527
394
4014
1996
60
2946
2759
2022
1101
3822
1041
3226
3989
1031
3584
976
836
376
3303
211
3274
2763
1964
2587
1429
631
1860
1725
825
3360
1337
229
2283
1490
1396
106
2952
3374
150
356
708
225
1380
4076
1879
3797
2166
2430
2964
2210
2274
2008
1431
2963
3393
2000
3823
1167
1778
1300
3128
1569
1164
1700
1055
2726
2891
2106
1463
2793
1125
1640
3855
91
1363
1188
605
758
4055
3296
4044
3058
408
1863
241
26
714
156
1619
2776
525
1246
2355
1718
242
1416
12
657
2054
660
1145
2407
3631
21
3428
3553
368
3577
4036
3229
909
3747
1707
3693
2500
258
1890
479
3821
2914
2255
2245
86
999
3565
532
1733
428
1341
3461
343
3691
2581
735
1761
2382
3831
883
468
3732
1991
555
2301
1497
3988
2339
4017
1807
321
2607
380
3240
2183
3775
1156
637
2515
3314
2610
2471
2669
1142
1686
3371
4012
1333
2078
1180
290
4084
3144
4001
667
3718
1005
11
3673
3024
3714
2762
2773
431
341
1741
367
137
1007
624
1556
1107
2442
275
3943
1592
695
2540
1861
3922
191
175
3068
1303
1887
1403
283
248
2175
466
2549
521
1664
1878
2425
114
2115
2485
614
2853
2614
3213
629
1557
3580
218
2565
2084
1989
2241
749
3220
165
586
630
2202
3323
1834
3130
54
3116
2477
1440
3941
3963
2979
489
3491
1330
157
1537
1129
3967
481
2053
3051
3066
240
3819
1296
2291
2335
206
3885
3177
3643
3089
1292
1657
124
544
3745
9
3122
2903
222
1832
1192
1744
3046
2769
1000
3617
3740
1154
1147
1727
2526
1378
43
3914
133
3505
3439
3057
3723
1841
163
1386
3866
215
3191
2469
1938
169
4059
2517
3460
2444
2528
3810
2954
844
3874
3734
1922
1512
1316
141
2030
304
314
2144
3790
2290
3467
3200
856
425
962
2803
294
2537
514
2628
2344
796
3474
3174
2463
814
2774
453
1954
3847
1451
3414
2105
2040
1784
627
3300
2599
239
590
1132
1713
99
3509
193
1234
391
297
3833
747
941
3969
2775
3948
249
1580
2711
3014
3149
2770
900
2498
2635
3566
3669
3322
3071
2794
1738
2428
2307
205
3087
1721
1314
1520
20
3223
903
880
478
1917
465
3480
2391
279
636
1270
2555
598
349
1546
1078
840
2074
2958
227
2780
1591
3852
3246
3552
3282
456
327
388
1901
2064
1182
3302
3907
3135
1093
1473
201
1519
237
1122
3146
4048
528
1982
2229
2767
4038
1988
726
2885
3207
613
1483
59
308
3433
2456
2755
1169
2969
983
2073
975
1941
82
3781
707
61
854
634
2553
282
2297
1446
2190
2484
3079
2079
576
2620
3487
904
1759
1471
2978
2862
2033
923
2605
1949
643
3025
969
2227
230
764
3427
3706
3100
1645
1915
2713
1847
2901
2579
3696
992
2231
2449
2213
1824
1927
1242
2670
1631
1022
828
2913
4018
3477
2748
2161
3115
3286
2974
1638
1040
3928
263
3624
166
859
194
3406
1852
980
1391
987
1343
369
3017
2398
1138
877
2590
2349
662
1319
2596
1419
2994
2632
1906
2810
4072
2779
2111
1652
2461
1112
3915
813
2014
2431
3415
2589
3862
484
3720
18
1584
1375
272
2468
3801
3070
44
355
2712
3335
2931
966
1806
2601
1907
1141
2634
774
1221
2334
3052
3871
952
2013
260
2732
3886
487
3009
3991
3137
931
3917
232
3268
1015
1210
1650
1352
2786
3947
704
910
2275
3899
126
2561
751
2152
3916
3749
1979
2655
2219
2837
2986
2906
1765
2363
2342
1009
3411
3073
292
3346
3780
3764
809
2165
1297
4006
2816
1364
1532
653
2122
1485
3531
3084
3193
1349
2950
2585
25
2299
2638
3901
507
700
1017
3103
336
2854
3738
390
2443
3700
3225
1370
3755
1313
1933
1984
149
443
3399
2390
2337
1158
2663
3055
3248
1030
3787
1335
957
3034
1684
2844
3098
130
93
1743
1920
3363
1326
3228
3957
3334
2295
2990
470
1981
3999
1489
1586
2006
3267
2125
1956
138
1288
3108
1931
3018
3536
1060
1224
2667
3650
3972
1669
3865
3168
3754
518
3358
79
299
3366
519
3231
3515
1712
995
397
422
2085
1111
256
1395
3330
2973
1437
477
1226
3578
3741
2438
1541
2939
3753
3925
110
2462
1206
3829
2188
3043
2296
748
958
1442
2076
760
1881
2823
3944
867
583
302
3501
2118
2153
2121
1535
2427
1184
3636
1049
1482
3458
424
3472
1079
2043
1801
2838
3919
4045
933
3674
3765
777
1302
2584
2452
2494
81
2039
745
2519
2608
1515
1838
1762
1235
1244
3593
3992
3063
1354
558
3848
252
2802
3337
3289
1646
1097
4015
2234
3258
4035
3836
1338
2094
1952
3616
458
3638
2740
358
1750
4091
2436
471
3591
2781
1064
3965
806
1764
2546
2707
135
2303
3953
2350
3090
865
3587
2082
3390
2293
3936
3981
2404
3502
3838
849
3793
4025
2747
3285
1705
3934
243
3157
3839
650
2305
1362
3134
1099
2155
893
32
1877
460
3711
1791
3357
1139
1089
882
626
2103
655
3750
1633
2380
3659
982
1096
2870
228
1672
826
2977
3470
3896
542
3649
3005
2647
2212
3623
2928
2368
2248
1368
984
3192
127
2744
1706
3050
733
1939
970
3606
914
2818
1263
1190
1691
1029
773
2806
3959
4096
2625
1261
4064
855
803
3082
1636
1441
505
551
2414
3779
3533
1740
342
3102
612
3895
3654
2824
533
420
1562
3150
960
794
690
4050
1858
2550
2572
1666
3976
2856
1714
3478
2529
2127
3961
451
27
446
2833
3056
3222
615
1347
2658
3104
2243
3205
3672
1904
3336
2417
361
3770
413
3954
2597
494
475
680
2116
2933
1271
3417
3140
4081
4088
3851
1747
3504
2389
4090
852
325
493
2381
1048
561
974
876
3812
789
2195
153
3968
1092
2233
3605
1961
3217
2374
217
2466
3791
2448
195
2908
935
1080
3912
1323
1232
1243
1220
2735
2547
1462
1390
1237
2271
2558
2544
3451
1865
198
52
3653
2665
2036
2455
253
1421
2201
585
2306
2395
3416
3771
2577
1065
886
17
286
2228
3
2139
1069
339
455
3132
3262
3690
2684
2733
1678
2375
151
3633
1571
3398
1911
1958
19
1320
3951
1568
1273
3688
2591
3038
1793
866
274
1659
3702
2876
3816
307
2534
3929
3456
1047
2962
2249
2159
3273
1786
3435
3990
1372
1050
1777
2483
1833
2510
3175
267
2490
2180
1240
1477
1394
628
3306
1869
973
3429
3185
3109
817
512
2541
1671
439
340
719
3321
3280
1016
3663
8
2358
2472
1856
1045
3709
3294
1409
1433
1891
964
3148
1599
1951
1447
1615
732
689
1893
363
2310
784
1406
2169
688
978
1850
4089
1170
3483
618
2910
3980
2569
2230
2995
3186
3966
55
2412
766
196
2196
2302
1736
317
1581
1082
3345
3500
2371
2408
3201
238
1973
587
2044
85
189
2819
3099
3468
96
947
2878
1508
578
2831
1559
2536
1857
2046
3386
3002
4094
919
580
503
682
1892
1855
752
638
1661
1655
2925
703
2945
562
2650
316
2872
3041
1136
1573
89
1967
4057
1751
4024
1334
3806
2651
2923
34
3288
1359
2611
2473
1670
4003
3950
176
1589
2706
3365
3603
3242
1369
3320
3867
3081
3588
1734
2083
951
850
2279
1241
2915
911
3860
3113
3259
2434
2289
400
142
3538
2205
3383
3507
3918
1845
2618
2921
3890
298
28
3067
1585
1651
3471
3008
669
116
3937
3362
338
2783
2206
1894
2326
3037
2119
3498
2967
2151
2331
3882
3560
2260
2223
2049
3486
261
3007
2825
1100
1277
1966
742
291
2859
1506
3782
2372
4068
2673
1165
3062
3550
635
75
3651
1601
1257
3183
3601
2002
158
2574
1028
1088
579
2834
410
4092
411
2005
3883
4066
1402
3713
3512
1971
3179
1274
1950
3955
3396
4095
1772
3585
3786
1266
2489
334
2965
1023
1607
1685
1381
2861
35
1717
1411
702
3216
2050
4053
841
2174
1084
436
434
3785
1113
3391
1018
2067
3622
2129
1417
1779
1025
2897
2253
769
1315
3316
537
1456
202
3340
1511
2499
3607
788
409
121
3982
3646
2453
1895
3974
2178
3198
2263
244
1459
3214
3894
3276
46
2324
640
927
2403
3484
3683
2850
924
1593
2826
2983
771
1828
3275
40
1612
2359
417
2313
1208
2204
1032
3958
2479
3196
1873
535
529
699
469
1948
447
1146
906
132
837
2708
2057
1173
2792
3224
2993
1305
4086
3012
2154
3139
949
354
3361
2081
1677
2970
2892
3424
322
1495
3307
2612
1037
113
181
387
3194
1921
1094
360
1043
3570
1498
1709
3845
251
2011
506
3628
2325
625
3180
3938
2034
944
3971
2186
604
1635
799
1579
1710
2807
1767
2100
3835
2354
2441
396
2333
1038
2244
621
3935
782
2801
2656
1624
1756
1551
2311
220
2170
645
3973
2172
3377
1775
647
1150
3519
3769
1340
328
2140
3047
4027
1474
2464
2791
659
3166
2048
2003
3372
1934
706
820
2981
1608
3705
2578
1679
1344
444
1723
1098
3119
3543
3243
3698
658
4007
3675
63
902
3326
3065
869
2338
1371
718
1466
3039
3189
2695
1757
2789
2168
793
301
2996
2982
2857
522
3080
1649
3876
2314
1301
3405
3503
2282
2410
1488
1800
2863
407
3238
2563
2559
897
125
2531
3789
3913
2388
2839
15
677
2902
1944
3651
3941
4051
3065
3205
833
92
1829
1899
2866
3726
2865
360
3800
1586
625
2631
3201
3844
613
2473
2188
1996
1263
612
2238
4091
2432
1264
3416
954
4025
231
1164
3417
3990
1739
2325
155
660
3269
1736
3916
2419
2492
2284
1851
1273
16
1962
113
865
2956
2097
3055
2268
2597
2041
2968
40
2671
3699
934
1054
1168
3691
2668
461
1645
2107
1607
1865
365
3824
278
2012
3173
82
1527
3992
1003
3381
3437
1564
270
2032
3152
1396
686
3338
3419
331
3097
2988
2917
2000
2347
1541
3283
3311
1880
2619
1730
2008
197
9
129
1311
1409
2494
1114
338
3010
2482
1872
1977
105
3557
303
1712
2897
3135
790
3998
2698
1733
2226
2590
1495
2800
2730
2810
2186
1848
307
2381
2760
2160
2613
3813
1077
1193
3366
3225
1180
1366
3208
573
337
2113
1943
2400
3550
4082
2908
1637
1169
1303
3845
2811
172
2912
1821
2064
3830
103
3067
2275
329
1179
2602
3224
3865
2358
563
3188
2101
3460
3988
357
263
3919
3857
1142
1306
2019
2181
3271
3034
1521
4059
911
3369
2460
2026
2387
1576
606
1866
3048
2307
2219
154
862
2184
3939
3182
3881
2109
3592
602
189
1562
3263
3770
1551
1796
2123
2557
3964
2274
3422
657
3033
3062
2945
757
712
3944
3503
2592
1859
3554
593
1482
2435
495
3247
2020
586
2378
2128
2216
1070
1784
2708
38
3322
2733
130
693
1946
3035
3774
3130
2951
557
3071
3925
3859
212
3421
764
599
2233
1257
3145
1834
446
1557
1300
3434
3287
3798
2526
3032
1691
454
3769
2842
864
1349
1376
1873
262
2765
837
2830
1659
3900
24
3547
2452
2850
1949
3367
2089
1507
2082
3661
3350
1173
1289
3253
3209
951
3591
1314
2726
791
3778
2728
3166
2267
2748
3169
2783
2840
158
3596
3488
3825
739
2374
503
2046
3656
2499
2665
1243
3875
2553
3716
1989
4017
1587
1658
1775
405
3235
1062
364
1028
3361
2016
1762
2729
2907
476
2350
2137
3642
1402
353
1414
3001
2589
1104
101
3465
3854
2245
681
3559
2356
3394
1953
3871
210
4043
3056
1117
3325
333
3455
3025
1437
2927
3955
999
3879
2634
3522
2294
1870
2744
2105
2795
260
3245
195
3027
1144
2854
647
3607
4088
1375
3570
1591
277
251
3183
2201
3899
732
3330
3101
1656
3562
2412
48
2550
858
2690
3510
728
3440
3520
2185
3375
3045
3396
4095
1290
1506
1599
419
3573
840
922
2651
2086
3039
215
1518
3810
1800
1598
1228
2011
312
2366
2414
2745
2853
1451
3277
3345
1858
1431
271
1681
2608
1606
618
436
2167
845
3461
794
3244
3094
3749
418
3775
1186
3160
1483
3342
2439
107
3511
2368
2798
4021
3211
2038
1892
164
375
812
1181
1536
1464
3200
2657
1871
863
1524
1754
2691
2140
252
169
3155
1552
104
319
3747
3360
2276
176
1612
3279
3772
3305
3223
2059
3501
254
741
1875
3500
3604
1178
1078
1211
973
4063
538
2905
135
2273
1968
275
641
3073
3095
632
879
3161
2203
3147
981
3110
682
109
150
7
962
1266
2747
1150
2003
700
2354
2995
1584
4042
3694
3398
1935
3517
2664
2734
3066
2758
3826
167
950
1554
2352
1084
2939
1981
527
3836
3934
2886
3581
2804
3207
3771
2413
265
1156
1126
399
1596
622
1693
568
498
3564
3180
477
582
1095
1151
3104
530
3502
3151
4081
917
3452
3660
1770
1008
1786
3953
3785
3760
795
2780
1448
3910
2298
2831
467
2145
522
322
2933
1372
505
2737
1799
3153
3555
1039
3469
341
2373
674
84
3560
1395
3926
2941
283
3397
3599
1081
1772
989
1534
2090
560
1124
2272
3738
1246
2472
4
1579
1389
3408
555
1604
1308
3254
199
362
1644
10
300
4049
1764
216
635
2789
391
1387
1574
2355
3662
1628
3486
780
770
1369
2948
867
3617
1110
3365
3019
3014
3980
1198
695
2151
990
219
2316
2646
2928
2857
664
1023
3799
4020
942
2406
371
1798
3018
2351
3395
306
1769
1973
1047
3376
297
3064
2822
762
3075
3874
3141
2577
1995
1085
726
2318
1401
3457
541
1722
369
3628
149
3515
4090
1939
1155
1222
1512
3700
2678
2313
1795
2324
470
259
2117
3298
175
2202
373
2246
2075
3328
1171
4016
3441
1901
2027
114
1045
2134
2812
2103
3478
328
207
3289
667
852
1470
2934
909
480
3425
3479
1021
60
2982
3917
19
2022
1723
3790
2141
3466
1473
2871
691
2983
267
1200
1671
601
2774
2122
1265
2638
3663
425
4084
2918
1503
665
984
2302
2068
202
731
574
3893
884
1249
2838
108
3074
3351
1318
752
2771
985
1578
1333
2420
2660
4026
2911
2301
2588
3565
2093
633
802
3820
3630
1490
2044
2474
3647
930
935
309
2778
1714
1421
1727
1260
433
2938
3129
3355
3085
2198
1319
1561
1015
3215
3744
3918
1570
914
1952
2639
3620
2529
781
2443
2455
3013
3888
497
1753
1530
1709
123
1088
1843
3401
1385
3226
2094
1277
1927
3162
2281
2033
814
734
623
499
3915
3698
1102
3044
880
3668
145
1332
977
1763
2560
2848
3431
3807
311
1443
3259
356
516
1653
3090
3931
2538
3125
2718
1347
3959
404
571
2287
1929
1563
750
1634
229
702
2694
983
3387
1165
386
3307
81
2650
3724
293
3099
1201
3217
1539
3380
1544
3165
2685
685
617
3945
3568
1426
2417
844
551
1577
177
1513
3042
2047
2196
3742
3732
3883
910
997
804
1141
2757
2633
1197
2135
1854
209
58
2682
91
1285
1341
3657
1978
2680
3336
3937
944
2416
2681
2306
52
1106
3219
2056
3117
2161
3745
2735
1915
3341
1301
390
834
1523
1111
4002
3751
213
1545
2194
3476
651
3276
932
955
1440
3585
3586
3950
2960
848
1227
1136
221
3138
2382
2851
3413
3120
1379
3679
3358
1846
2286
439
2174
1758
3791
3315
142
2462
1646
3702
1329
3636
3121
3571
2703
1844
2144
397
388
2770
2079
2317
2084
1991
1937
2440
2829
1268
2279
496
901
2862
459
474
272
1400
2055
1738
1567
3935
2312
2914
1477
2606
3767
1887
1009
2173
1928
2157
1869
2894
825
808
2973
3368
1511
4012
4053
3725
3777
2401
523
3184
3968
642
1699
1435
1052
3929
4065
1195
334
1737
1926
3613
1199
4093
2150
285
1302
2322
2761
1711
565
1542
1955
1121
1676
1906
2605
3753
1852
484
3768
316
3956
98
3518
1841
1820
1920
920
3843
1011
1666
2882
1864
3847
3063
95
687
3659
2112
1271
170
1822
659
3210
1432
511
2379
2559
1170
3600
1442
1446
1026
2148
2669
1032
900
3748
2724
3979
2392
1370
1550
662
1116
1293
138
1916
2190
2959
3009
4005
2653
509
490
414
3646
4033
3761
4023
1187
3584
472
2835
4039
1804
2479
616
1215
3822
3402
1856
3231
3622
805
1284
3403
1068
141
80
2221
2049
3589
1988
3542
456
3058
2779
2666
3264
1310
3735
2195
3275
1923
3149
3543
2446
1493
1630
2817
988
1250
3815
3249
2293
381
3765
280
3823
592
2192
1992
368
1516
3850
652
242
2873
1817
1895
4004
3177
1244
1675
1281
3278
1471
2722
3490
2919
1629
2961
3912
2438
1457
3060
1907
891
1295
2330
41
110
4047
3902
2256
1938
2431
3050
929
3580
2377
240
1702
62
2519
2175
2208
2881
96
2792
2255
2155
1420
2303
748
1589
2791
234
2887
1430
2277
2078
500
3977
2437
1849
2177
2616
1990
2136
1975
2394
3327
1696
2005
3623
755
2630
2999
720
590
2670
813
895
2944
2536
3239
1064
2984
1340
3448
1439
976
1979
76
343
1326
1351
698
3634
515
2323
3115
1984
520
2336
2856
1286
1660
886
980
358
3128
2111
443
2042
2825
2790
3052
184
2595
3505
1208
1972
971
4031
3187
255
4040
1785
1213
2556
3776
754
1342
1686
3989
905
1559
1792
3579
1913
3870
4080
1313
3164
767
1354
2935
239
218
112
2700
2713
3196
575
3713
1745
903
3122
2869
3703
2574
1986
3512
1374
2974
508
1043
2627
1885
1568
420
4078
645
760
2004
3399
2889
569
2563
3423
1245
3354
2249
1543
1969
751
409
463
1933
1276
3002
6
61
2132
992
1746
570
354
1035
1304
3140
850
3015
3655
3297
2524
1728
2264
3606
3719
3384
2821
3846
1071
3717
2586
3218
1556
1526
3170
1049
3329
3805
3718
653
1942
298
244
2742
3255
2502
157
3
2555
937
416
429
2527
3851
1217
2411
3885
2091
1075
3840
1321
3639
3868
3113
3212
878
2689
2115
2875
2820
1080
744
3492
3464
186
349
2572
487
730
2997
513
1327
3920
4008
1912
727
2801
1517
1618
3364
377
706
3456
3965
2717
1452
3124
1034
3206
118
1453
3470
3326
3288
1528
1038
2509
192
2991
3131
3538
2232
342
1048
325
152
2727
3285
3202
1230
1824
3853
1309
4022
188
1510
2693
465
2029
1488
588
3921
3712
3411
339
1890
2981
851
2467
379
483
3078
11
501
2183
3523
1684
13
2719
1405
3837
1533
1159
2291
3420
3482
666
2621
462
2102
2295
697
1956
117
524
2732
822
711
1863
3733
161
3652
2178
1120
1665
4096
2784
2280
2642
3119
3650
3574
2335
466
3114
2899
3653
1778
3561
1129
2270
174
1803
3220
25
3262
2731
2468
1857
3803
273
317
378
1615
3284
2426
2521
3016
3671
587
313
3294
4094
1679
1209
1750
2570
2615
1616
3029
310
2910
3003
1701
1438
2636
314
919
3103
2320
3449
191
2024
704
2955
347
3597
3946
597
1806
3558
3531
1355
1386
144
763
1336
3266
2389
888
1925
3695
3087
274
638
403
1135
3985
2114
1444
549
758
3782
4029
3409
1983
3927
2998
3723
3371
1236
798
1789
1585
3428
1127
3896
2924
235
3299
1272
1797
2953
2787
488
1908
709
3203
143
3049
1462
2552
3346
247
2846
230
3192
2580
742
1520
1751
3924
3489
49
2645
715
2036
2511
1601
4055
4046
2567
3690
2490
806
2458
394
832
1771
3295
2542
598
3102
301
1331
1830
1685
1125
1802
646
321
2603
1288
1569
1719
1196
870
3783
2884
1394
514
3443
1839
1909
684
1976
2916
2788
37
3331
946
1163
3834
2624
2923
714
1467
1726
3838
1826
801
3467
3779
1595
694
2970
3814
1425
3808
1779
1787
2149
2476
1572
1373
1074
3487
861
1248
821
786
2609
2880
1445
3654
2220
1914
3746
402
3228
3451
100
1549
3312
196
1378
3405
1835
1827
3858
1122
345
1611
668
2485
2584
1365
3491
2142
318
64
3633
2053
2656
1833
1115
276
288
2360
3764
1027
2197
3532
116
2818
4057
3023
3974
1985
2147
3234
2763
3963
4064
2459
3972
629
3609
2943
701
3433
1153
2500
1360
3932
2979
137
1183
1816
3978
1931
3873
1090
3493
3495
3232
3930
1404
1241
1801
1461
775
2176
3274
115
3576
2750
1832
464
2692
2593
1082
1486
765
3804
1099
2239
2568
3393
2843
1682
2520
1945
673
3020
829
675
2058
692
1118
749
1790
3195
577
996
2235
856
3942
393
3566
2599
14
2214
2253
1781
1776
3086
2549
1154
1861
3176
3301
3154
3306
67
537
2749
1650
1581
3624
3316
2199
1755
2254
3971
3084
256
1828
3616
2339
769
3241
1166
2992
581
2035
3752
1940
35
417
4050
4067
1708
336
57
960
468
2
1377
866
1860
165
787
3999
3037
3427
122
1162
478
683
3339
3682
1358
2447
918
1683
1254
1519
451
3832
2007
3697
3528
3809
3076
2359
200
1590
94
3344
1415
774
1294
2827
722
3736
2265
413
1532
2206
3962
1508
624
3238
2209
1184
534
2640
1119
1465
2025
2530
2163
2237
1566
994
3506
2878
831
3638
778
295
3762
4011
3309
2706
1010
3833
233
2310
3340
3966
3727
3318
1348
1399
2370
654
2540
217
4010
3545
3670
2544
809
3323
1993
4041
1061
3758
2738
3603
1033
128
1529
671
1740
797
1417
3388
1994
2643
3839
2796
1918
2349
3446
1782
1242
3136
2357
1583
2421
1731
344
452
3458
3922
2451
3986
2837
545
125
79
1356
1718
2314
1252
4083
773
437
3913
106
1620
3248
3644
59
348
2545
783
3043
2844
3193
4074
2327
181
3308
3960
964
1019
819
3281
2164
2367
2637
69
961
3601
2867
2942
3683
2422
4006
4086
3047
1469
3619
2628
1101
3940
2793
799
2808
2806
1573
1436
2028
1018
3363
810
3863
2329
2290
3051
457
1504
3199
205
2922
3021
939
877
3556
3533
1059
1024
3450
1867
3230
2601
1363
2611
2124
3675
3802
3877
1368
2531
2583
2200
3424
2686
1721
1058
2168
3272
1391
302
1044
3582
1013
1705
2573
823
3669
2610
3614
3179
3317
777
1182
1460
1632
3372
1921
1959
1958
3385
2486
2852
2764
4058
1324
3257
1218
2711
2362
2618
2092
1761
820
2396
376
1255
1238
63
1001
789
2598
703
1951
384
361
2498
2782
2802
2051
526
479
713
1029
3590
771
3923
1098
2466
287
2635
3618
2861
3265
2001
268
1251
3831
2797
604
2716
44
2023
3740
2507
927
2976
296
2858
2050
1982
1367
3197
324
3692
22
2594
1388
2751
290
1223
3849
2376
2906
603
20
608
1641
3680
1
2904
2516
3794
491
1322
1359
136
2478
2427
3806
2596
743
3525
1447
3148
460
1418
718
594
2259
3641
1487
725
3551
1357
4089
162
1717
2582
3983
3563
1107
2528
759
2776
2063
3410
3909
46
3957
248
871
3842
721
1808
3943
735
3848
3892
2581
2156
3903
815
1428
222
3150
3513
965
1672
1472
2578
1678
1413
969
2269
193
904
2617
86
1412
166
1455
1423
447
1643
1548
824
953
1429
1050
517
1571
3667
3936
3908
3649
30
2591
1320
204
1496
3648
4060
3439
1842
2229
1910
4054
2487
2836
2497
1103
385
906
320
707
1850
66
959
3635
2240
182
585
4015
151
2127
153
543
3126
3981
2969
2504
2231
1748
1768
93
3198
119
2034
1759
2283
826
2384
2402
3982
4071
253
3435
655
1794
453
1041
2126
2964
2371
3689
1661
1624
839
2623
3664
1922
56
1610
2236
2099
3444
3728
2585
1593
1040
3709
226
2834
2537
171
2341
1825
2442
2222
2554
1884
3133
1083
1575
554
2263
3757
1623
2162
1094
2893
1911
1621
1936
1056
982
50
828
395
3621
2448
1113
4072
97
3038
2975
2534
2085
2304
3887
1777
223
1613
784
1036
3290
3429
1296
2179
2488
3404
3529
2564
2372
1105
2104
1879
3901
680
792
2883
1760
1229
3454
3947
1474
3163
1713
1481
34
3072
2230
1096
2062
2898
3907
3711
3286
396
2344
2159
2397
733
663
2081
421
1352
1219
1749
168
1765
237
3485
4028
1614
1066
2475
1537
4092
536
4018
4038
2815
3886
3061
1020
264
2342
3174
1957
4000
1941
236
2227
3105
1491
1210
1060
435
1502
656
724
3707
1390
1225
450
583
250
811
1697
2978
772
3906
2920
2043
591
486
1500
868
2365
2985
3390
3332
29
3864
3270
3337
2773
3645
830
3967
2658
3666
2308
672
3951
3973
1815
1485
1703
1555
3252
3357
607
2805
2409
2994
3107
628
2477
3637
1773
915
1130
2558
3447
3541
3214
532
3109
1882
619
2386
2017
4056
3811
907
1565
2289
3382
881
3472
1668
2683
869
1312
1902
518
3549
3872
415
2040
1954
228
3987
131
3795
2282
1055
1540
1546
1971
528
1735
1669
785
449
2562
1128
2348
241
3610
2243
299
492
1224
3391
2676
2741
3817
2364
873
1905
3359
1811
346
3677
1680
3080
1602
4024
3143
99
2625
1076
3053
2962
3509
2241
2900
441
1640
401
2242
1741
1582
3608
3280
3816
933
1161
2223
3116
1069
578
1642
3507
1580
475
432
3801
2315
3246
3969
1237
326
1315
190
3268
1031
3878
504
1274
1489
2522
1384
3706
3296
3958
282
636
1674
2989
2380
3519
2271
2648
4003
1877
540
1862
3005
2143
1695
2863
567
3588
3788
3889
2470
3333
957
1433
1267
2496
284
512
3006
2946
445
4069
1837
3171
4030
3189
3471
269
1017
1619
2353
281
3137
2018
3069
1434
3594
595
2652
1498
31
3773
3895
564
3468
2218
921
4068
3093
1275
566
3593
3866
2390
3548
1688
627
841
2767
1004
1838
2965
1160
3146
872
3190
1335
382
8
3256
948
2620
3383
2947
3481
1836
3714
2548
963
1022
1408
2125
89
2071
1221
3626
3602
2687
3089
1188
3754
1652
55
1042
206
3672
2986
2535
3008
455
2489
3627
159
1079
3780
458
380
2405
1206
3898
3552
945
2697
308
547
3260
3374
3715
4045
3676
245
1203
1065
2816
2292
991
2121
2297
1139
1148
3036
3914
289
3098
2074
3673
2224
2285
53
173
2814
2547
986
995
2171
3496
2250
2736
2430
1810
2407
1657
3949
1501
2695
2057
2622
3091
2118
2408
2950
1840
2743
1397
351
2225
4014
782
1999
1299
708
1158
2701
3157
3430
2753
2453
2076
2565
3313
4044
2932
3303
1961
330
972
3539
482
1704
392
696
359
3004
1592
3841
761
1700
444
3273
925
3011
1287
2138
589
1698
747
1441
3112
3755
529
1876
3743
519
54
3587
427
3483
2987
2929
194
2508
2626
2972
807
4073
3302
2338
1456
648
1334
3540
3787
36
3681
1371
3504
160
2410
3905
650
448
620
1478
1747
2328
2655
2755
3178
2768
2450
2644
2108
2456
3516
3792
1635
1603
3595
51
3952
187
3418
3046
2052
561
4019
556
3243
3026
2641
1608
1037
631
2054
676
689
3480
688
65
2517
3453
1636
1323
2165
2066
3412
949
1093
1891
2119
3665
3911
3759
1002
3081
1185
1247
2823
1092
1605
2952
1063
1622
1874
2803
1484
847
1072
68
423
3181
2483
3583
3258
3229
1233
1499
2512
1112
332
2781
2013
304
3216
3127
3484
3701
661
2720
3379
1648
2278
2723
2759
1138
1917
926
2769
3407
1416
4070
3535
913
3414
2037
3108
3377
3984
3059
4037
21
737
4027
33
3291
1145
3781
2299
3862
1788
639
2116
2659
2213
1625
2228
90
2614
2661
3175
562
133
875
2251
2464
2217
2343
1724
4077
45
2746
4052
2002
1756
2288
422
3687
1706
2095
2931
2546
678
1382
2915
12
1014
2334
2441
2513
2191
2484
72
1086
1132
1847
3891
3526
3534
3880
2391
1987
883
1878
1410
1174
2667
539
18
1896
1594
3319
4079
2369
2383
3159
669
3415
1364
493
27
857
943
3077
510
1202
710
3267
3392
1710
3079
1380
885
2828
967
817
2204
214
723
1904
1638
126
998
4001
2152
26
2710
1889
70
2510
978
132
1344
1328
1240
2891
179
2449
2009
426
1067
3462
1812
2321
315
2566
3144
1100
3685
1633
2361
2704
1886
2707
71
1715
2909
1463
3168
3083
3335
2879
1655
621
1057
291
3524
1025
1137
3933
2892
3975
2428
3721
3096
3605
2014
1393
1514
2739
836
340
3572
2234
2404
3041
2266
3389
111
2385
3544
507
1297
1651
428
576
2506
3997
827
1220
3829
227
1454
938
2896
2777
1468
2794
1631
1868
2087
146
890
3139
178
2963
3819
2207
73
1664
3353
2172
2252
2444
3577
2457
3494
3954
224
1262
1269
1694
756
2859
1893
1140
2106
1947
968
853
43
745
3995
3625
2885
2813
2957
2061
1805
3022
389
3406
1967
3766
2296
3994
3438
679
1670
2532
1133
434
894
1807
2993
1690
600
2569
3158
3292
2949
2576
424
2754
1226
1673
485
1823
609
1525
3674
3432
3007
842
887
3106
23
2048
2971
2333
2098
1298
481
1667
2662
305
3828
1353
1734
3970
912
1343
3250
1123
286
3293
2977
238
4034
3321
1256
2471
893
2514
1609
2493
2205
225
2752
2258
4009
2131
3797
2060
1497
3688
2154
2067
2714
1814
1809
3123
3869
3040
1654
3134
370
1492
896
3612
1965
2876
1966
2153
931
2600
1767
3729
2772
3514
3082
1742
2260
1231
533
579
47
1279
975
3054
3167
1476
1270
1997
2503
2170
148
2966
2937
596
4048
3658
2309
1194
3057
387
2819
1000
147
889
3024
183
3068
2890
3553
2705
3722
1903
542
2337
993
1894
211
1774
3194
719
243
1167
3575
473
626
1278
1016
2523
185
941
2319
3497
580
1558
2855
2311
1897
2877
3739
3386
3030
2632
2130
102
3897
2990
838
550
4087
1109
2169
2247
2672
2088
2505
3784
2461
3696
134
2954
1480
3111
1883
2182
1087
2045
1930
4066
1392
2423
140
408
1845
1687
3334
1732
3631
367
1212
2940
2515
1108
3370
2436
2015
3704
987
75
1406
849
3237
2110
1963
3185
39
74
558
279
2021
1346
2469
2826
2874
1253
1720
3827
553
3477
892
1689
2433
1626
2766
3474
1398
793
1330
3304
1006
1934
1089
1932
3567
2809
2888
605
2212
546
2193
2967
2006
350
3300
521
4007
352
531
2925
2262
4076
3362
3527
800
3615
4032
846
2345
3142
1214
658
2077
4062
928
1239
3221
2571
1316
3349
3530
2491
2740
740
1560
2533
32
407
2332
3356
3191
690
2864
1597
2903
1515
2712
3867
3521
2824
776
2261
3569
2930
4075
2833
1073
1964
208
3186
1403
1345
3821
3686
2465
1292
1282
2901
3731
3640
2096
1980
3789
3092
1898
2525
3948
2663
3261
923
3017
2187
1362
2363
1791
1729
1097
3578
1007
2340
753
1600
634
525
2480
323
2762
2305
3233
2429
1152
2495
1051
3156
1177
2393
956
1419
28
2425
630
974
2913
1692
2926
3213
2677
257
2030
1831
970
2541
2725
3598
5
1147
952
4035
83
1855
2166
615
2518
2721
2807
1143
2688
2756
249
882
1383
916
902
3938
220
1535
559
1325
4013
2065
717
1881
2849
3629
2870
292
855
2847
1818
2418
1205
2604
1176
366
2841
3993
2257
936
2463
1337
3031
2300
1450
383
1305
584
198
42
2189
1149
2375
3890
3088
438
1531
897
979
3132
2674
120
3705
3961
3894
2709
2786
327
3352
4036
2872
3812
1449
2980
88
2424
3793
440
2629
3499
1157
766
3741
649
3763
3310
2845
3536
4061
1291
1649
2715
3730
1350
1280
400
1191
3678
410
3611
3445
3442
670
644
1948
1424
2039
1617
372
947
1307
3852
1046
363
156
1677
3222
738
3459
1919
124
803
818
1522
2702
3475
3708
1924
469
1793
3882
2799
1757
494
3320
85
796
1553
246
398
3835
2543
3737
3884
2129
2501
2696
77
2326
899
2454
2575
3373
471
1998
3632
3996
1707
1175
816
1427
1479
1339
2895
3818
374
2434
1216
2958
3240
843
1752
924
640
2868
1338
2649
1974
3734
2675
3855
544
411
548
2775
1134
3172
2398
1091
1189
3643
1725
3710
506
768
2936
266
3227
2211
139
729
2612
746
610
2031
699
3756
2673
705
3426
489
1411
3693
876
2832
3976
430
1780
3473
958
3928
3860
1232
2921
2539
1547
2415
1662
3876
2679
2551
1407
535
2158
406
3100
1012
201
3463
3400
1819
1146
1663
2073
442
1030
611
2388
860
2244
232
3242
1505
3508
1172
2215
2399
2996
1627
1900
1131
294
1235
2133
3348
3282
1317
3546
1259
3720
431
2684
1813
1744
17
3786
2699
4085
2083
1381
1494
859
1766
1538
1283
3378
1207
258
940
1204
1743
2146
78
1234
3236
1475
1783
1261
552
966
908
3684
3436
2346
3537
180
3498
3343
1647
3204
2579
2070
3796
2100
1639
355
2587
2403
2248
2647
3861
2072
2120
898
3012
1888
203
1190
2180
3314
2395
835
716
1960
3347
1509
2445
1853
3000
736
2080
1716
779
2210
1459
2331
854
637
2654
335
3118
1588
3991
412
1970
3251
2010
1258
643
2069
1950
1466
163
2139
2607
502
3028
572
2860
874
1053
87
1361
1005
261
121
1422
3904
3324
2481
1192
2785
3070
2561
3856
3750
127
788
1458
614
857
2260
3378
224
50
3480
3302
3138
1907
2664
2380
2655
3089
3707
2718
1227
1406
1264
1370
3372
4073
1142
2069
1453
3160
3746
610
1840
471
4045
1484
3024
1730
847
574
2977
2463
877
2859
1337
769
595
4082
3069
2486
3205
3562
3098
734
1660
1766
2948
3609
2180
1373
1083
751
837
780
2849
325
1381
3980
488
3851
138
3840
2937
1435
3506
3967
2122
927
2531
272
2617
2169
2612
3373
1864
3616
1271
3254
2918
3982
3473
307
3396
3420
2995
543
994
2094
1336
600
1221
511
1728
1619
3505
170
1418
4078
712
413
596
757
3688
2657
3761
2324
2585
2062
666
1292
237
1779
2760
2768
1893
855
3687
2904
2880
2738
1034
2556
3467
1208
217
922
2431
948
1288
2250
3637
1952
934
633
2410
2987
441
3720
1301
116
2176
3093
3492
844
2618
2192
2815
3632
3482
1241
2315
388
2389
2327
4076
2126
3867
619
179
2639
3366
372
1485
2498
2096
239
474
3305
426
4026
864
3863
3664
3009
1884
3204
3795
627
3066
3586
1110
2399
3167
3381
1257
756
2350
2999
603
3488
2274
2911
9
1931
2866
3560
1547
137
403
1805
1938
2238
587
3524
1472
410
1693
534
3732
174
2447
100
3391
6
1573
1466
3010
545
401
263
551
2640
1243
1536
1103
1678
880
3985
3908
1889
1781
69
1501
2575
1004
602
1626
3526
64
2073
1055
1153
381
3234
3556
451
2846
1357
3311
3904
2450
3083
2745
2527
2109
1260
2254
2845
860
2015
1117
1318
1834
1599
454
2101
1467
3876
1965
3822
3678
2201
414
2734
1759
3709
3874
1502
3185
959
3364
1255
3518
2371
3759
1135
155
817
1283
956
1018
1524
1054
3872
1591
1539
2891
2912
55
2941
2628
3102
823
2824
3983
1770
3825
3433
2386
2782
529
3128
2816
1300
3363
399
3762
4085
1495
2493
947
358
1123
1636
1914
3533
284
2212
1
3988
1105
3284
2730
2008
2865
4006
1387
331
554
369
4018
2195
2510
1331
535
993
211
3600
1530
752
2349
1433
2650
12
2992
1148
714
389
1572
4071
2733
3938
719
819
588
3500
3157
1013
929
3754
3237
3535
1237
2626
673
1604
905
3046
3537
107
3723
2231
560
2252
2871
1270
376
687
932
349
498
708
3991
2393
2753
773
180
450
3517
700
2666
4075
1267
2988
2427
1233
717
2809
2396
2479
3110
1662
722
3973
29
477
2246
3168
1710
2523
4093
3986
2882
3241
3169
3258
222
3462
3078
326
1544
4050
256
3989
313
3368
680
2295
2619
3704
2743
3543
3534
2838
2868
1070
2907
1883
2423
2326
2956
1492
3796
1293
3750
1505
500
2517
2813
3077
3769
3665
1545
2888
3153
2497
2975
3100
1977
3902
2028
395
2681
214
3458
2034
1936
3791
1769
2665
3835
1860
547
1303
3382
1341
578
1250
1286
415
3154
2589
3724
3358
260
1606
3956
167
2480
3417
2504
3220
2373
1163
2013
3603
604
2742
1082
1012
2309
1780
1010
636
859
3607
695
1509
2754
1439
1058
202
2997
866
3975
1916
828
2994
1890
3910
875
419
3346
2202
1408
1756
1633
3656
2093
1430
1319
1480
3509
2710
2275
1980
1295
318
2870
1048
2629
3650
2151
1717
63
3330
992
3868
2050
2811
4052
1096
3158
1032
2825
1451
1821
662
2051
3236
810
2528
3604
449
1593
3683
2516
2644
2208
1709
601
157
1947
3891
3820
2934
3875
1519
2806
1259
2022
1578
3895
793
2472
2091
2243
293
3028
643
538
1006
2599
1801
2795
42
2185
3993
1984
3403
2780
2653
339
3001
701
2708
3145
2303
3658
462
3313
2649
893
1748
3451
3922
194
3277
1793
881
30
3611
3021
1648
2224
1162
3950
1548
422
2770
2365
3718
3019
725
3620
2233
374
3631
3622
696
1384
2397
2444
145
3337
148
1003
1871
707
363
3090
1417
2234
1204
305
2159
3776
201
3855
205
1498
1723
3674
659
2993
1752
117
2548
2962
2089
2965
1465
1757
1174
2490
1518
2454
1880
1865
608
630
1354
3971
2119
3696
518
2756
2464
1751
456
1832
1263
2752
3362
2697
1443
2116
3172
2833
2007
1837
57
3136
2930
2342
523
497
852
954
2853
613
640
279
1023
1164
1203
1190
2460
3915
3596
2132
254
2079
2434
909
1653
2673
766
4066
1641
2767
2038
262
2741
1870
3416
2104
1856
544
1367
45
2877
2465
2829
1922
1517
2972
3296
428
1551
1470
528
2121
3073
346
3675
3786
3061
1156
1072
278
1007
2740
43
1957
3295
3666
2879
1282
2953
3280
1296
2114
1741
2564
1111
644
2996
3317
2724
849
4027
3539
1116
1161
3232
2607
3465
1043
3493
2287
3289
2990
2004
4069
899
2661
3777
1120
3397
1029
2098
2082
1099
198
3843
3763
3026
2261
1378
2723
767
3580
698
3520
783
476
2387
3574
147
2320
815
851
1457
2030
1592
3027
1312
2259
345
2570
941
3951
2906
247
1125
1970
2507
1742
84
2709
2229
242
3250
3838
3671
189
3561
1964
1597
1905
430
575
754
3329
555
1436
2332
3301
985
348
3618
3531
3350
3702
1069
1352
1577
2102
3124
1663
3448
4083
2834
1976
3075
868
3108
3814
1056
1428
3682
3642
1019
3107
1397
777
3331
825
3929
2551
3888
3227
1201
168
2957
2414
827
3569
1273
1549
3788
4005
1926
1949
3947
1068
726
718
3525
3849
2787
2372
183
2337
4053
3927
3310
1694
3351
1419
23
3976
1974
3306
4091
175
2610
3528
1187
1101
4056
1647
3502
3775
337
2214
648
2713
3865
1704
3744
350
2210
378
3842
2344
3930
1665
261
1109
1340
1298
1262
3092
2036
1579
3216
1956
2481
3401
3166
2063
3926
2669
1052
119
2887
3668
2
1182
443
563
1460
1520
2793
1913
4037
3740
2579
721
3739
1826
1297
2467
1713
2020
1321
2939
2729
3599
2720
3917
275
2125
3693
2981
2520
3017
1734
2247
1385
257
371
468
4017
3815
1954
2812
942
10
3785
1755
1807
80
1933
2805
1737
2381
2055
3635
231
1045
77
3651
2835
731
4095
2978
1979
3057
149
3731
2571
2145
2785
1569
1265
1555
446
562
683
243
3113
3144
3861
143
2219
2929
2670
190
970
2539
3320
2271
2791
2847
1307
2688
103
485
1147
2215
2182
1217
3286
156
2749
634
3486
2595
4023
1130
323
221
2405
1192
589
2105
4084
2294
801
2862
1960
2301
40
2840
3581
3677
3881
2345
2367
2984
2951
1673
128
3652
3245
241
2543
3837
3140
1939
2033
3020
561
3584
292
321
2239
2952
1299
3319
291
3504
573
1567
2857
3029
17
3653
889
1151
3779
3571
1390
980
2158
4008
2223
2331
2160
1851
1786
820
557
1059
3103
915
2544
2784
2656
1020
3435
296
1924
2920
2615
282
2400
913
160
2682
3111
3708
1785
1586
2010
382
2832
1413
4028
3957
407
2902
3834
1051
1988
3819
3390
571
789
2576
2235
1982
2325
724
3783
973
312
2798
3900
2148
2354
1276
207
499
1603
1411
2388
2302
2283
1461
3712
4046
4021
2808
3099
3213
2471
3201
649
3164
2735
577
582
1362
2040
3585
2426
3395
1086
1119
2928
2861
3437
127
3803
1016
1946
2251
667
2869
930
2143
2197
4001
3932
3832
2893
1421
3726
2547
2765
3055
694
808
3316
1482
768
1353
3839
2110
1126
3925
4031
3591
3659
3974
3267
2703
1131
245
1071
3667
3960
341
3087
2647
2060
335
1167
894
2597
2139
2796
2659
2707
2545
4062
2138
3344
228
1240
886
4033
315
2799
2270
1674
2817
3909
1902
2088
811
3934
3209
2370
3948
4090
3257
285
3841
3452
3062
361
304
4015
986
2014
121
3903
1172
1560
1445
2071
3273
340
991
3126
4043
1447
1818
3282
3177
329
3809
3813
2563
433
4080
3545
287
3933
3315
1326
1302
2255
356
924
1601
1658
3288
3152
2164
656
2967
2221
2913
1358
727
297
1412
2074
841
3606
3508
1944
2561
3461
2433
2272
912
1610
3336
3068
935
1608
3025
2177
527
3805
3121
2886
2704
806
3419
1178
1494
1632
478
2560
2220
289
1585
1795
2363
2623
843
1830
3953
2679
2776
2613
3156
957
1733
585
1074
1405
2676
2905
2222
106
1179
402
317
2268
3248
1158
628
2411
2701
3006
2406
3821
2668
2586
185
1496
2771
2755
580
3454
1330
3389
2889
2141
3049
36
1311
2633
3816
691
3722
1799
1894
758
3379
3424
1000
660
515
1429
2810
2922
3246
268
3886
1234
521
2024
592
3679
3692
3278
3318
3713
3487
3411
3261
1993
2608
3179
135
412
1762
1798
1563
2958
584
2717
1570
615
3519
354
3625
1861
2792
821
3002
1994
4020
1346
2502
1529
782
3340
2162
526
1749
1280
1763
4013
958
1166
517
227
3470
1442
2338
442
384
1854
3790
3536
2542
4089
3844
2856
136
800
3749
3354
3304
2333
2061
3629
532
166
233
2188
1656
3324
599
3477
625
2722
3806
1953
546
3568
792
3173
979
303
2108
161
4012
3440
2828
2300
816
1697
3857
3361
1835
5
3052
3035
1500
3312
3081
1154
3008
945
322
3615
3548
31
2636
286
2455
1471
1847
1431
423
853
3410
4092
663
2588
2750
464
2058
2546
2496
516
455
2960
2591
519
2228
355
2459
3655
3013
1128
652
550
1281
772
709
2954
812
1747
1014
1284
2573
943
632
2408
2759
1050
3171
3483
1468
2425
59
58
2621
1532
591
3538
1533
3212
2942
2746
2777
3564
1802
212
124
745
2368
213
874
2031
2312
3088
3764
3663
299
1995
3067
1407
882
2347
28
1992
1782
838
2273
3211
2685
1030
1897
583
3911
771
2499
705
2894
1379
896
2179
1106
650
1165
3649
3593
2106
2432
755
2045
1930
1088
330
2328
1359
962
3530
3735
1989
1940
3662
3349
2909
3432
2364
679
1935
2070
56
2288
542
1063
1951
1512
232
2804
1525
989
3852
2152
2385
2165
1377
1804
536
2739
3011
1137
3444
647
3429
664
1701
1205
525
996
2043
822
972
35
774
2596
3968
2189
46
2298
2772
2700
907
1553
73
1862
74
1937
392
1541
1146
3916
2501
1315
1650
25
1440
713
2144
925
3836
1768
3394
2149
3694
3202
4032
26
4086
253
3979
3644
1814
1261
3939
3142
3175
344
94
1493
1703
391
2413
3427
2593
2620
1398
2686
3577
2087
1309
104
265
385
1806
4051
3357
3303
2625
379
1497
3691
3434
3706
1238
1356
2744
110
1972
1535
406
3063
3966
3005
91
2820
1987
3343
795
1186
39
2451
3818
1183
3431
1767
1065
1087
3207
2525
3558
1831
539
3643
729
3846
2761
1473
4
2584
3294
3193
3801
1823
48
2489
2475
2142
216
3415
140
2244
15
2678
938
1777
2491
3645
3554
3476
974
2854
53
3765
3727
3690
3961
833
665
3365
1858
1627
165
416
1617
3661
2863
2163
97
1368
512
3408
1491
720
540
3990
2184
2017
3291
1859
2355
668
686
1355
2027
3529
2209
629
1990
3285
3459
914
1343
1691
530
1374
2559
3256
495
3449
1629
431
2592
2285
1699
1092
787
1046
1967
3657
2693
1275
1503
1245
3700
697
1060
3778
1160
1026
2630
3095
4029
1819
1721
533
61
1898
3897
2706
219
3322
1049
879
785
308
3104
1685
13
1900
154
1173
3076
238
1908
1487
3399
2183
266
1613
923
2986
3602
1788
3226
4016
845
2196
2683
2606
1474
1184
3132
1875
3782
1134
169
3064
173
730
3745
594
3794
3463
3446
1228
2155
2356
176
208
1589
3521
2026
1927
3326
548
1521
3238
865
163
2725
3192
3264
3623
2415
2067
813
3587
1415
1794
3385
1621
152
2059
3669
4067
944
2077
1508
4065
2572
383
908
2976
3130
1469
144
739
1867
3375
3883
3636
2844
2945
1483
1943
2660
566
2401
204
3824
90
3123
1869
3800
3792
831
1334
1213
181
3894
2991
3940
1452
1231
3000
3094
1138
3734
1961
3862
2137
1863
294
1941
1844
3680
2943
733
1155
1335
693
1874
457
612
2157
537
2803
3135
2598
2037
1095
1425
839
2374
1400
1464
1772
2299
1247
2065
191
3218
1027
3224
1339
3549
784
1009
3141
1104
1774
3981
1815
1306
3670
3125
1017
890
4072
437
405
2207
2645
1454
3400
3614
3833
1637
1031
1654
2378
4002
445
3918
452
258
3388
2935
3450
2631
2818
3552
396
3887
1696
748
1796
3512
2919
111
2453
2537
3230
328
2534
2284
81
1684
2890
2042
861
3200
3828
2313
3249
1097
2532
978
1077
283
1997
319
3079
3787
3743
459
3214
1149
199
89
995
2837
1550
27
1481
3139
2443
736
93
2217
1079
2963
3131
65
1808
3223
1522
2513
1849
1249
1873
2748
3540
1664
1899
2677
2009
2648
2186
3654
524
4063
2054
1686
1403
3469
976
654
3877
3045
1904
2439
4024
3551
3034
3736
427
1661
1950
1853
3847
187
3275
1596
2085
2940
1486
1375
3553
1219
2614
1085
510
2878
1761
3281
125
1736
1325
2341
1609
3522
482
1683
3946
2831
728
2379
3231
541
3039
3380
1515
3096
460
3479
1538
1958
3178
1681
3314
3084
883
790
209
1507
306
1008
3906
3941
1024
86
200
2296
3276
897
750
2864
11
2032
3186
2242
1317
3165
3120
1711
1170
999
1857
2358
1272
2711
1675
1514
359
3392
334
3992
1285
2684
3159
1463
1640
2232
971
2781
139
3898
3705
60
1102
1595
2736
3307
1715
1738
4004
1822
1180
1220
2001
250
3823
1254
2758
2778
3550
112
711
2646
32
1327
2319
1277
1628
92
759
556
436
343
645
4079
2236
579
3831
2702
581
2258
1540
778
1556
1838
3255
113
2482
3970
1587
3641
567
826
1185
4081
3672
2783
1719
1290
3270
3101
1212
2118
928
3969
4077
520
1107
3896
3565
3892
3353
301
3716
3931
3484
2011
193
3071
1669
1969
4035
435
4009
1590
3753
605
3567
1809
1005
3033
444
1246
2187
1702
1338
3697
1365
440
2914
3269
2541
564
2488
1813
3194
1253
3122
3879
8
3756
2801
904
2199
210
2100
3481
1256
2842
16
507
2323
902
3570
3633
3149
2903
3155
3042
184
1562
1062
1200
2932
966
3428
3409
3766
1475
2526
1516
2225
1918
1441
2581
3793
240
1746
2458
2218
3962
4068
2377
1028
1329
2830
1322
1100
982
3859
2848
2269
3741
1945
3221
3334
2436
2550
3287
703
3590
3105
2117
3208
2359
1646
3421
3949
1729
3266
2567
309
814
1042
2448
3037
2131
3406
4041
1477
2240
2616
2602
611
1091
2204
3369
834
458
3810
1778
3407
2514
1708
3189
429
3996
3181
1911
2506
3436
338
803
2947
2789
1198
3268
2492
1114
3714
492
968
2281
1396
3004
2314
1963
2658
1588
2980
804
3984
2019
651
641
3225
3387
324
742
3176
479
1118
1725
4011
568
1557
2336
1040
373
2153
2211
1531
1510
3051
3475
936
2403
186
3882
3826
404
960
2253
122
203
109
2985
835
3686
617
1523
2775
621
3464
3228
888
3325
2802
1978
690
2568
3958
2927
1193
1476
1714
2021
418
1376
779
302
2181
2469
1789
1513
892
2023
646
1057
522
1478
1803
483
14
3905
2107
133
3321
781
2053
1089
626
2006
623
1372
1041
3698
3162
3251
1393
1790
3137
1575
387
657
3497
3308
3383
1323
108
3335
840
3808
2003
134
3789
850
3041
1758
1328
3086
509
1848
2915
2429
3626
2308
67
786
3853
75
1554
3798
102
514
1667
310
1129
3624
1727
597
2175
674
85
955
1624
3015
3601
2266
3498
2634
290
3703
1581
732
3341
1527
2821
3199
1644
1631
1605
1132
1921
1800
3699
1698
2530
2751
1115
3685
1369
3150
1568
1448
1144
1614
230
2819
1896
2624
2786
3758
3965
2103
794
2422
2969
1718
390
2044
3129
2998
1127
1672
2084
3058
2193
3579
3773
1169
1136
3044
1150
1811
1324
2174
775
3944
1175
2446
1901
661
2290
320
114
1618
2732
2966
2068
1878
2964
1380
4074
2080
2049
2512
120
215
3544
2346
2095
559
1915
20
439
2064
3510
977
2900
370
101
975
1386
4070
3348
2280
2807
2822
2000
2553
1925
142
1845
2248
871
2216
3582
1829
386
2066
1920
38
267
3605
3260
2442
2955
3563
408
3032
3701
671
4047
3721
753
2827
34
1350
3880
3640
2694
969
836
1225
3292
951
1543
2334
987
1394
4059
1047
1287
2601
1420
1843
2343
362
1792
3050
365
3377
3695
2672
270
1235
2438
788
2190
2562
1347
2264
3748
347
3003
182
2437
150
3146
2774
2873
397
1565
2241
3456
921
3964
1141
3405
2691
2705
3468
501
280
2587
1985
1196
2317
364
2375
2039
3919
1432
2391
3229
2351
2908
1623
3817
3163
1157
3963
2715
3715
1923
2643
438
2695
3183
2779
2578
2205
1409
425
916
3501
3913
1366
141
2558
1168
269
2892
2348
2130
1726
2747
3283
131
4049
1868
3203
4087
1404
765
1744
672
3737
218
3457
96
1643
3352
1438
3293
3
2134
3978
2923
2590
699
984
2016
846
3333
3243
1195
1836
2449
1812
2305
2529
1080
2895
1612
3091
2440
4064
2398
3242
421
2335
1388
2968
226
503
3414
288
2826
3474
2133
1892
159
3725
486
3573
3490
606
2924
2565
37
3608
1754
2654
62
2971
1825
3935
1291
1981
33
2511
710
1236
689
3114
132
220
2788
1968
2046
763
480
1882
3065
1659
2318
1707
910
95
1991
2921
2769
1426
475
2800
3576
3757
1506
3290
1885
1090
2263
3182
353
251
2171
2851
3711
3040
1294
2428
196
1566
3115
2721
1622
3515
990
2604
2860
637
1207
41
3147
172
223
2366
2944
552
3309
1791
1677
2519
3371
2172
1258
2946
2412
352
1266
1218
2727
1928
3244
1888
3942
375
300
1242
1252
2293
1222
249
4055
3328
2147
1289
983
3829
1670
2680
953
609
1639
3118
2430
1061
761
2487
4038
72
1750
2901
1583
3188
3559
1620
3885
3195
3345
3555
1906
1332
3673
1093
2029
1459
3148
952
3031
1784
3955
1771
642
2632
394
2950
2424
2286
2402
3423
1855
2470
1504
3356
3752
593
68
3959
3215
3082
4096
3259
1584
295
3972
1455
862
2018
832
3072
411
2687
1382
2322
863
2651
3059
631
2843
2726
78
3170
2484
2689
1638
178
2959
87
776
3523
3272
3613
2245
3541
3402
3513
3952
417
3617
3689
367
236
3532
2622
400
830
3097
115
3499
3133
2503
1743
3109
2524
2518
2974
3300
2883
3566
891
655
2012
18
2369
3085
88
3443
2384
1764
1542
2277
2466
2409
770
2899
2257
3012
47
3376
2452
2048
377
3298
1846
1133
639
2699
259
3014
3442
342
3507
747
1833
3889
3998
3056
2191
3866
3074
3048
906
3386
1076
1775
1745
3018
2961
1634
3858
3660
1269
2278
2468
3802
2823
1962
246
2052
2417
1305
2477
1996
1391
3954
461
1206
1488
1113
2213
3755
569
1695
900
3871
586
2083
2099
3977
1392
796
2404
715
1145
4003
1320
3901
1278
448
681
1314
1078
1787
3738
1371
1879
252
2392
496
2081
1194
1416
2282
3466
2476
2120
553
2478
3869
513
998
2898
737
276
2552
1676
2002
3422
2390
1211
607
380
1705
3265
3572
4039
273
177
2583
52
1558
470
3945
1886
21
2555
54
3252
2047
1866
1891
1001
2420
2360
3360
2304
3856
2124
1534
2097
2637
743
949
171
798
1797
3247
870
2474
2540
2376
1268
2483
2867
1313
1383
997
3447
3899
4054
3197
255
1458
1139
1202
931
1820
738
3760
716
918
1456
1740
3676
4022
1877
1765
1872
2382
3151
2078
3180
988
576
677
1361
4036
2129
3634
274
2473
3717
2267
2383
2394
1842
2852
4061
2797
3271
3588
3589
3924
824
2850
3070
76
1651
3239
2690
1067
531
3217
1310
49
2505
3496
2931
502
3184
598
3907
2362
192
4094
1700
2086
44
2577
2938
3460
2316
129
1666
3043
2757
3367
2667
316
2203
3995
3583
3923
2456
1903
234
1559
2839
453
565
2112
1214
3511
2814
3342
1887
2262
2521
1655
3491
98
653
1511
298
463
4060
3127
887
1434
685
2728
1399
1044
3807
3848
2603
3592
164
2407
1917
3253
22
281
3873
1066
2289
3472
368
3338
858
424
1177
1073
1015
1251
1197
3830
2361
244
3557
1668
4030
1499
2917
153
1679
1706
1279
842
3263
1688
885
3425
2611
2936
3845
3143
2910
919
3134
3774
162
469
3767
1022
3612
3478
1824
3359
123
3161
188
314
357
1081
1053
3053
434
3630
1959
670
1427
3893
684
2600
2841
3639
1942
3730
926
71
2554
676
3751
1342
981
3772
2836
2076
2136
2605
3514
570
3771
3327
2256
2178
3222
2170
3997
2249
1422
508
481
1986
2574
3598
3684
2500
901
872
2569
1094
1827
2168
735
3648
2897
7
2056
2154
920
1450
4058
2194
2230
1649
493
624
130
3117
3619
2292
760
911
2418
3920
506
746
1760
946
206
4042
1919
3413
1580
333
1635
2166
1876
1140
3719
1490
195
467
2580
3240
3811
1546
420
2352
3174
3921
3384
3878
4048
638
3038
965
3770
2916
3196
3870
3747
1098
83
950
682
669
1345
1449
3323
1671
1444
1304
491
802
3827
1576
158
3274
2896
2357
1625
3999
1348
1414
2855
4019
3646
1828
4057
2115
3914
504
447
2161
1036
2884
3030
3928
2395
1910
2462
1642
2495
2329
2123
1983
2206
2609
3621
3781
3233
2763
3936
3647
2265
1216
1810
4088
2794
590
692
3780
939
3262
3784
2716
2279
336
3412
2306
3864
366
332
1602
1841
2874
1423
465
3681
3219
2875
3489
3527
549
2641
3418
2858
1226
741
2970
3547
4025
2353
1189
70
4000
1839
1230
2135
1112
1229
3594
1616
1349
1973
1244
1955
2508
3339
1360
2227
2949
2297
1912
3439
704
614
2692
1410
3733
3542
2652
876
3516
3495
740
1731
2638
1224
3742
118
3884
2712
3638
1038
3438
489
1850
2276
1571
1998
1564
360
2226
933
1215
2092
3797
706
1598
229
3627
2127
658
1025
1333
1171
3799
2198
3937
3022
2979
2731
19
4044
1402
2156
2128
2790
1037
2536
1971
1630
940
829
678
3054
1594
2983
2005
1948
225
1600
2696
1248
791
3485
1909
3854
2461
3430
1199
2140
967
1690
3912
616
126
1735
51
2533
1720
3768
937
3106
2566
3190
2311
2307
3036
494
1689
1122
3812
3578
24
2557
398
797
1446
3575
1574
2485
3116
2339
1645
917
1724
3455
4010
964
2457
1479
903
2881
3007
82
3198
1999
2582
558
1364
2635
3187
4034
3023
1615
3404
2111
2310
1607
2594
393
1152
2090
884
2933
1002
2025
2445
2416
3994
2737
466
1033
2509
2291
197
961
963
2925
1773
3453
146
2113
2674
1753
2200
3370
3393
271
1687
484
2041
848
1075
264
487
1035
327
3398
856
2764
1143
1526
1657
675
3016
764
3297
2321
2535
854
2035
2549
1783
1680
79
2075
2719
1552
1108
744
472
1124
2515
1852
277
1316
1363
3503
409
3860
3710
1462
1966
2173
1159
432
635
3355
1528
3080
2330
3597
2698
3119
749
4040
2872
2762
3546
2662
2419
2773
2663
3595
1011
2714
3471
1176
1121
1776
3047
1344
1582
66
2494
809
3235
1389
723
1611
2072
248
1188
2876
1395
1239
1817
895
490
1181
2522
3279
1489
1537
1712
818
1424
1561
1308
688
1975
311
2167
1682
805
807
1652
4007
1064
1084
3943
3729
1932
235
1210
1934
3728
620
1401
1716
572
2146
3628
2989
3332
2441
898
151
351
1732
2675
873
1895
2671
2926
3374
1739
99
3206
3445
622
2057
702
2982
2340
105
3299
867
4014
762
1351
3210
3804
505
799
1191
1722
2885
3610
1437
1021
2642
1274
1929
3426
2973
3060
2538
2627
3494
1232
1039
1816
1223
2150
3987
3890
1692
473
3347
1209
3850
2435
3191
3441
2766
3112
878
1881
2237
2421
869
618
1308
681
1294
3083
622
231
392
4070
3871
668
1212
3102
3599
429
3425
83
796
4081
2473
3914
3275
2999
345
3753
3660
1215
3593
3458
2865
1872
1558
3572
3167
3474
886
93
2265
4053
3862
867
3302
2039
553
248
4082
2125
92
1414
1314
1662
776
2533
1292
1017
4024
3145
1972
2010
997
285
87
1917
1149
3359
800
1293
3591
12
3096
3894
313
439
2359
1227
1103
494
1933
3957
2051
2266
3688
1234
2491
6
2560
3925
581
1877
3873
1771
3457
4023
481
17
888
1871
1157
1642
3941
2018
266
250
2231
1335
711
598
2515
1429
627
3551
2289
687
2818
446
577
2666
1084
3370
2045
609
1375
1908
1108
1994
2105
2862
1862
3447
3361
211
1702
2031
520
3905
2430
2271
1053
3304
3649
1506
3040
2990
3399
1284
679
3722
2413
3337
2713
1403
2285
2897
2187
3087
2965
2466
3402
132
3011
971
522
1799
3313
514
918
3180
2457
1956
749
2058
2660
3581
3702
2913
422
406
1089
1106
2721
2784
2591
1625
483
4071
3704
1334
1545
2613
1713
3198
696
1277
2556
2657
919
737
38
2069
3468
3758
3595
3586
2614
3219
3142
848
3255
1844
3710
1949
3312
3982
3773
3588
647
628
2779
3577
3300
256
3817
3329
3089
13
2435
2920
3133
2812
1180
3569
33
238
3837
1458
702
1468
817
2594
2001
2575
2742
216
1309
2635
2378
1369
3529
2982
1023
2268
2313
2855
932
2438
2440
2065
1013
287
2858
1812
3259
2070
2221
1353
983
2628
2148
3030
2014
482
235
2043
2712
3080
3659
4048
4011
3210
599
3693
3675
1268
1776
1304
1804
3587
3257
1551
1239
3676
1843
1772
118
1313
2373
1598
150
3262
830
1434
3633
3363
329
4066
41
2459
2077
3762
596
2401
3191
2977
3154
3796
2139
3166
322
1186
3863
3509
3857
1179
2744
172
1846
526
3174
2914
3465
174
3617
2553
4018
3924
1479
3362
1522
531
1389
3681
3347
2608
1626
689
3279
1675
1383
3996
2291
571
4049
2032
1749
1860
3006
3482
3598
3700
1060
2807
3543
3063
2845
1989
3229
2942
825
3147
2939
3959
234
1061
1104
335
2117
1906
259
3677
1350
853
671
1508
2038
286
2445
2320
1529
1647
852
3365
2392
3144
2162
276
3500
3810
1022
1128
961
2250
403
3097
1677
1119
1300
1697
306
589
1831
66
991
3967
205
347
754
1827
2861
2929
3306
1324
4054
1855
2985
842
764
2696
3564
110
1187
865
3109
1482
1793
1150
1031
2910
2059
455
3590
3065
239
3282
3727
480
2270
2141
2450
3366
99
1419
1534
1168
1968
1635
249
207
1160
3139
858
2539
3209
1271
2624
3876
1802
1672
1145
3816
3783
2178
1498
337
2381
1902
3855
2602
2193
1395
3782
465
204
4088
2542
3651
1661
1816
156
900
418
296
798
3495
824
2941
747
3735
3530
3627
1169
282
1643
2960
649
1099
2177
2678
1987
2008
3091
2528
2449
2697
222
3583
2848
3900
3518
3879
3410
2673
3752
1798
629
3157
885
1621
614
5
2992
1495
2246
1102
3184
3621
1687
1689
760
1189
964
2464
3715
2596
2353
810
3981
3909
3129
1592
164
4004
2437
1559
966
32
1420
2241
3156
30
1402
554
2224
1067
471
3394
3076
548
3284
1070
3646
2298
2128
2630
1492
2219
442
2305
3795
3532
896
3608
405
3095
861
2765
1115
3031
2424
1671
1307
176
716
1036
3328
2986
2655
84
1837
3631
3343
2740
3272
3346
122
3451
3027
1362
529
2620
8
1985
3717
3203
743
860
2339
4039
1552
1884
473
1561
1839
675
3726
926
1161
396
2396
3388
2836
3980
1601
272
3384
1422
2570
1477
1825
984
1251
2325
2361
3764
2336
1938
21
3028
159
2751
2538
3007
3033
2507
3921
2775
2789
1191
1806
3565
3800
257
2454
663
3682
1653
2906
1086
1562
993
104
1373
1608
2423
3641
2908
1122
544
1181
1050
2081
1280
154
3734
3484
3567
3897
3249
470
3395
3671
2974
195
2662
2137
3691
1941
3345
1567
2625
3344
3351
2316
3338
3937
2347
527
1502
1453
1204
220
1270
1310
478
1112
883
2040
295
1688
3038
1311
1734
3928
300
1748
722
2547
3100
1781
1849
911
4037
2670
2544
975
2499
229
1931
123
2695
1043
785
193
2374
3476
945
1306
1315
1281
2477
1246
2881
1854
1336
1361
1878
618
3952
1273
228
2226
1088
4059
510
3594
3331
53
254
2501
2210
4093
1714
1118
2340
1265
280
506
145
2003
3849
1278
2767
2331
2945
4015
3889
1514
1491
3392
2229
2725
3600
2157
1408
3869
3073
2114
3340
2675
1303
4092
3285
1881
3718
3243
3609
974
1405
2146
2054
98
1594
493
4062
241
921
2857
284
29
1232
316
4026
388
2201
2523
368
1720
124
4029
1147
2306
3553
1619
1505
3839
1887
2223
2386
745
3438
1507
82
3454
3199
3674
3261
453
3116
1274
3881
731
2390
726
3822
2355
3427
1433
3277
2130
2234
2200
837
1674
741
1192
2479
3711
1604
2686
1173
499
512
1997
3749
3584
989
2272
3969
1444
3182
3531
992
1014
864
3372
1617
1002
3882
2185
763
1875
3311
2225
3533
80
831
269
2641
2068
1646
1188
2006
3041
3628
683
2768
4084
2783
1641
135
3765
1930
485
2943
3836
3396
2832
3171
2595
421
3895
1820
3870
2795
605
3373
427
3793
3622
2899
1093
2796
3808
2691
1193
1052
3821
2557
699
3527
511
1222
1737
1656
2024
3920
2115
500
3993
806
1459
2121
2186
1317
4068
922
225
3514
3046
3750
3616
3168
3744
767
1518
3536
2287
2269
194
1376
1202
1131
2341
3103
236
3623
3850
792
3178
1780
2859
2446
923
2194
1109
1701
2588
1
1200
1736
2825
2994
2158
3104
2978
1848
1681
2092
3387
1797
2791
3888
3919
3320
411
1111
1750
3477
3135
766
20
3449
3714
1256
1550
857
1784
1808
640
1597
2642
854
3844
3149
828
1665
836
1715
1939
3648
2472
556
15
2485
1794
1584
3428
3656
1728
218
1673
3288
3559
3664
4010
3029
144
261
635
2569
1057
3666
1416
2480
1288
1301
1655
1707
2448
2112
2399
3690
1343
3123
2171
398
2251
3252
3585
654
4061
1132
1695
603
3885
3248
3861
321
196
2964
1679
2923
2717
3934
1045
1445
2243
3756
1540
829
3389
417
3947
2814
108
3910
750
2778
3112
1838
3944
650
3938
1738
1957
1037
1214
1682
365
2915
2968
3132
3400
212
1692
3525
64
2165
1864
3939
2632
2626
2015
3161
999
3540
3630
879
704
2084
2170
720
844
1708
3
1130
768
2718
2786
364
2220
1901
2311
2175
944
1731
1411
3748
3516
2239
2707
4008
2729
1782
1297
1474
770
1194
3290
4034
1764
3953
2824
3153
648
308
2664
3697
2905
1790
488
793
2758
3984
2578
2027
2944
2020
1217
4040
736
2710
808
3179
3342
2680
1732
377
3247
304
31
2597
3062
1516
2799
1098
3177
2809
1285
3407
1565
942
2658
1206
2276
1613
173
2066
1791
3790
158
148
19
1628
1983
3035
3929
1818
3990
431
178
2282
904
3760
2259
2189
2099
330
3325
1996
264
692
3022
3802
4027
2741
2042
2617
2215
3055
3971
721
2510
2403
3181
889
1438
1796
242
1815
271
65
2961
788
1959
2076
2150
1184
217
200
1410
3503
1683
4042
2733
1139
631
1481
3479
1566
2760
407
1932
2116
2692
1747
3626
3496
3923
183
3187
1542
1211
3946
3803
2180
10
438
2168
621
1470
1269
2274
3222
360
2005
4052
1138
3814
2155
2874
3506
951
1483
3868
3510
2863
3716
1368
341
3462
221
450
2242
491
1767
3332
1226
4069
2478
1795
2273
3301
1652
1152
3437
3256
1359
2667
383
3552
3424
1190
826
1094
724
441
2651
1842
3296
1238
309
2476
891
1377
2541
1399
348
1425
1165
786
3480
897
559
312
129
538
1272
1370
3120
2303
1523
3696
3707
578
657
2425
1182
1870
1966
3253
3401
3025
1809
1517
1774
237
1480
3201
996
447
960
755
2127
503
342
1606
2327
1599
3241
791
3983
3874
3414
2284
2987
1924
925
509
1257
3416
1888
2880
1657
892
948
1543
1616
2638
835
1922
2288
2159
2022
1819
2955
1935
189
3867
3299
409
3136
3353
1048
3789
727
962
131
3204
343
355
3086
2971
16
2984
1396
562
3075
3792
703
3021
3018
2940
2017
872
1990
1745
2898
3206
2683
1110
2798
2318
3269
2101
1719
863
2684
583
3412
325
1630
2107
2688
2391
2443
197
358
2214
2983
2074
2912
2918
3223
956
1258
2851
2283
2366
371
2256
1721
1982
846
1034
3090
569
277
292
1101
2426
1833
1381
2192
3324
3851
3084
573
3528
3155
3072
1696
2907
88
977
972
1162
2530
1196
686
3214
3049
1114
3797
414
2295
3508
201
311
4013
2417
1729
440
1455
908
1918
1286
2892
602
3580
3436
1247
3568
905
3042
3669
2067
3280
1752
2463
3390
3635
1456
642
849
1223
2895
1992
574
357
1724
258
1100
3114
3728
774
332
953
4033
2169
2748
968
2310
2842
2439
2452
1316
2278
3692
2830
1637
209
1593
719
2612
2497
2754
3642
762
1068
1991
399
1374
2469
3254
2254
2689
2143
729
2080
1538
3192
4056
2841
1062
3435
3738
1907
2345
2061
546
3505
582
393
153
3232
2176
2324
2946
3618
2627
3009
219
61
1912
1789
1909
2953
3281
1883
2927
2548
1499
289
1632
1705
3729
3611
3360
995
2704
1095
2576
307
3099
1496
4086
807
270
644
3404
3741
1475
2432
2429
3597
1163
215
2719
3754
2589
2969
560
714
2147
326
35
389
362
114
380
2086
2447
3526
252
3713
26
2348
3463
3661
3886
730
3860
3472
1136
3670
906
985
1660
549
2360
3884
45
3039
572
2885
168
3652
3647
3960
3768
299
1976
291
3189
3355
2380
2601
616
2879
3071
370
3128
1716
1025
1454
2552
2237
2579
2514
3303
2749
898
3250
1016
2820
2693
3002
2849
233
818
2124
3866
2504
1960
586
240
2436
4091
1503
3309
2803
2198
935
3548
3643
927
3883
4073
1521
3246
3736
2761
2106
2465
2932
1564
3419
2383
78
3662
1897
2828
1183
1055
1911
1224
1019
2546
1663
3582
2441
339
152
3601
495
4031
937
1296
1358
1250
2701
954
3916
3579
3731
965
60
2232
2173
624
3094
3008
1622
1058
1387
1003
3131
2975
1944
2598
210
461
112
472
1151
1873
2475
1051
744
841
3064
2131
2509
2204
2098
2471
7
1765
451
2346
1945
3605
3052
3207
3555
2111
3913
2705
2136
3473
3612
3421
535
476
1768
1143
2950
1684
2096
3159
539
2573
3668
1289
1845
2609
3273
3460
1451
804
3265
4012
1266
850
3444
1148
3487
3757
1228
2434
516
3417
1978
2388
803
2007
567
2771
143
314
3813
1213
1836
2364
563
1404
1436
3194
1694
967
3242
3550
1026
1241
3297
2869
3054
1066
2513
3175
245
1231
3240
2182
3724
1328
533
3988
2181
2888
2668
1059
4085
3908
1577
3931
3927
2938
874
2900
3294
127
678
2962
3772
3446
2563
1624
3231
3956
75
3723
2891
2209
2370
187
3205
2734
3940
3434
708
1612
2518
496
757
1447
2188
166
3791
267
4072
4
1867
1690
3615
3853
247
875
3950
2309
2674
1000
1905
81
3737
1176
2997
2506
2296
2574
880
1769
4032
1394
1544
2342
1658
2827
3124
1952
1710
1591
3260
608
2431
3016
1955
957
2083
1205
445
3893
3044
3872
3271
3215
3663
2726
3221
518
2304
1746
2142
894
1717
3264
3426
3195
525
161
2640
2750
2593
1958
502
809
3193
2217
2397
1469
1497
580
1032
367
2307
3200
1018
795
376
3244
206
1237
2252
1087
2488
1366
717
3721
2720
3544
3687
2967
2663
1471
191
2676
3403
95
2780
584
3490
756
1896
2679
1010
1090
1555
3118
2367
2062
1531
1553
2337
79
1511
2935
805
2936
3683
3672
700
712
3911
2034
3036
1075
2326
2253
2883
1203
3228
57
3732
2257
3574
646
3060
170
3263
2460
3172
2135
310
2160
4009
2562
115
2368
386
1923
290
3557
2637
2519
3137
2433
175
2409
2933
2887
1969
534
157
2410
2957
3237
435
2197
1235
3689
2329
3318
2174
655
18
2428
1914
76
2753
1412
3045
1576
147
1260
1730
3082
2931
1509
3933
3113
3105
2702
2319
2206
3890
1142
1372
2496
1276
2543
952
2470
1144
107
2230
2633
901
1074
1117
787
3831
1607
3012
1667
420
653
3050
55
3216
2063
2834
4030
813
3951
3778
288
458
3706
3330
819
3520
3686
701
1927
1850
933
3774
2294
1948
3654
2019
2073
1611
2377
2290
939
2109
2462
3066
91
3812
1758
1244
3912
1686
3777
28
2998
3152
1199
607
3217
3307
3566
2886
72
1570
2653
2610
3809
604
128
3251
3698
4016
3903
3606
1105
916
426
1841
2649
3079
3798
3108
4043
1153
2487
630
3824
2715
541
2011
1430
802
4076
2119
839
1560
432
1650
344
2980
2621
881
198
1834
3234
2055
2489
2261
3556
595
1910
1302
3121
244
2567
558
3010
3761
3524
3202
3422
1123
3295
2145
3624
67
373
645
1512
2583
1393
3146
552
2208
1733
1792
2094
978
3014
2802
3461
1299
3560
1698
1426
2526
3607
3733
3891
3695
3763
169
3742
1590
765
3878
2870
626
192
575
2843
643
3955
375
4050
928
3978
2884
3576
2947
887
1950
672
3378
180
3907
1171
1126
1406
71
1125
3632
3811
2561
2087
4051
1654
3270
2133
3521
139
3519
1071
3858
9
2959
3115
463
430
1785
3439
1760
2249
498
732
4035
3887
2531
2763
3130
3835
2299
49
1020
1936
1537
1409
1629
1569
3804
1814
3140
3625
333
50
641
474
697
2050
2826
1461
2041
3781
2685
3684
2356
859
3665
2026
1342
3780
1352
2281
1998
2922
1040
1823
3383
2458
2
1476
3423
547
2690
1515
1892
2293
3317
3896
1133
37
2819
963
3032
3972
2028
1175
2735
1262
2064
1886
3507
1029
1295
2727
3315
2930
545
404
2839
2444
265
758
69
1264
1379
2405
2138
1345
1829
1787
2838
1921
1441
119
3196
167
1220
3892
1424
3542
1685
1348
130
1127
1723
101
1428
3165
1357
698
3898
3975
2917
3818
3657
3327
3512
551
1614
2323
109
2088
3489
1947
1535
3562
4003
2233
1963
2404
814
3708
2267
2804
3602
2222
89
1254
2840
1382
3680
2822
230
1578
3784
3640
976
3322
2875
685
1467
141
2420
3227
3150
1249
1528
746
3291
2075
1158
3024
52
2129
2844
4036
2911
537
1800
3807
3852
73
1563
2048
2406
740
1384
1466
2244
1693
524
3314
1866
1349
3604
23
2154
51
2248
3801
1494
361
2264
2349
1080
3819
2517
2263
934
914
1208
1351
2951
3453
515
632
1318
3856
2926
2711
372
1536
3523
1913
1856
981
2722
543
3098
3589
3829
4083
1243
3413
3433
2856
456
2565
2882
2078
1954
3093
171
3575
3213
1337
303
910
1287
1999
1751
1778
2351
4025
4060
3117
3740
3481
3578
2681
1400
789
1327
862
855
2586
425
1830
1868
2787
1298
120
3450
1510
1129
3107
4063
2212
761
1124
2354
1380
4057
2461
208
1585
3745
2732
1024
2989
125
1008
2976
1890
2207
1439
2736
3381
2545
1072
1028
1703
1263
1146
121
2603
1319
2090
3973
1015
106
1618
3023
149
1437
2442
274
97
2584
2393
2333
281
137
1699
1547
2894
111
1513
2009
400
827
253
2837
279
2558
2520
2118
1078
3995
457
2060
597
318
3942
718
3420
3268
909
1076
1500
3138
2782
1082
2493
2816
68
134
140
2502
979
2581
302
588
1473
2615
1305
3827
1198
799
3048
3452
3917
2549
1803
907
3386
1027
379
982
3499
3610
3639
410
778
255
3805
2357
4014
86
1091
1240
301
3293
224
610
1916
3081
2411
3558
3208
4019
324
352
2723
1248
2854
3823
3999
3701
2097
1573
2029
2467
2314
2093
3061
4094
44
2536
374
3922
1669
2179
2258
870
1709
893
2559
2120
3847
772
1718
1546
1004
3186
1962
3233
3141
3636
2334
2183
3004
3694
2095
408
1233
1156
2860
2564
2919
2202
415
1649
2033
273
3966
2648
940
2110
419
4074
1398
1603
3305
1486
684
4041
2847
592
2216
2948
3537
821
251
759
1588
693
2647
3110
163
2645
2866
3561
1006
2770
1325
213
3211
3571
2379
2297
479
1858
3603
670
2963
1773
1627
3471
1290
1756
1821
59
1432
305
523
489
868
2123
2850
3160
949
1885
2483
2151
1107
2037
2902
2153
884
1874
2743
1042
929
2371
742
3380
1354
186
2724
917
2385
564
659
1572
1822
555
477
4065
382
822
2091
1007
1166
1879
3880
46
2512
1817
328
484
3298
3445
3968
1615
3456
973
1602
3833
460
3786
1121
3069
22
705
4078
1988
1195
3539
3673
3936
3963
1073
941
1134
2728
1457
2322
2100
102
2687
3119
3274
594
260
3368
694
2199
3667
4047
4095
557
1329
3224
1863
3418
138
3375
2375
3522
550
1596
2540
847
2321
3830
2954
3349
1501
3655
1326
585
3779
1587
2550
3442
2524
1600
2800
1904
1385
2924
3948
1415
3493
2140
2218
3379
3176
459
505
3333
2113
2275
4021
1033
866
243
3875
1209
1210
2384
1770
2072
625
3283
4017
1995
1340
3235
969
1388
899
709
1083
1291
3173
1801
2104
3467
623
3658
924
1332
706
2395
1283
3085
2511
1489
3037
2958
1367
2793
1038
1826
1893
3057
542
3053
3573
2196
1937
2372
2052
540
3143
1488
2611
666
3455
1943
2817
2801
2716
2805
2605
2988
113
637
619
2714
998
1252
3845
1741
3440
1979
1331
2414
3408
3391
1229
1154
1056
2500
3047
423
340
1448
3976
2527
165
739
2644
3926
2172
1852
3678
902
1065
3316
790
378
2972
4096
877
366
1174
634
142
1633
3699
2752
1668
1135
2167
1450
1811
4055
2708
3769
3834
2669
3385
2227
1807
3220
353
1338
1583
47
1077
3134
2815
2279
24
136
820
4079
1167
1049
2566
2700
1427
1880
486
2498
160
1164
2774
387
3267
1236
2195
1472
2262
4006
2451
1951
2495
2606
3720
1835
2599
1047
433
1322
1759
1623
4080
1847
2811
1339
2738
1431
3517
1762
202
3466
3350
2412
838
1903
3766
690
528
873
669
980
117
2211
751
955
1763
443
1645
3003
1915
3915
2852
2703
363
2057
384
2000
2634
517
94
2456
4090
2656
986
1524
2245
4007
317
3828
185
1418
2568
2149
707
395
1934
2810
1557
3335
3865
1786
3358
3991
162
2453
3043
1651
613
3382
2747
3287
2806
3504
3906
54
882
214
1898
3371
1079
3997
794
566
3230
3405
576
4038
2484
283
2797
3596
3954
11
3771
3185
1443
3068
1609
1219
2053
3767
2813
2238
2184
3286
815
3122
1525
1054
912
674
781
691
1670
356
4064
1218
2582
2516
2996
3470
913
3679
2191
2166
715
1740
2308
3197
2126
323
591
1777
3843
2966
394
2046
181
1840
3326
1155
2286
3483
2904
1440
1964
2013
3899
2872
1691
988
199
2213
1828
490
3013
2821
2572
3369
1421
100
1711
3904
2903
1975
3339
105
561
2925
2646
2365
85
1755
1581
3005
2102
2494
773
2427
1813
1735
3323
2981
2389
2585
2144
1783
2030
601
2047
3051
2205
1460
1984
1001
1320
2746
1554
1465
3276
1282
2831
4067
2949
3169
833
1739
1012
947
3491
3497
448
612
3162
915
1980
1533
651
391
2604
336
2636
3501
2330
2474
639
633
56
262
320
3705
3739
3994
695
3001
2421
2762
1639
3238
4020
2394
2085
3308
1011
3685
3535
1267
3397
3614
2890
1753
1097
1069
1371
3357
664
1255
725
3056
402
3376
1041
1680
3788
3799
3515
1113
2344
466
437
1942
452
1861
424
3459
728
3629
1970
2532
2016
936
3820
2255
62
3430
2952
350
293
2419
2363
1039
4087
1520
1805
2376
3367
959
2301
2889
970
1700
1245
2343
4077
2757
3017
3751
1704
2622
3987
2056
1595
1832
1116
2486
2522
4022
3979
2682
1446
946
475
2482
3170
1137
1899
1221
568
3164
1575
3406
2422
2134
2671
263
4089
3974
1330
713
3930
3613
504
1030
775
3901
1644
2759
1170
2873
1940
676
3549
182
3949
184
3747
3645
1541
2338
369
2398
3918
1757
4005
3838
3806
3776
1676
3475
3815
1532
3067
227
3554
2650
1365
1449
2280
2934
1423
3498
331
1275
1178
34
1548
3015
3902
1085
1259
930
2864
2492
42
3719
2260
2877
636
2979
1242
2108
2352
3354
77
3348
3709
3840
3770
513
3785
782
43
1539
2755
2402
2235
752
1487
3775
2079
3020
1810
3245
3441
155
397
3321
1636
1586
179
1452
246
3364
2071
2521
4044
133
1666
658
3411
1744
593
3310
2731
2335
2369
1926
3486
297
1397
3163
2995
733
3289
2012
3226
3859
1392
2699
3841
3842
532
1571
2587
298
1742
3478
1197
2161
816
2004
1225
2592
3336
1981
1159
3546
449
1851
3034
784
2049
2773
1859
3638
1261
2236
823
2909
2896
3019
3125
3570
734
2023
590
1462
1401
2455
2416
3958
2618
3078
1207
2769
677
349
2103
40
1754
2737
1064
2878
96
1889
2867
2418
1386
3212
412
3111
4002
3448
801
2358
1356
2659
1378
682
2792
1869
3977
1928
436
638
203
958
2808
315
3374
2002
2785
1946
2407
2535
2387
2665
14
851
3074
2698
428
3000
1953
90
4000
462
1363
723
834
652
2415
1965
1413
1977
771
3377
1876
507
3989
2534
876
779
1961
3538
1766
3511
3965
2631
738
2408
2607
2328
2709
1920
2876
1417
1364
2730
3429
2554
1853
1391
2993
1579
3088
3398
492
25
2672
3730
1344
58
1390
3236
1046
2833
1549
2921
600
3356
2044
3637
777
661
2152
2555
1021
2089
151
2823
3188
3239
2756
3278
1312
2468
812
3848
27
3485
2790
63
1044
869
3415
2853
3541
454
2551
1743
780
2616
2871
1605
390
2400
840
3334
2571
1925
2481
667
878
2525
3563
1556
4001
2781
1894
177
3126
3961
2508
1706
521
2302
3319
3620
2537
226
1722
1882
1463
3190
3218
334
487
70
444
2156
3492
3292
2991
3985
1712
3443
2164
920
783
36
2643
3854
2122
587
990
2916
319
4058
3488
1172
2893
2362
1725
3158
3432
1063
1321
2928
3341
620
3998
3825
2190
126
660
753
950
1824
2652
3431
268
3077
2025
797
2639
3101
3127
2021
811
275
3703
3877
656
1355
2600
359
1631
103
1610
987
1346
3650
3494
1490
2973
4075
890
1865
413
3935
2082
2661
1081
2529
3469
2505
2777
2580
2240
3513
1464
3148
508
1779
2132
1761
3592
1589
3746
1678
3258
1185
1323
4028
2772
2629
2300
3755
223
4045
501
2766
2292
1177
536
188
401
1216
1857
3644
1341
2654
1120
381
2706
617
1974
1504
1530
338
579
1279
665
2829
3725
2776
1659
74
2228
1582
3409
464
845
1727
2312
3787
843
3992
1640
1478
3545
3832
519
3964
3619
565
327
994
1574
662
2350
3092
856
3846
2956
1035
2835
3106
1485
3393
1519
3352
1648
2794
606
1527
1141
938
673
1580
1484
1096
1009
2036
3759
1973
3058
497
3634
2677
2332
1407
3464
3059
2868
2203
1929
467
769
1967
2503
3945
871
1726
3970
1620
2901
116
3547
1526
2035
3794
3743
735
2590
468
1568
2623
1253
1230
3266
3864
3026
1638
434
2745
351
1493
1634
1435
895
354
1891
832
611
2247
2788
2490
2846
2577
39
903
4046
1005
943
48
1664
931
1986
1333
2970
3534
710
680
278
1775
1993
688
3183
2315
294
416
2619
3826
3962
1347
232
1442
748
1919
2277
385
2694
3712
1788
1900
3932
3986
3225
1201
2163
2382
2739
190
346
1971
146
615
1140
1092
3070
1895
2317
469
3151
2937
530
1360
3653
570
2764
3943
3502
