122
250
15
91
249
158
204
150
231
240
112
178
224
24
246
118
16
58
138
77
82
6
88
137
182
154
97
244
177
174
130
123
46
188
167
243
2
201
129
101
75
212
184
254
161
76
256
157
23
51
102
87
206
152
9
214
62
68
134
116
242
140
191
55
136
179
117
226
230
10
151
196
4
125
213
21
45
155
86
185
135
172
222
57
92
186
146
100
12
234
162
165
93
180
42
8
37
17
5
194
124
252
241
73
104
223
11
71
229
170
208
50
56
175
238
119
83
33
210
30
193
69
139
190
61
90
198
67
164
131
143
48
96
59
132
98
211
66
106
166
160
120
205
54
217
110
153
20
111
220
109
237
176
14
52
200
72
89
115
133
13
248
233
78
144
142
236
173
99
25
121
163
81
74
207
171
181
38
26
28
199
65
18
7
94
80
209
64
221
225
255
195
168
40
19
107
169
47
3
105
95
43
202
149
253
85
34
84
227
215
251
79
156
203
239
60
189
22
218
63
148
35
27
114
192
245
183
147
232
53
41
36
127
113
39
29
126
108
128
247
31
49
235
197
187
216
145
32
219
44
1
228
70
141
103
159
29
231
150
162
219
123
250
177
166
74
155
35
153
134
138
118
112
140
234
252
185
130
220
41
178
201
121
77
110
202
147
16
175
199
203
184
103
65
151
26
46
122
131
247
8
100
228
172
113
190
13
66
127
71
93
248
105
96
81
89
28
194
171
95
94
212
152
214
47
40
87
142
55
92
115
158
160
25
141
58
15
42
73
217
107
240
109
211
86
132
135
23
83
173
164
165
12
79
85
57
249
106
20
116
193
97
176
253
76
233
243
108
256
45
235
206
64
229
27
53
246
195
157
84
205
210
129
54
216
44
114
156
145
10
204
244
208
149
254
3
168
232
163
7
37
51
80
124
159
117
63
59
144
255
30
218
99
237
188
183
69
5
136
245
82
56
32
31
209
196
111
225
33
36
154
72
48
167
38
18
227
200
67
50
125
179
174
189
14
146
238
187
241
251
126
169
88
62
226
186
6
230
43
215
139
60
170
191
207
180
22
101
21
49
75
98
137
223
236
34
197
104
120
242
133
148
119
17
70
39
222
9
181
182
4
143
224
24
161
221
91
78
239
2
19
198
68
90
128
61
213
192
102
52
1
11
73
28
127
104
229
87
198
252
139
107
178
134
48
181
3
233
79
1
60
52
112
199
115
245
10
224
102
219
159
144
254
164
50
150
126
193
38
26
44
255
125
109
221
235
133
154
111
242
182
207
47
171
117
251
70
20
62
132
173
43
114
141
124
2
213
27
225
64
59
240
42
9
66
78
45
95
77
204
156
54
162
169
5
118
41
167
157
183
85
67
110
11
158
12
145
123
8
122
152
24
155
201
196
33
83
51
256
25
32
121
135
184
113
88
227
105
143
209
170
80
253
19
7
13
228
49
163
116
160
103
129
36
99
91
17
166
212
218
174
190
236
175
202
23
142
211
120
138
34
208
119
153
76
22
96
55
82
231
230
165
246
140
37
98
68
35
30
210
92
195
21
187
180
61
151
220
40
6
57
56
81
244
205
101
15
148
75
89
58
136
90
250
65
53
130
206
4
72
232
93
128
249
241
189
185
194
131
39
146
172
234
14
226
94
216
192
161
46
197
248
16
191
74
100
18
97
222
243
168
176
214
31
63
203
69
106
186
147
237
29
84
215
177
223
108
86
200
71
188
247
217
149
239
137
179
238
67
14
139
94
217
174
54
183
209
211
77
84
53
161
17
34
196
239
231
91
63
8
50
152
21
33
201
25
243
158
81
145
125
6
45
98
97
75
71
151
134
187
136
224
78
15
249
72
64
175
198
159
40
132
16
30
153
244
3
181
86
142
170
95
147
114
157
92
55
39
128
234
38
226
140
69
104
190
195
116
235
20
109
248
135
133
251
194
66
229
36
32
59
26
37
138
68
43
213
220
197
255
70
227
208
83
230
252
118
150
51
207
193
41
127
240
212
113
205
219
199
90
162
79
57
28
105
10
129
146
242
192
185
4
144
214
61
93
131
184
101
100
165
171
96
73
74
115
49
172
191
103
178
241
154
52
206
182
22
1
232
156
112
24
85
99
120
169
27
250
179
89
160
168
238
200
65
121
148
13
233
256
236
149
18
35
167
110
47
12
80
166
87
218
143
7
246
155
180
173
228
177
19
221
202
204
126
23
130
254
124
137
141
108
48
106
31
225
186
222
58
9
60
62
216
164
253
46
210
203
5
82
188
56
76
247
111
123
44
122
117
119
88
102
2
11
189
29
237
163
245
42
176
107
215
223
19
167
152
82
245
25
4
151
133
182
100
27
228
97
177
79
241
212
237
131
32
187
220
142
251
74
72
235
190
73
171
37
173
168
221
44
246
141
128
166
23
124
29
208
83
117
227
21
63
161
121
99
109
22
111
146
247
248
11
127
229
244
33
7
110
243
180
34
50
56
217
210
112
129
160
179
250
195
213
96
158
239
155
1
2
52
3
137
143
80
226
18
178
103
135
200
255
35
120
41
175
238
230
184
162
66
209
10
140
219
116
55
38
36
216
189
218
107
126
201
138
148
62
45
28
75
154
58
134
192
71
176
26
69
191
174
8
205
225
24
17
87
59
163
150
102
40
130
108
214
231
232
47
53
30
48
104
20
206
234
132
86
222
254
215
15
145
70
77
54
60
67
236
114
106
159
197
223
157
196
194
139
42
185
253
61
170
39
43
188
6
256
14
51
64
90
12
118
89
240
91
165
84
242
16
49
101
13
233
252
153
9
202
31
98
144
115
211
85
149
224
105
156
204
119
92
193
199
68
198
249
183
169
5
95
203
207
65
164
125
78
57
46
76
113
88
136
181
81
186
123
172
93
147
94
122
42
7
72
53
174
236
97
159
249
73
119
178
228
114
56
144
88
177
84
216
117
168
118
134
51
41
226
55
28
65
162
19
36
79
203
142
116
128
48
45
103
194
52
253
50
140
37
62
175
40
47
210
165
150
54
164
94
104
207
193
100
186
34
214
151
4
181
153
239
199
240
1
248
74
187
9
99
191
96
21
35
218
155
87
206
244
67
98
251
136
108
250
57
2
139
243
125
38
23
112
143
77
31
180
160
93
101
158
33
8
3
209
245
169
184
146
227
95
12
131
161
200
221
59
185
229
68
106
238
208
137
133
201
69
172
241
61
212
233
78
22
86
66
215
152
105
127
217
246
30
166
167
237
58
121
204
102
18
148
256
222
149
235
179
231
225
192
170
135
138
32
123
15
39
75
224
115
205
230
130
29
213
5
49
44
183
219
13
195
173
14
71
80
132
46
113
81
223
107
6
124
64
220
197
122
24
11
111
43
91
234
63
17
190
82
89
85
25
26
109
129
247
254
157
198
252
92
126
255
70
27
188
20
211
90
176
182
196
110
242
189
145
76
10
202
154
83
156
120
16
163
232
147
141
171
60
101
203
24
8
153
88
192
146
1
255
95
127
10
35
237
167
185
125
126
176
81
151
44
66
182
42
25
62
232
242
169
119
38
160
208
100
71
228
179
60
36
165
45
116
108
204
202
123
214
73
67
152
57
144
205
34
215
140
213
161
80
239
199
220
39
147
53
217
85
28
172
218
14
234
99
230
54
124
245
227
130
48
244
102
226
211
163
61
114
47
59
75
188
110
69
221
252
243
74
20
198
250
209
122
173
94
238
156
191
178
40
190
118
91
115
41
142
117
248
89
195
219
134
159
19
224
96
43
2
175
235
11
84
135
103
181
150
83
93
236
26
128
246
129
196
137
56
52
65
171
212
111
15
141
233
143
225
78
222
30
120
186
17
12
177
210
189
132
105
55
145
82
201
241
4
72
6
22
207
216
3
168
37
31
112
166
164
251
46
223
254
13
131
256
107
138
33
149
63
180
68
29
18
136
249
64
158
247
49
9
87
23
104
162
155
77
70
229
92
86
27
193
79
200
184
113
97
21
16
187
5
32
121
183
206
98
231
106
148
240
139
76
174
7
194
133
90
253
58
109
154
51
50
170
157
197
157
137
107
169
27
42
186
236
111
194
246
205
231
224
118
215
9
117
104
209
90
3
143
34
164
132
245
28
5
229
80
244
69
76
20
25
179
72
84
200
152
166
53
232
50
105
82
248
103
36
222
60
158
191
16
256
192
66
140
233
144
130
15
226
32
187
91
12
190
142
198
197
113
51
202
83
255
182
109
95
247
125
219
40
151
181
203
85
2
196
235
114
238
70
195
102
183
106
46
112
141
149
54
176
133
148
250
63
173
78
189
64
10
116
221
22
41
14
57
175
81
145
178
135
155
65
193
52
68
156
49
128
146
87
220
126
8
43
225
119
185
228
242
30
6
213
79
167
48
168
89
47
55
99
26
101
160
136
97
121
171
37
61
33
31
127
35
73
23
98
204
129
19
86
172
39
58
217
241
163
210
207
11
252
153
174
75
45
188
211
74
139
18
199
251
124
59
216
120
138
62
253
206
234
159
115
123
239
161
88
100
201
165
56
71
67
237
21
162
147
214
212
223
17
4
230
180
184
218
240
93
13
243
227
24
29
92
1
254
7
154
208
122
170
150
110
77
108
38
131
134
96
177
44
94
249
149
162
31
22
77
174
26
35
141
113
178
102
201
144
13
1
73
226
51
108
163
89
28
153
118
252
88
227
212
85
32
86
170
223
10
172
120
189
250
7
66
148
36
168
193
180
90
129
63
160
190
232
69
87
37
176
124
234
98
218
161
44
213
184
75
48
47
169
197
130
136
82
131
146
165
251
107
81
243
247
67
126
70
152
58
20
72
114
110
52
127
64
121
185
117
155
116
109
79
97
225
56
132
83
57
244
241
6
42
59
71
208
188
14
133
230
128
74
249
204
186
211
187
182
93
30
140
240
195
205
18
183
216
92
3
106
84
21
220
209
19
171
76
229
2
40
215
119
202
33
164
46
5
192
199
78
158
154
235
95
242
167
4
231
191
80
207
104
248
245
143
254
91
49
222
45
233
123
179
65
38
96
34
138
237
16
23
221
15
125
210
177
61
101
239
8
60
39
166
200
206
100
53
68
50
17
246
255
11
24
135
25
175
151
29
111
173
139
194
253
41
150
157
12
159
203
103
219
27
214
156
134
99
122
217
94
256
105
198
147
137
54
142
236
238
228
224
196
145
9
112
43
62
55
181
115
85
135
99
80
65
125
8
151
200
56
57
234
26
224
157
189
238
226
93
59
205
68
143
147
155
249
229
37
168
11
29
15
104
83
47
222
198
186
183
31
138
215
175
109
115
166
25
27
38
228
13
220
206
34
54
66
232
240
187
144
51
139
128
254
201
163
124
9
74
53
41
24
88
253
162
91
134
182
136
118
230
184
69
108
110
196
40
14
63
121
21
185
174
179
97
197
167
250
242
153
237
252
82
190
247
207
16
251
58
76
209
78
194
96
12
64
131
49
7
235
116
180
159
211
2
133
149
107
112
23
50
160
92
208
122
127
10
106
188
3
214
173
79
84
33
193
39
141
48
126
113
71
43
216
210
5
61
146
241
239
1
236
158
248
142
225
199
62
148
90
181
137
111
231
94
120
44
154
87
101
45
132
246
105
213
191
17
219
81
152
171
255
161
223
52
89
20
156
178
164
114
117
18
145
245
36
42
212
172
243
35
170
195
102
70
30
123
119
6
32
103
67
221
55
140
244
192
256
22
73
176
77
177
72
98
227
129
95
28
217
19
100
46
169
130
86
203
150
75
165
233
202
60
204
218
4
