407
167
689
25
175
890
164
511
253
345
203
522
347
742
39
519
749
887
755
780
889
13
99
118
847
297
484
820
419
87
370
492
781
3
283
112
344
103
665
643
475
972
759
977
589
185
63
664
861
795
931
448
403
1024
703
106
363
622
837
332
686
314
812
839
300
504
635
4
298
727
358
256
292
264
94
353
757
990
816
596
585
546
748
12
382
1002
399
464
472
606
876
392
752
906
132
309
275
674
543
881
682
425
897
231
521
219
899
583
827
212
78
882
428
960
389
466
43
495
293
650
868
854
391
747
257
821
463
537
131
774
40
713
352
974
933
996
36
20
951
263
54
866
64
45
680
962
687
989
98
286
694
594
942
228
863
903
548
299
975
973
980
621
877
600
173
57
52
362
225
272
455
937
477
928
631
691
978
808
999
55
923
361
667
614
128
991
33
22
193
1012
457
91
235
445
717
97
462
206
716
510
814
337
765
976
998
119
798
269
938
790
560
80
982
855
500
782
204
7
710
964
920
831
601
360
994
491
921
934
278
957
311
941
365
647
135
673
737
427
236
966
155
308
760
562
295
260
844
192
709
910
719
695
591
919
950
949
714
914
146
121
611
722
133
885
603
333
195
828
547
53
900
222
190
372
2
873
170
48
571
527
566
46
988
836
143
553
627
476
324
378
616
509
698
693
838
867
891
993
443
153
944
671
196
770
319
380
169
307
237
1003
871
232
758
679
481
823
651
894
615
558
234
197
70
609
367
374
946
288
904
848
656
750
870
639
961
668
305
249
618
908
902
595
862
116
342
800
763
1
470
11
301
177
826
544
66
401
125
632
892
226
515
516
274
936
646
122
435
217
450
165
163
893
804
144
267
578
150
507
939
23
322
825
995
414
6
905
783
658
205
430
355
74
113
330
129
787
556
617
771
587
778
1018
218
743
137
110
735
215
704
423
384
869
559
676
279
230
16
458
628
565
696
426
49
61
526
21
287
77
955
490
715
721
678
803
985
478
754
277
266
73
390
598
461
465
1022
612
874
412
1011
296
156
935
701
797
157
642
913
970
659
9
357
707
864
924
965
875
44
718
535
597
416
799
37
189
779
794
393
764
662
725
343
932
421
753
166
282
726
675
84
505
530
832
528
805
624
700
533
925
702
60
569
213
442
395
518
959
810
318
261
857
878
909
437
494
817
30
788
199
613
629
178
440
130
918
162
359
850
581
956
880
1020
775
777
488
741
411
663
24
514
793
227
542
576
728
240
948
623
446
238
1006
1021
402
841
575
499
14
677
733
634
327
242
474
32
968
806
139
339
705
168
534
789
152
896
364
75
383
508
586
127
818
736
512
1007
252
712
69
255
683
947
916
304
117
8
373
171
625
739
479
142
898
51
842
202
724
1001
568
734
1023
211
371
140
572
588
723
58
731
986
396
123
126
563
289
895
858
911
552
538
244
459
92
901
580
198
188
940
1008
265
161
434
181
88
154
637
19
270
473
963
433
86
418
248
210
404
506
577
441
385
573
306
610
349
824
768
397
105
184
452
952
520
681
690
276
756
738
316
791
762
482
670
243
467
180
958
732
268
388
539
856
486
740
498
626
95
375
720
1015
241
417
584
59
223
786
487
579
460
221
449
303
907
340
93
147
655
483
317
431
636
354
649
183
138
945
124
334
159
607
744
1016
652
929
554
254
114
684
785
376
692
100
81
766
420
160
809
886
706
224
90
148
31
773
729
551
439
313
815
802
685
17
879
669
239
604
26
796
633
405
42
711
489
245
454
830
34
104
513
151
83
953
602
468
323
387
822
915
851
852
410
525
767
377
930
769
447
68
41
859
582
605
860
331
35
398
65
89
394
730
281
969
884
981
590
5
927
136
379
312
271
280
833
819
1013
699
807
250
984
523
96
325
408
72
424
328
657
567
943
79
620
208
335
524
27
608
259
661
641
849
835
561
415
413
1004
294
310
108
451
503
436
174
107
654
592
485
176
409
438
801
182
273
840
302
179
456
630
599
761
101
557
469
529
792
653
493
47
517
845
38
246
846
229
262
813
784
531
400
593
216
386
368
648
619
912
209
967
1000
432
115
102
550
497
776
141
320
540
992
220
120
326
200
187
285
926
369
983
865
640
987
158
149
1010
56
67
444
843
811
496
172
564
291
570
917
145
350
883
351
1009
532
453
536
688
480
697
406
638
346
549
134
290
971
545
29
502
284
745
15
708
501
672
194
471
233
109
71
574
258
201
28
341
644
356
315
329
1014
541
954
1005
997
76
381
555
111
660
186
191
746
666
872
829
62
979
1019
429
336
247
888
82
922
85
338
772
10
422
207
214
853
50
251
645
348
366
321
751
1017
18
834
76
178
708
768
455
316
390
598
396
101
255
729
978
51
154
296
432
292
576
214
915
173
112
623
804
758
241
998
263
942
99
144
512
231
963
812
222
118
56
856
620
475
884
817
986
547
483
571
888
459
1002
952
208
268
269
113
1004
810
288
228
566
382
164
552
480
506
11
442
590
516
617
604
913
236
169
60
636
57
622
453
239
690
509
792
41
989
743
172
411
820
242
716
789
4
508
646
725
709
472
496
534
462
260
842
914
114
385
12
220
887
182
261
845
421
397
360
226
605
346
1008
882
739
427
932
321
148
572
174
1022
959
24
284
437
94
181
939
595
1016
780
864
380
157
850
478
823
343
707
489
683
109
529
633
104
69
490
387
776
299
922
908
969
805
67
703
436
353
885
33
348
718
275
415
684
59
195
96
49
921
1013
324
209
647
62
927
341
232
687
146
797
227
476
960
546
278
719
704
274
738
458
352
368
672
658
579
955
492
345
970
670
717
283
674
250
163
204
944
919
662
548
940
127
515
673
191
1010
551
872
243
843
363
238
68
79
277
577
115
487
901
639
629
638
471
176
748
392
668
110
858
983
439
254
337
732
429
365
836
796
381
188
917
924
553
1021
722
32
10
85
262
904
441
248
431
589
218
1015
161
793
663
312
835
951
581
290
774
891
45
310
464
710
530
560
199
317
142
854
314
46
205
366
798
653
391
678
143
766
609
802
185
814
788
1005
627
168
875
852
930
935
859
156
628
332
675
434
107
769
569
175
661
414
957
282
233
430
364
554
549
514
413
215
327
438
696
128
71
886
688
937
840
737
903
654
445
723
373
507
968
676
928
1000
418
991
656
405
200
91
831
700
63
22
320
102
686
964
601
555
610
305
170
866
997
183
827
58
20
873
876
280
807
980
425
378
556
936
420
999
607
931
967
294
465
235
973
510
336
313
501
906
982
794
505
949
448
621
731
972
773
705
536
25
763
741
993
301
224
376
542
344
809
26
976
35
923
362
808
293
637
354
326
829
564
410
693
1014
948
826
374
912
958
297
488
129
259
55
303
412
74
307
426
655
304
342
583
720
1011
306
943
848
93
818
525
753
540
947
249
150
211
111
482
108
286
706
865
134
562
424
664
145
27
130
206
847
612
319
61
484
880
824
519
494
190
559
642
140
149
528
44
896
186
764
878
279
498
1017
273
119
340
681
861
461
596
435
417
272
557
511
223
502
457
772
407
752
869
393
659
229
43
996
979
52
64
697
452
400
698
784
271
563
473
384
531
167
132
388
853
325
88
775
911
180
597
139
251
1018
945
122
543
834
124
740
619
898
862
152
925
900
14
634
116
846
355
440
463
822
470
770
349
920
131
657
120
685
791
444
449
21
759
565
253
926
631
467
616
561
837
334
184
992
328
735
103
671
13
155
450
702
977
568
934
652
350
197
160
626
92
100
165
851
871
909
585
615
408
691
485
447
535
217
806
17
39
879
523
682
728
813
451
379
289
359
42
84
225
370
825
877
347
460
443
375
580
599
757
137
760
839
30
221
198
544
889
819
938
466
1012
985
219
1003
750
994
953
72
1001
520
916
574
832
402
335
587
339
870
7
394
537
694
518
38
177
151
665
892
389
121
532
98
398
890
974
613
504
867
36
302
105
745
545
526
785
883
933
692
600
29
761
1006
322
329
868
210
264
767
18
987
800
897
171
82
308
701
751
874
356
267
246
147
331
15
159
77
454
756
946
50
956
799
734
86
23
643
500
70
689
256
588
401
781
481
666
762
201
422
648
1020
138
715
645
660
48
611
40
34
497
849
5
237
624
47
786
202
513
582
981
593
783
372
533
315
8
234
649
833
395
971
902
247
755
141
975
895
667
747
66
669
258
189
541
133
711
680
714
744
371
567
399
89
962
527
918
357
790
245
433
651
941
80
187
606
192
361
423
386
644
75
650
618
961
252
570
404
479
367
1
844
499
158
196
765
136
291
727
495
419
712
230
730
586
905
403
699
19
816
679
860
369
594
855
416
1023
899
285
54
73
428
468
87
893
207
2
550
474
754
733
338
477
126
216
270
521
333
538
954
726
803
815
777
300
635
323
287
276
894
749
295
721
990
724
97
123
383
988
517
558
771
265
330
630
503
311
1024
162
358
153
828
117
811
53
695
446
95
3
309
584
966
965
28
16
950
841
625
779
166
1007
778
456
522
984
351
641
881
240
573
736
575
539
244
591
995
602
493
179
486
1019
907
592
713
9
125
193
838
614
377
135
203
213
830
603
640
746
37
910
491
782
83
632
469
578
194
106
257
1009
81
787
795
406
281
298
31
863
266
318
524
801
409
821
212
677
608
857
65
78
742
6
90
929
248
172
28
702
60
591
682
792
487
460
995
111
866
411
342
823
64
912
683
393
496
677
620
85
743
594
6
413
1012
838
262
851
199
957
68
1004
699
1
918
664
877
938
50
690
809
622
928
527
410
294
11
617
431
223
985
736
604
76
299
921
867
875
177
78
444
306
324
817
169
249
790
332
970
331
692
317
802
771
991
673
883
36
581
255
384
935
753
942
295
349
763
524
72
714
795
843
674
445
706
327
256
219
914
943
38
323
556
588
337
479
634
779
566
268
141
730
785
70
89
118
142
270
63
119
789
472
421
557
990
152
277
313
301
198
806
652
728
229
721
334
623
33
511
896
25
551
501
427
979
869
519
713
47
112
1022
307
969
388
473
264
420
400
471
345
87
528
680
442
647
455
351
194
250
966
505
830
940
580
457
657
188
954
946
493
628
122
167
537
879
1009
348
663
522
814
915
828
408
42
168
619
963
641
103
49
80
632
769
815
300
381
533
415
552
615
171
945
727
236
980
166
180
955
476
215
274
436
193
791
568
483
5
477
916
587
418
453
106
891
739
284
108
321
181
849
597
563
101
553
525
403
439
613
829
885
813
435
144
96
55
687
391
621
363
959
57
765
45
440
326
834
18
571
187
176
862
383
856
182
481
547
271
703
731
827
698
801
423
886
150
490
666
139
598
932
986
592
863
926
404
409
509
689
1016
744
965
518
336
732
845
293
437
656
13
793
586
123
29
192
516
675
79
470
165
784
394
203
90
941
812
523
950
372
1014
651
610
572
742
750
280
86
874
338
889
222
355
282
799
357
513
495
649
402
821
681
686
819
109
179
893
531
186
424
805
964
508
433
878
419
200
521
774
903
205
67
19
911
356
432
873
221
881
569
565
910
110
241
782
463
665
15
347
425
291
579
244
748
207
62
397
392
285
480
377
65
637
660
1002
761
375
8
239
902
924
44
158
520
464
865
7
500
135
887
696
554
756
947
335
595
227
1021
206
609
759
861
544
9
451
746
269
745
971
999
658
234
639
618
895
491
189
722
671
650
760
128
1013
240
968
740
766
145
161
645
607
898
646
254
726
870
679
707
386
967
398
137
1006
308
764
465
643
91
246
960
322
631
120
841
216
230
777
712
503
515
359
175
904
16
561
747
365
770
644
752
226
283
997
642
868
981
58
797
486
734
684
95
318
296
982
700
775
882
20
84
498
30
183
361
842
927
601
502
958
996
131
977
320
704
1005
854
185
599
930
725
848
512
884
541
1020
485
469
717
678
718
624
196
939
53
839
781
303
143
1007
52
353
919
267
625
184
822
157
667
74
836
162
944
612
506
422
379
105
976
992
529
978
585
147
346
330
998
575
117
405
953
61
709
125
776
567
59
450
12
4
210
633
488
772
711
994
31
243
754
723
670
608
146
225
260
629
302
448
846
611
24
804
499
412
973
367
894
796
121
160
97
462
803
872
14
596
653
212
170
749
113
22
768
46
661
369
151
987
543
396
951
536
832
333
364
988
389
228
252
452
32
314
344
41
925
339
71
835
376
847
897
837
800
482
532
558
266
899
310
626
550
808
39
385
100
1008
75
399
312
549
922
66
668
10
208
757
972
691
292
319
126
154
82
43
354
858
253
217
366
648
767
92
99
826
852
616
737
755
286
2
659
844
685
48
305
315
378
456
238
741
466
701
614
17
374
164
905
259
40
328
454
720
478
224
798
130
272
606
382
449
504
655
923
864
715
447
83
446
590
716
209
156
733
178
191
719
780
107
708
458
773
605
517
853
242
325
560
824
876
211
316
278
261
948
441
535
69
908
263
371
901
952
534
840
129
258
788
909
917
406
900
289
153
548
136
794
251
507
428
786
275
1018
694
443
174
1011
276
688
880
370
204
984
662
247
542
937
273
672
983
155
778
1010
676
51
93
287
859
173
583
546
115
23
729
407
820
906
962
26
245
311
855
127
574
350
34
539
913
695
3
94
573
343
138
961
627
265
124
570
578
920
220
417
892
510
705
1003
438
630
104
114
387
329
818
697
811
298
783
860
214
600
577
807
81
149
416
975
538
974
395
890
304
297
489
116
390
888
474
461
758
35
373
640
810
54
190
584
237
933
589
724
362
468
77
232
1001
738
582
871
593
148
459
414
257
429
514
368
564
693
1023
360
358
545
638
949
21
309
434
475
956
636
290
494
37
213
833
492
98
132
134
576
159
993
340
530
201
195
56
497
430
540
936
1019
341
710
751
562
857
401
102
133
88
850
559
989
231
669
831
602
825
816
907
288
27
555
484
787
1017
931
73
603
352
163
1015
281
197
526
934
929
140
380
202
735
467
233
635
762
235
1024
218
1000
279
426
654
873
649
519
409
35
635
1019
193
122
401
753
712
766
575
620
921
564
736
732
223
63
365
180
224
31
420
461
735
125
395
514
599
56
928
517
413
363
410
321
657
648
115
1004
27
938
903
833
252
195
417
765
860
968
980
104
857
676
672
256
406
437
266
756
472
610
785
307
585
806
288
41
385
133
965
633
398
281
972
807
293
438
452
112
821
176
292
878
891
230
810
462
313
494
340
551
505
920
436
679
854
277
322
780
243
801
534
688
992
792
218
217
892
203
25
12
872
524
725
475
694
738
264
696
617
542
662
173
532
689
162
53
57
557
456
628
636
72
290
623
711
946
788
655
720
368
816
762
908
550
468
820
471
826
541
187
700
360
986
509
328
598
448
547
210
134
38
232
1005
1024
39
580
87
52
343
752
743
76
652
803
317
314
569
263
538
926
973
287
445
522
894
627
88
626
885
207
939
389
702
1011
139
503
136
191
905
616
247
559
161
554
279
829
940
589
556
405
859
597
83
644
303
100
555
723
865
592
282
211
842
186
455
889
779
919
952
131
244
1020
361
269
887
645
451
490
622
51
774
771
59
199
202
19
800
257
165
421
546
491
593
861
120
823
142
155
348
731
841
107
724
590
684
584
188
989
553
274
289
239
750
664
374
958
113
145
758
1023
146
781
430
70
981
493
495
298
886
767
967
148
33
663
412
587
900
777
404
109
658
828
260
768
951
3
499
364
591
30
601
400
78
722
221
334
181
586
621
335
403
791
121
531
184
682
625
262
632
977
356
213
677
790
996
299
937
465
708
228
612
583
683
693
89
362
966
482
959
871
500
487
1018
411
4
124
784
634
776
423
988
511
150
764
950
58
576
275
69
566
20
54
899
819
608
396
300
666
439
827
97
384
745
64
174
424
670
631
498
255
795
108
817
355
822
923
698
701
106
917
473
442
562
846
836
687
618
707
714
453
629
772
849
123
17
65
883
588
347
582
945
880
376
935
561
14
834
49
697
741
43
73
898
190
624
338
337
175
291
884
518
276
397
444
713
85
654
963
366
339
545
96
370
844
185
476
486
739
95
393
613
874
881
449
879
46
507
183
254
525
991
294
330
372
922
440
333
428
548
198
733
433
740
809
382
429
730
44
280
755
660
94
516
675
910
215
394
642
93
603
907
999
594
970
129
915
117
283
573
1021
704
574
863
326
927
308
882
169
415
754
692
671
678
178
86
479
235
126
757
90
267
747
261
273
825
983
975
7
948
373
577
600
949
728
55
699
149
673
118
105
520
47
196
651
744
245
906
565
869
143
459
10
488
212
982
1001
68
163
998
477
135
179
79
231
485
706
28
427
229
734
469
868
523
324
295
852
805
386
737
194
71
380
839
1010
916
144
441
21
435
579
956
319
990
934
665
241
457
650
606
249
345
1002
667
332
278
533
197
192
782
371
15
799
769
209
763
947
233
535
855
354
751
40
609
36
158
943
26
236
240
140
425
170
127
1022
329
858
251
443
630
783
961
831
151
379
353
646
529
119
234
837
643
856
1017
344
258
414
189
103
611
1000
297
838
866
721
458
851
913
157
302
864
206
484
719
315
691
141
742
964
718
434
431
467
770
153
182
478
67
369
571
513
893
6
761
957
775
843
705
512
759
925
238
32
24
832
84
1013
941
61
246
310
558
172
1015
45
978
270
265
80
528
647
615
75
715
862
794
177
914
539
250
639
962
653
259
496
748
311
870
681
350
605
680
835
976
154
944
847
789
388
619
979
902
160
128
502
392
248
304
506
953
640
152
641
301
544
378
77
114
237
567
527
351
42
253
296
526
101
504
690
955
407
1006
227
614
729
342
474
316
91
116
446
483
1
695
778
929
674
156
932
931
331
102
912
48
220
911
226
23
802
492
418
787
99
510
481
208
137
797
92
1009
399
830
447
454
130
166
716
578
1012
638
669
845
312
530
426
596
815
204
111
1007
918
359
942
16
703
924
381
463
98
341
904
74
808
848
305
464
501
110
201
22
875
375
536
798
936
5
416
13
793
383
896
984
760
930
306
422
390
581
200
9
796
850
895
349
987
560
66
540
470
432
419
284
82
568
773
813
709
960
225
909
286
656
515
391
595
727
309
661
563
323
167
205
214
1008
971
974
686
358
890
272
659
995
1003
933
60
29
34
138
408
685
749
877
147
219
460
1016
746
480
271
901
637
402
888
336
570
572
969
710
268
325
1014
726
387
450
285
159
668
812
786
840
216
985
327
466
814
18
164
717
50
357
222
346
11
508
954
543
602
994
352
867
824
168
549
62
804
318
171
2
818
497
521
876
853
993
8
367
132
81
489
552
242
604
997
607
377
537
811
320
37
897
957
576
215
932
396
981
30
781
799
661
867
1005
337
421
918
289
864
156
387
646
844
832
174
210
552
169
731
187
274
76
94
581
723
26
170
297
995
3
62
976
24
975
630
423
595
938
103
783
701
407
637
135
716
203
438
945
936
622
15
617
2
1017
730
391
184
1018
669
586
494
639
10
363
526
1013
31
986
496
290
221
177
373
145
752
425
355
850
463
449
878
852
321
162
998
1011
582
472
827
444
922
856
609
157
860
460
39
523
556
1000
654
476
40
736
223
88
490
538
941
350
768
605
744
704
872
545
180
470
915
985
60
485
429
351
59
674
969
726
333
124
334
555
820
719
95
787
700
299
901
123
417
691
686
465
302
111
954
459
779
442
721
814
837
948
745
209
246
848
756
585
5
57
51
763
535
946
22
925
676
607
298
75
933
717
796
194
430
974
164
514
216
695
27
188
773
553
464
694
1008
546
284
755
786
865
272
25
364
833
670
808
406
815
207
505
968
161
409
959
190
816
805
909
149
230
611
977
653
728
792
397
638
859
980
634
467
822
229
682
828
629
851
649
708
644
477
705
468
58
222
662
286
930
939
303
868
702
153
839
77
259
991
237
56
126
8
152
765
656
963
443
281
536
825
293
583
509
456
395
904
114
887
727
116
50
817
390
419
166
681
885
318
889
826
664
698
964
578
328
529
352
32
842
233
591
167
532
475
98
1022
426
807
44
499
359
834
253
790
21
516
291
733
446
951
486
699
89
996
102
599
84
1003
287
1
1010
377
565
675
386
882
994
750
893
42
329
543
1006
866
571
97
519
213
537
320
518
36
734
624
724
78
176
93
944
990
788
684
619
621
448
414
420
370
961
247
47
134
972
197
501
693
862
525
515
192
784
343
326
244
53
838
778
899
255
989
710
101
920
122
451
692
136
179
63
993
285
587
158
160
43
747
672
1002
489
411
168
488
589
631
923
559
171
502
34
437
846
369
836
208
874
623
276
154
774
466
804
393
633
382
931
275
658
280
447
295
626
855
462
641
143
262
91
528
478
150
940
278
823
569
172
522
643
785
483
261
29
892
1014
520
725
551
603
473
341
457
342
80
366
427
403
668
960
798
503
64
319
311
146
204
195
440
720
312
402
182
193
68
265
109
924
769
905
912
383
398
249
232
70
240
1001
185
118
304
714
604
794
92
560
886
452
385
890
226
137
895
908
191
650
408
379
534
202
801
584
590
561
219
1020
175
613
148
140
632
648
81
671
861
415
354
214
533
357
67
301
830
508
762
800
266
450
371
271
365
13
201
570
663
642
953
196
17
7
431
983
715
106
608
412
96
911
858
524
132
978
79
41
482
772
618
635
873
542
434
881
314
155
679
997
688
362
563
962
345
251
224
71
1021
937
966
327
125
206
392
530
418
871
234
678
258
225
527
288
729
14
368
579
142
835
1009
20
979
388
306
651
33
761
54
404
956
340
433
863
928
316
732
592
758
163
256
602
615
401
677
1024
606
112
250
780
927
144
795
399
657
211
557
236
267
491
819
471
803
718
435
802
706
6
620
667
876
455
748
66
263
119
492
165
541
504
424
400
738
759
375
82
1007
268
891
181
594
376
810
789
338
854
37
439
771
65
231
970
436
252
660
690
18
740
48
367
242
360
335
416
248
929
898
1015
770
544
722
812
349
506
346
793
131
575
689
235
942
735
348
566
374
843
982
971
332
760
870
703
655
55
697
883
600
199
147
562
896
254
12
46
461
597
907
279
85
869
378
577
849
616
356
900
141
86
628
627
347
104
1004
596
270
947
361
310
1019
952
110
821
218
212
105
330
344
847
888
324
593
117
325
35
511
958
776
757
897
540
257
16
547
453
269
474
567
69
992
742
746
507
227
666
580
178
445
902
943
1023
573
680
764
906
647
384
498
308
322
811
665
336
432
358
128
564
818
441
205
824
317
919
625
220
381
916
127
292
917
949
186
38
45
273
484
513
875
372
282
857
189
987
100
797
879
806
410
130
588
1012
550
405
238
413
323
652
52
640
884
28
115
743
973
497
264
151
1016
934
696
331
394
129
19
950
11
454
711
988
659
260
228
277
921
782
777
198
300
138
512
754
999
749
294
683
880
645
709
935
495
90
813
307
737
548
83
809
914
4
296
159
243
61
610
967
614
791
422
739
903
49
531
500
751
598
239
955
636
517
612
183
913
841
313
23
549
767
241
309
458
87
707
469
74
121
479
510
713
829
554
107
741
753
558
353
894
99
339
574
766
108
539
877
9
173
601
568
380
133
305
72
283
673
572
73
845
200
245
389
428
493
775
831
687
113
984
480
712
685
487
853
315
926
139
217
840
521
910
965
120
481
531
312
842
960
524
610
663
681
333
187
900
618
594
283
715
407
66
668
415
1005
758
1010
84
143
725
404
980
482
77
801
232
666
117
202
478
701
786
31
898
696
222
766
984
361
780
350
259
555
79
327
207
862
823
919
390
233
405
718
457
130
808
381
80
468
244
948
621
769
275
846
586
542
19
955
498
528
17
252
756
206
506
119
5
762
705
997
895
128
125
797
720
574
630
552
378
730
1001
943
170
545
258
28
167
554
989
923
266
156
647
121
214
47
790
96
376
872
465
419
942
4
78
949
530
387
856
1017
722
966
92
619
474
290
598
366
55
399
451
88
332
556
385
9
205
1020
126
602
208
18
635
446
783
236
226
504
654
760
375
308
655
559
996
118
731
674
968
1
453
168
673
379
772
277
68
491
789
370
268
982
967
389
869
832
603
848
458
238
369
357
449
246
36
584
746
198
273
372
694
100
893
578
612
6
857
590
735
46
983
231
522
8
671
294
454
624
747
776
112
664
340
247
616
682
994
155
481
49
10
74
1022
48
442
871
411
189
913
356
518
413
494
755
174
588
63
110
667
922
771
203
81
764
420
728
70
29
951
140
978
759
659
964
952
863
665
339
750
267
734
529
108
180
193
970
751
810
479
439
629
347
83
678
793
406
158
800
201
704
319
692
463
394
892
466
805
464
242
573
220
709
434
851
935
614
447
282
428
24
76
313
836
25
336
885
497
582
570
819
752
509
736
901
526
93
976
737
197
317
475
875
129
874
636
39
1002
738
123
826
753
276
661
113
866
90
934
642
748
716
470
782
770
374
183
988
563
887
496
490
318
250
296
533
34
329
888
251
620
714
221
448
57
211
342
499
962
995
255
564
305
163
292
301
711
348
1018
698
961
972
441
114
535
536
175
353
431
687
42
656
683
109
608
986
607
147
228
969
827
873
905
135
622
377
880
587
270
1004
38
131
914
897
1016
571
765
26
89
177
408
86
321
69
358
262
493
215
216
541
937
639
196
367
410
830
675
309
886
822
921
861
314
422
261
591
719
645
686
915
660
371
543
516
144
132
941
791
938
627
471
459
440
37
392
1009
519
855
223
788
889
380
998
85
75
595
523
811
181
918
154
500
743
260
169
384
401
721
97
324
920
894
525
430
190
532
43
944
824
151
925
160
204
975
821
423
700
328
450
35
486
557
61
148
740
904
527
141
553
634
723
775
469
593
902
658
777
477
444
20
695
11
849
51
909
298
253
349
199
153
191
388
802
235
165
218
299
520
217
162
974
581
133
304
767
1000
521
729
796
13
161
877
426
391
138
115
732
432
50
971
977
67
638
507
383
44
1006
761
657
906
1019
281
881
575
315
534
209
1023
991
300
511
870
395
605
279
256
310
461
739
186
487
643
569
239
1008
651
763
71
265
864
804
794
690
393
910
243
548
833
924
744
517
539
345
435
930
306
513
936
561
488
263
106
903
212
600
354
241
916
103
691
565
122
843
702
136
278
503
505
303
835
883
812
1011
286
868
580
927
489
741
460
837
82
637
224
485
287
745
940
400
954
166
537
787
359
150
911
436
280
33
72
192
990
859
817
200
414
992
825
1024
219
65
492
285
45
234
781
272
853
91
21
320
363
773
14
22
512
953
896
799
134
604
845
178
41
928
495
257
803
727
999
547
176
7
912
963
670
322
249
550
858
650
679
860
693
676
689
229
54
981
813
615
472
98
179
293
544
124
152
437
424
560
62
626
633
284
583
589
341
841
749
932
592
829
137
950
713
601
291
933
346
814
105
230
640
416
323
778
566
64
145
338
455
52
957
577
210
508
699
613
891
480
23
632
572
484
947
382
907
806
237
409
402
139
538
146
784
726
195
412
40
562
818
878
648
159
248
149
585
99
733
1007
865
330
985
476
185
172
852
558
646
182
213
1015
396
688
677
254
839
611
421
867
807
987
1021
899
116
142
876
717
101
828
501
104
295
271
946
60
427
417
355
965
351
708
360
429
445
840
641
617
433
515
631
334
979
685
368
386
757
94
3
596
546
107
1003
939
599
567
483
502
768
798
884
540
297
973
795
326
1014
184
712
551
628
274
418
890
568
225
12
173
15
623
514
649
754
456
697
53
945
926
425
240
606
467
344
364
579
809
710
58
397
302
831
325
882
127
264
362
908
844
337
316
87
288
289
644
959
597
820
335
245
373
16
164
724
73
774
311
157
2
792
307
438
111
56
1013
120
343
102
30
625
510
834
680
452
462
59
609
403
365
931
816
669
662
171
352
850
785
684
652
443
27
838
32
854
95
672
956
549
779
194
703
188
958
576
473
331
879
742
993
269
398
929
847
706
227
707
815
1012
917
653
45
372
686
732
755
572
89
499
733
324
891
1021
79
958
157
907
909
554
497
338
893
680
115
419
345
402
229
471
370
121
386
297
544
86
917
974
799
594
798
52
540
561
788
771
218
201
765
406
923
13
870
582
490
649
488
551
357
460
800
601
187
342
484
557
997
109
639
306
92
784
173
303
514
795
354
971
652
60
294
597
356
619
858
194
626
273
436
258
694
925
931
278
735
380
133
736
528
862
305
314
472
232
3
890
850
772
921
38
947
613
248
910
375
498
236
729
960
88
321
456
944
745
23
510
396
43
731
99
580
284
844
420
309
531
939
128
614
568
861
37
836
767
186
592
873
337
727
926
61
654
195
567
705
964
560
78
120
519
1013
171
492
95
29
429
182
823
746
672
98
623
159
15
407
83
631
556
231
988
946
1014
301
113
843
635
413
408
48
530
33
347
698
11
350
394
742
624
322
605
994
51
542
479
93
158
793
546
989
116
657
975
653
100
697
932
261
457
758
751
417
502
2
8
818
856
896
817
12
40
650
725
235
949
859
837
842
517
435
532
169
111
441
524
104
64
451
814
951
189
782
283
405
292
595
41
452
388
381
351
986
787
70
813
266
227
977
332
362
501
183
206
617
700
676
899
905
302
512
508
577
1020
465
291
599
855
706
290
50
35
999
998
90
317
744
667
945
416
69
565
250
72
363
775
243
53
203
56
191
271
806
438
366
803
552
401
193
507
494
102
36
961
863
1002
219
175
336
900
461
202
682
726
486
845
304
359
865
830
58
188
769
596
403
699
959
637
247
119
811
915
325
908
983
789
313
355
927
640
609
628
483
669
25
663
265
687
953
221
825
952
423
91
1003
134
835
308
215
574
534
59
228
739
584
810
625
973
312
509
748
424
968
903
704
398
826
634
190
437
209
759
149
450
872
982
475
696
768
846
972
103
1018
1011
689
454
14
879
991
541
478
515
124
579
107
80
287
46
1019
995
629
259
379
615
646
65
993
389
911
848
695
747
511
857
869
254
82
207
781
940
4
526
411
281
658
85
491
400
832
432
714
954
770
578
773
851
326
500
274
217
166
780
434
340
701
74
587
323
288
204
930
762
185
242
820
943
262
141
256
392
571
114
550
828
970
349
210
277
819
690
576
877
942
827
125
476
145
67
555
713
272
741
600
538
442
553
140
516
445
264
170
263
230
469
123
223
933
638
496
815
527
382
147
280
963
711
805
673
559
969
361
901
415
547
829
34
328
607
904
563
809
387
919
463
9
693
585
117
523
464
184
410
371
286
916
1022
108
427
575
897
934
824
453
178
197
418
1006
786
318
756
662
1017
94
593
110
647
245
267
153
148
246
47
808
957
708
55
590
621
920
136
636
941
598
902
520
962
1009
543
331
763
348
603
177
239
73
935
335
749
26
270
385
612
365
868
853
399
369
778
685
311
346
251
738
801
898
743
373
316
660
518
684
583
397
160
888
487
737
467
377
374
132
237
718
205
753
298
493
734
430
643
812
1024
539
330
295
156
976
883
176
761
433
144
137
884
918
665
864
27
985
679
880
588
924
728
981
172
886
1010
409
32
260
796
378
506
76
895
146
192
238
760
367
68
384
20
549
887
481
692
447
319
444
937
573
675
992
329
216
720
163
591
656
938
296
822
112
275
715
569
831
211
874
320
671
906
702
558
948
6
200
122
790
391
150
310
343
106
249
299
168
390
691
485
610
840
279
129
42
213
723
602
852
604
955
722
881
253
22
181
425
466
155
936
135
138
421
529
180
740
622
446
661
757
71
44
414
101
234
611
889
996
174
269
707
226
327
255
688
39
142
353
645
1023
913
199
383
683
1008
876
914
426
240
892
581
627
105
535
87
130
821
220
154
468
458
300
84
754
62
495
521
393
439
776
21
139
28
358
678
878
276
63
642
854
866
462
630
96
473
730
871
950
341
268
712
30
777
164
779
503
54
1007
882
632
816
334
922
802
1
31
807
979
929
589
360
10
143
766
839
412
1016
376
225
352
674
315
721
717
670
18
1000
1001
448
894
764
443
477
655
364
641
849
703
126
984
608
956
987
66
794
431
804
489
668
545
16
167
710
5
525
179
131
455
677
648
368
161
118
618
7
774
152
834
75
285
783
860
562
980
196
990
875
513
212
586
127
659
833
214
482
224
449
719
644
966
867
333
620
162
912
81
752
151
978
165
24
470
57
474
566
17
885
709
505
440
233
847
792
750
965
664
651
459
404
537
666
198
97
785
633
533
564
504
208
797
282
395
548
241
293
724
1015
480
428
257
967
307
791
422
716
616
838
344
252
1005
681
570
339
19
49
77
222
928
841
522
536
606
1012
1004
244
289
202
46
26
386
303
911
924
371
472
390
444
646
619
540
206
697
531
249
252
814
291
913
553
140
635
368
596
241
970
107
245
69
95
401
510
1023
835
96
860
916
780
650
799
899
665
834
959
233
116
183
891
969
385
955
144
488
213
896
806
972
50
833
227
958
18
1016
944
135
491
736
816
197
501
994
30
861
952
655
628
109
550
232
641
508
86
985
143
904
773
874
247
706
407
448
293
516
879
409
626
518
537
730
33
417
645
14
618
557
582
296
54
462
633
977
162
263
400
719
12
423
147
978
912
345
11
306
893
381
762
321
512
838
571
793
133
878
850
440
389
408
840
625
551
214
456
253
922
327
590
9
951
335
614
803
281
83
52
572
908
1007
724
391
723
670
558
502
378
318
544
25
632
207
698
983
220
426
427
312
818
154
828
852
382
431
897
131
865
993
256
180
902
527
485
1004
238
49
185
729
297
244
127
819
39
511
294
44
224
797
846
309
98
101
394
560
395
361
607
761
437
579
75
31
877
717
658
1019
526
975
64
419
153
387
136
402
156
171
1003
377
832
317
1002
672
45
322
403
988
769
484
950
32
255
40
258
229
673
695
61
601
374
82
921
843
856
299
172
682
725
687
36
433
543
315
186
81
509
505
679
442
120
246
961
934
357
152
521
662
1015
458
743
946
534
586
732
323
654
886
464
320
568
174
325
343
594
274
786
718
574
430
906
451
938
420
726
589
1001
917
953
909
1012
949
556
422
349
150
108
599
74
429
563
396
781
436
351
708
881
24
918
344
87
380
336
141
661
954
328
373
849
175
688
218
676
653
721
406
348
549
376
1
554
770
529
810
319
278
675
795
702
359
779
545
733
273
992
757
370
800
530
734
678
689
966
2
56
342
798
499
72
65
820
286
680
604
817
905
248
435
714
298
266
935
782
872
441
204
669
648
412
789
536
461
1011
93
967
592
631
752
397
742
674
35
70
118
642
539
217
692
1009
60
280
264
660
845
656
854
10
888
525
1024
783
363
308
17
190
469
711
23
927
332
305
627
379
196
751
68
750
191
97
663
831
657
428
346
479
777
212
984
691
801
745
181
187
524
90
700
452
763
398
367
915
796
513
267
552
564
487
813
160
873
629
613
990
434
914
167
168
331
768
130
410
29
194
609
520
392
712
250
356
624
754
542
494
415
449
468
703
659
864
51
239
999
982
110
808
585
968
221
753
341
100
265
643
829
791
481
932
942
685
937
925
898
454
243
851
326
219
837
80
981
169
413
122
138
1000
690
334
463
794
184
166
261
735
38
158
155
728
48
664
1017
562
20
976
41
887
157
6
92
533
475
964
443
231
610
765
569
364
504
272
880
790
78
979
111
933
848
73
3
576
113
355
1020
616
1010
477
842
940
165
737
948
727
236
885
173
339
822
375
644
759
867
903
416
405
507
907
764
847
450
240
15
696
460
445
722
857
731
242
920
324
79
1018
330
894
211
930
424
314
573
210
43
740
182
709
470
105
139
310
744
575
418
869
84
671
1008
215
142
889
617
163
931
998
767
63
749
365
76
980
369
288
788
739
565
870
787
606
178
755
506
866
5
855
605
471
939
561
523
289
94
622
987
478
890
283
792
176
652
347
104
587
489
71
774
630
686
535
457
88
756
350
411
634
55
883
926
693
360
89
636
910
102
603
591
638
338
649
826
447
383
602
684
353
106
170
704
8
824
876
862
22
13
446
863
209
694
839
991
223
784
517
103
112
234
58
713
812
473
490
859
871
117
963
466
957
121
372
269
532
302
809
615
134
815
771
292
1006
262
393
465
480
566
119
129
125
222
474
404
313
146
149
699
132
189
836
67
811
639
235
928
128
164
919
161
124
900
59
21
841
77
827
37
823
802
85
257
895
1022
260
259
715
500
621
623
421
597
598
620
453
276
329
892
538
1014
114
290
145
741
528
581
203
923
199
399
519
493
640
785
805
868
778
844
522
705
337
577
179
19
807
570
495
295
748
875
287
66
384
282
1013
936
254
578
720
4
304
758
668
651
667
27
600
611
1021
177
486
201
858
716
608
251
208
99
216
307
595
195
962
62
882
612
884
503
151
989
593
821
584
947
760
555
901
115
237
198
300
548
677
271
311
941
943
225
193
960
482
188
126
362
16
301
974
228
541
929
965
515
358
997
497
514
707
492
945
205
772
738
747
996
57
973
275
776
547
681
340
971
279
230
766
439
354
498
467
316
637
137
284
683
775
352
583
366
91
159
830
388
148
746
483
268
28
414
42
986
710
123
432
567
200
455
47
956
277
647
995
53
270
285
546
559
459
1005
438
192
825
34
226
588
476
666
333
580
425
496
7
701
853
804
661
219
555
823
552
845
208
285
646
979
507
818
695
916
116
121
565
244
363
676
350
163
976
680
905
571
259
334
647
58
572
310
323
727
910
345
339
247
525
621
389
894
313
808
484
456
192
825
691
216
730
319
29
654
779
672
277
305
442
24
685
175
469
477
606
951
529
438
449
902
1015
166
932
630
316
466
1009
136
924
852
952
611
258
705
120
644
205
463
527
1004
585
178
474
805
222
365
220
890
78
126
267
987
929
272
889
974
869
91
60
642
127
130
955
16
271
13
945
703
414
817
584
707
846
343
373
209
473
535
731
135
688
109
288
506
736
281
1024
332
22
674
850
437
891
534
337
573
18
391
933
164
494
641
548
435
866
1012
501
329
717
160
356
210
183
214
926
375
581
54
450
42
738
410
167
15
144
1010
217
184
516
1018
919
972
447
537
341
518
269
336
273
643
426
962
487
53
107
174
965
526
1023
245
745
877
38
670
186
683
751
472
239
545
787
71
223
609
732
954
252
566
292
679
312
715
799
348
57
11
439
656
352
119
625
764
980
62
648
947
728
990
879
528
835
148
370
716
881
76
917
301
1016
901
844
553
744
774
619
693
904
832
556
540
31
997
123
86
780
970
266
69
85
416
206
984
964
111
392
197
399
620
508
723
911
928
74
658
207
40
880
226
145
155
826
781
26
797
282
1017
843
784
887
634
908
668
1011
735
848
922
224
960
632
358
383
828
380
737
25
468
444
690
1007
486
740
1002
142
971
104
725
969
404
570
671
133
711
146
172
968
906
431
720
270
863
950
240
915
322
827
750
88
554
816
65
813
700
49
686
862
758
836
617
502
815
221
653
377
696
448
770
327
162
605
308
767
757
265
539
481
995
212
961
515
425
773
847
754
633
1008
401
713
193
211
500
830
275
490
699
503
776
92
810
129
173
112
137
631
652
650
34
898
590
278
796
261
59
1003
307
394
499
19
914
574
604
747
153
903
580
185
857
84
594
471
497
117
268
73
504
421
714
50
39
344
362
464
424
187
533
544
753
43
238
387
409
985
154
101
541
30
243
734
335
920
921
349
706
368
722
151
626
376
794
613
105
513
999
510
521
249
514
531
769
495
949
819
326
939
841
412
165
756
967
233
359
595
752
232
45
400
264
721
451
328
837
577
213
89
956
861
2
405
254
384
152
765
871
48
4
35
296
461
200
569
317
601
1005
99
782
407
546
346
433
364
831
876
108
191
589
820
940
203
855
195
440
645
610
188
583
669
579
44
395
709
718
295
1020
14
532
811
181
87
789
253
361
667
443
458
918
673
874
800
982
475
983
592
255
492
8
61
739
122
390
807
12
66
966
615
538
959
804
169
637
260
616
802
131
176
143
640
724
453
141
996
702
664
991
194
462
944
491
678
342
923
493
55
314
82
663
778
465
452
357
608
842
963
785
575
746
551
636
190
742
790
603
498
355
912
351
476
318
777
47
520
943
895
1000
907
542
93
885
225
396
978
558
315
367
937
97
788
598
854
138
614
1019
946
298
170
530
33
483
931
710
886
427
681
52
158
454
689
293
814
1014
893
235
870
286
801
1021
659
102
563
385
479
762
509
228
300
496
386
858
372
809
549
331
803
628
568
935
913
257
21
519
309
602
768
865
662
860
420
878
418
986
771
896
95
436
139
694
218
763
897
306
46
262
936
942
586
618
229
250
927
470
81
958
639
899
113
242
294
957
925
147
821
79
576
543
480
660
1022
612
180
1006
241
523
562
196
578
237
655
460
168
10
755
230
189
371
849
467
864
263
550
559
236
161
419
856
413
600
726
748
291
289
90
993
791
290
638
132
812
657
354
171
989
677
403
883
708
248
524
953
333
347
28
445
712
627
666
697
150
623
251
795
838
134
692
114
402
806
665
591
68
1001
284
900
741
981
83
382
824
7
366
67
975
411
441
488
446
299
840
388
115
124
274
872
379
63
302
320
103
36
478
786
279
588
701
280
41
297
1
6
783
775
417
96
215
378
719
948
9
489
875
118
340
733
517
432
833
125
430
157
51
330
202
547
792
27
72
204
397
485
128
110
853
246
182
536
98
892
704
231
177
766
20
227
37
304
597
834
415
457
607
64
798
629
512
321
3
867
70
374
23
994
455
909
759
179
635
149
429
199
434
973
311
256
56
106
698
234
687
624
651
851
884
859
564
882
283
593
353
201
622
198
873
408
100
80
393
567
596
287
992
649
482
822
156
459
75
324
159
94
423
938
381
599
77
428
560
930
369
977
749
772
760
398
998
511
17
582
761
868
684
557
682
140
829
934
360
793
941
888
675
988
743
505
422
839
522
561
5
338
1013
729
276
303
406
325
587
32
567
652
445
852
199
656
131
668
839
136
142
167
146
302
752
727
34
173
206
593
763
447
671
641
391
159
417
432
79
597
523
903
404
687
646
497
887
440
1023
507
305
323
133
263
37
628
743
13
682
829
368
161
990
62
514
303
494
58
891
413
623
433
989
205
603
293
300
336
697
536
168
572
120
594
340
836
885
166
660
889
19
341
208
874
977
181
781
916
958
856
924
193
787
911
580
360
262
200
957
913
508
531
236
460
969
998
847
14
475
973
719
746
265
251
871
393
185
908
902
430
114
955
489
230
150
760
106
658
499
578
137
992
83
782
886
255
109
577
342
558
294
453
78
583
525
96
771
141
576
93
192
129
184
241
921
539
349
398
951
219
802
107
197
253
883
942
287
589
598
155
362
99
53
16
276
470
709
353
849
55
502
271
962
853
403
753
21
218
216
933
635
579
696
863
627
285
51
224
1
178
66
476
791
664
909
619
327
648
978
426
996
736
405
176
731
144
615
3
784
811
945
415
689
510
546
105
289
703
39
186
920
622
283
8
586
291
634
116
282
175
18
123
264
900
482
780
269
708
77
132
316
190
943
229
815
464
385
333
600
162
950
377
63
530
61
747
601
149
258
939
575
320
657
553
85
822
846
20
127
1015
1002
513
899
893
145
436
90
439
730
884
457
429
511
54
538
68
364
124
211
872
201
613
654
242
220
861
918
172
729
947
948
102
929
485
257
987
564
940
927
191
561
7
425
183
423
666
215
848
982
222
638
49
965
260
798
72
669
548
108
833
356
925
937
515
892
351
82
804
704
338
714
710
1017
245
1004
313
506
724
228
169
217
555
38
631
897
857
532
267
680
204
677
383
518
277
1013
259
552
345
164
74
410
896
944
966
194
330
319
688
986
246
411
910
812
914
400
759
851
888
981
554
298
97
684
50
203
983
854
381
570
971
832
26
970
451
256
180
444
312
363
693
104
28
961
48
458
606
268
498
43
565
995
248
770
461
348
11
663
551
307
431
139
290
42
639
614
1021
644
100
416
296
424
609
359
347
35
337
659
772
1010
121
380
402
308
103
859
544
604
912
625
92
711
212
321
15
399
678
468
535
24
344
23
818
12
800
698
339
528
941
1000
673
894
311
749
877
879
367
694
209
748
831
27
930
122
420
796
1005
655
865
967
352
60
33
6
761
588
357
734
151
830
421
649
728
691
418
394
838
670
672
188
880
878
617
549
274
632
455
738
101
581
295
725
596
650
387
75
406
422
701
232
449
713
559
512
261
324
630
231
543
876
946
45
388
358
442
17
735
239
392
266
1008
94
446
907
997
542
741
843
70
86
292
585
1007
369
533
304
938
448
547
47
1006
210
112
739
756
467
500
119
473
501
744
354
389
540
875
737
789
868
901
154
1022
867
988
202
67
675
799
503
621
386
783
407
590
463
806
928
428
819
382
824
991
636
616
935
56
972
562
850
882
46
325
751
807
568
375
866
479
110
620
117
591
959
280
408
378
270
726
350
862
716
157
478
845
808
1014
952
233
189
745
306
459
667
985
870
148
409
702
477
651
57
252
427
869
809
647
1024
721
113
223
310
797
493
722
960
637
835
816
487
779
733
999
81
723
611
569
437
195
64
618
949
472
329
456
817
599
140
504
454
317
792
574
143
279
681
196
371
645
905
153
584
640
521
754
537
226
469
994
91
805
793
821
373
32
275
438
484
700
775
318
244
607
170
573
9
931
873
904
31
571
718
450
740
665
707
492
690
328
314
705
250
519
481
964
742
80
396
602
860
480
1003
84
566
592
563
281
732
858
919
65
165
676
814
401
541
495
301
126
465
642
225
397
299
923
915
69
715
803
516
1011
5
174
434
30
527
2
776
1019
653
828
686
881
384
374
335
332
624
273
73
441
842
315
29
88
41
249
834
823
207
372
395
582
10
163
376
44
128
234
608
297
486
509
550
695
786
284
841
764
984
278
414
766
435
768
419
975
774
286
227
243
237
720
370
826
379
762
254
488
629
4
906
922
462
643
840
545
785
610
765
1012
496
130
76
125
390
138
1001
520
777
820
522
198
524
963
1020
152
221
331
517
605
633
235
801
272
355
755
365
160
238
587
443
177
95
855
1018
334
288
825
926
25
158
556
674
361
864
471
187
827
490
683
595
974
685
346
111
769
993
917
22
240
699
483
452
662
557
790
767
412
40
758
898
466
936
679
171
979
890
560
118
135
214
954
717
309
98
953
59
661
52
626
87
706
491
778
788
89
213
612
182
813
980
1009
505
844
343
794
968
956
932
366
534
526
750
692
529
147
934
71
326
837
1016
134
810
156
36
712
795
757
895
773
322
474
115
247
179
976
532
173
160
302
252
752
568
738
984
550
128
716
336
873
66
333
218
951
318
903
362
44
788
619
935
67
181
205
100
721
273
530
711
330
1014
329
398
285
581
939
860
456
194
908
497
369
943
409
227
379
130
855
335
746
315
561
501
441
426
474
41
587
807
220
599
95
809
344
312
914
928
75
416
395
697
796
117
956
838
610
427
901
840
792
279
814
835
424
102
630
98
314
78
578
815
268
816
687
541
89
109
694
625
537
388
28
189
323
941
138
439
938
367
824
766
770
269
299
515
868
12
251
22
270
967
210
780
959
751
831
459
265
449
241
566
84
112
18
250
670
987
706
63
948
543
331
460
339
382
910
791
65
393
737
552
913
765
992
812
17
575
801
411
902
757
579
6
960
683
300
927
244
58
660
536
202
500
350
82
417
307
217
595
641
21
283
111
348
695
876
594
590
837
991
370
576
377
623
955
878
1021
458
437
640
893
544
261
260
359
351
1022
99
756
86
918
516
317
513
23
146
750
523
122
286
506
396
234
35
894
148
104
381
383
668
573
374
87
166
161
771
886
643
326
736
249
436
859
665
77
735
463
852
758
219
857
372
980
1003
527
734
615
821
655
728
981
528
147
177
134
946
324
228
47
1017
971
341
430
391
507
16
69
433
455
80
811
674
505
613
413
263
676
61
123
183
717
606
442
1002
287
866
748
236
467
145
197
373
900
14
924
26
631
942
245
165
560
690
767
850
997
274
880
180
995
729
895
208
753
301
871
966
62
937
865
397
512
48
462
602
39
797
745
954
187
890
586
851
950
621
733
361
1004
321
863
1006
43
679
554
911
408
196
51
36
982
977
4
540
267
848
485
514
616
49
60
827
258
259
118
489
785
709
597
975
803
802
760
222
366
492
769
142
1023
833
598
759
961
994
596
538
740
499
290
558
822
490
600
213
469
149
447
345
696
305
681
964
564
33
363
356
431
779
603
365
275
849
203
468
714
591
768
887
169
909
776
401
466
702
360
306
656
565
131
854
534
198
725
389
720
856
57
784
519
85
718
712
353
510
40
185
701
461
790
126
342
684
555
282
635
879
861
45
654
472
629
669
649
777
800
628
10
231
870
132
945
125
294
206
376
626
266
931
121
479
773
178
653
836
818
609
700
730
155
322
355
731
453
233
295
877
556
186
357
708
704
978
618
201
1000
834
593
291
221
156
651
509
601
533
551
53
539
652
531
110
429
502
50
7
140
229
257
310
671
230
1018
572
237
940
179
144
793
744
445
235
611
465
574
478
226
452
340
1020
582
972
199
30
858
1011
525
608
535
8
20
106
425
584
647
675
518
55
5
882
742
338
762
642
54
947
881
174
309
246
402
969
722
320
795
1013
973
741
308
624
786
56
719
407
443
224
438
415
682
390
175
832
633
666
580
891
316
775
127
248
763
450
277
346
135
143
238
271
659
917
715
311
862
254
380
841
845
828
368
34
899
988
247
864
164
789
1015
888
557
724
124
819
24
677
898
113
421
787
607
508
19
107
965
810
664
120
727
672
496
94
921
162
464
170
996
337
634
154
545
920
358
364
798
976
207
569
808
698
799
37
614
68
280
486
296
778
1016
93
691
90
905
846
1010
88
494
764
256
432
1005
105
889
522
823
137
782
328
958
703
184
906
884
970
592
692
352
38
446
783
163
428
76
883
930
907
239
693
549
904
605
209
944
897
70
64
159
190
476
96
488
511
13
985
553
115
101
983
214
139
604
193
548
480
151
644
1024
632
81
925
867
153
892
929
1008
713
27
435
211
212
726
288
392
571
216
32
915
926
42
292
91
774
108
378
386
805
678
385
400
685
133
843
394
732
498
92
188
680
577
583
419
418
31
813
529
176
215
191
673
457
826
9
103
387
650
223
481
297
289
916
842
434
968
662
912
989
998
406
242
444
990
667
79
1009
304
319
404
420
620
1012
923
636
403
454
276
707
517
195
347
993
74
136
705
825
743
334
922
46
934
637
495
399
298
949
293
869
491
1
986
272
484
354
15
919
97
375
804
699
116
953
688
1007
723
754
896
240
423
343
493
562
470
570
999
686
546
157
414
639
962
542
585
264
588
559
167
885
440
661
589
182
526
200
73
384
422
524
192
172
646
503
284
504
52
979
2
25
475
781
612
255
933
204
262
638
689
83
281
3
325
451
648
830
974
645
405
617
844
817
371
710
839
847
168
232
622
482
59
521
171
225
410
932
243
772
158
747
412
657
563
547
952
303
332
936
473
327
829
150
349
963
739
755
477
875
872
71
483
749
627
957
471
11
567
72
141
853
152
520
794
29
806
253
278
761
1001
663
874
1019
487
114
119
129
820
448
658
313
340
316
314
158
988
94
576
317
691
781
808
634
880
795
853
74
171
705
404
35
678
176
909
958
369
457
306
326
118
939
240
495
498
7
298
165
194
120
184
153
768
391
207
932
299
31
281
873
717
871
738
898
594
365
961
769
732
378
602
134
405
96
217
745
312
318
204
208
355
247
1007
887
1013
492
693
558
963
466
341
452
9
832
956
884
649
28
518
968
675
230
448
730
803
1016
349
246
1009
950
250
527
211
85
535
224
854
408
181
81
485
201
847
814
802
711
440
135
989
612
743
545
30
671
997
251
48
639
4
172
849
328
653
398
848
793
451
762
233
707
806
222
582
714
285
195
609
540
375
957
552
765
587
124
547
857
370
1006
630
87
364
101
278
856
632
713
789
521
409
56
110
927
876
374
241
88
604
991
147
805
525
949
321
974
225
938
526
740
58
237
555
895
866
569
585
520
940
1022
415
45
513
296
122
282
836
637
372
631
424
21
680
646
760
840
529
379
899
161
188
845
930
928
500
839
506
486
735
265
522
915
187
633
5
699
719
18
288
216
380
754
292
360
562
872
964
704
297
273
831
746
215
203
269
1014
983
105
709
742
548
716
70
759
756
117
112
261
26
528
783
912
460
287
232
922
191
901
993
249
937
336
461
324
333
689
351
155
148
676
674
688
913
554
51
313
741
621
820
597
886
669
571
1002
934
860
965
1005
504
179
386
825
788
851
775
496
280
834
652
867
16
665
29
603
785
183
1024
702
918
601
284
736
305
816
162
444
406
673
823
467
393
826
411
389
807
157
664
387
289
852
905
458
79
139
160
874
777
417
708
683
962
748
356
63
416
433
1015
487
152
436
290
86
882
494
987
591
573
361
480
657
819
981
619
892
1001
615
303
133
407
654
955
648
1004
712
43
420
150
622
385
645
447
24
262
293
450
464
703
954
1012
381
471
1008
92
606
248
995
706
182
116
142
869
737
131
690
23
945
984
275
858
896
817
650
878
367
970
658
111
429
994
376
100
1010
427
1018
295
933
156
757
935
311
505
472
996
701
61
432
655
499
750
462
985
638
541
346
990
454
1
138
337
226
227
907
423
410
546
66
531
219
159
888
73
483
294
19
801
751
206
20
720
493
811
893
766
936
238
50
588
787
169
902
77
490
397
980
253
13
239
557
137
514
221
917
538
175
797
592
236
128
474
812
855
534
948
837
102
599
255
455
972
610
107
27
600
589
1021
442
794
254
145
656
833
373
659
511
507
42
456
445
677
377
228
929
242
320
752
900
792
57
813
897
921
967
608
1000
778
302
661
190
220
568
890
348
481
721
611
715
523
93
799
178
971
596
684
202
108
431
256
69
613
130
114
395
199
25
64
850
12
700
75
266
10
550
841
22
543
628
764
2
662
279
891
109
868
263
97
90
501
626
696
544
844
164
453
772
916
586
561
36
383
666
642
40
413
68
325
598
790
168
366
643
977
672
264
607
214
33
382
879
710
209
828
773
479
334
163
392
91
8
779
959
875
115
83
616
300
510
560
681
213
476
274
469
516
34
575
635
384
443
362
595
143
862
767
728
623
95
755
270
477
942
53
330
722
174
127
842
698
439
60
508
574
258
234
572
835
724
870
889
686
15
979
267
286
470
347
733
59
151
310
185
1023
62
39
663
877
359
687
810
441
268
551
800
903
260
291
809
780
727
414
577
999
277
252
497
843
189
925
49
578
815
581
390
126
463
475
354
71
72
132
99
193
106
515
396
539
776
271
694
827
969
434
430
565
418
491
38
564
771
517
14
617
47
865
947
692
67
629
747
363
170
553
614
1020
647
796
352
549
245
605
54
283
435
104
512
953
725
503
197
76
129
196
923
259
403
731
459
861
791
774
502
422
327
509
331
786
718
986
235
357
830
141
473
579
998
339
824
966
567
566
103
782
804
911
65
210
822
556
146
343
763
975
952
180
319
3
488
78
329
976
618
482
345
119
140
1019
697
426
307
904
198
257
818
401
941
478
627
982
910
758
173
973
123
946
668
744
315
489
885
519
438
821
524
344
399
11
920
667
542
82
570
335
960
304
670
1003
231
37
223
734
726
660
532
437
446
978
584
679
166
723
914
559
371
52
98
350
419
846
368
342
926
125
412
883
468
272
218
186
149
136
863
685
931
1011
41
309
859
943
353
919
624
838
425
894
484
1017
338
640
753
428
308
388
192
906
829
322
212
144
276
537
89
583
864
332
6
55
301
46
536
951
402
784
121
881
394
944
44
400
80
590
992
644
167
563
924
749
177
770
323
641
533
651
154
695
682
205
243
729
244
625
200
636
229
739
358
620
421
113
32
17
908
465
530
84
580
761
798
593
449
1
965
107
918
110
681
684
167
241
243
272
407
146
1004
402
544
677
565
849
756
342
883
154
52
99
501
76
261
328
584
476
746
722
870
260
737
688
873
388
524
188
921
389
309
346
502
397
290
48
312
995
725
34
156
176
293
53
135
58
160
423
635
131
363
968
129
809
41
390
659
164
199
201
1005
321
847
529
325
754
617
573
821
97
455
88
451
934
373
673
492
887
929
302
686
43
745
687
506
242
765
926
280
811
303
518
771
574
89
867
434
93
717
68
769
347
557
615
327
42
884
246
656
90
704
823
405
1022
279
810
835
706
159
582
12
798
730
484
155
890
494
648
39
649
62
208
657
907
228
400
899
658
432
966
209
358
138
318
473
880
190
830
807
779
193
60
990
520
767
864
580
808
776
31
667
429
733
863
298
158
967
946
846
38
23
906
184
207
827
78
812
623
993
789
610
462
33
944
919
213
579
973
527
678
369
794
254
596
548
654
680
147
354
206
204
715
471
436
893
630
601
115
2
963
503
510
927
670
10
935
569
442
224
221
945
1019
323
475
964
468
67
259
640
286
194
589
693
780
629
778
691
770
800
29
440
338
796
326
997
157
128
49
392
797
850
939
378
205
1001
348
265
399
723
753
833
493
690
40
978
488
355
714
170
453
413
650
736
313
8
469
790
287
218
758
1012
595
173
856
669
308
419
909
609
251
760
561
19
593
212
719
116
982
740
801
379
739
404
786
61
449
95
882
482
570
16
974
549
701
180
185
514
137
443
381
697
1015
398
203
448
791
238
752
294
672
4
198
590
445
889
728
344
331
360
551
393
542
81
59
664
886
819
467
750
430
731
869
633
700
431
781
210
215
885
237
120
211
121
513
412
555
837
585
367
991
335
598
463
433
552
132
426
931
631
599
562
535
295
705
970
229
509
197
234
122
333
142
417
948
143
521
975
306
79
299
1013
233
85
508
915
1023
957
566
214
141
999
353
1017
992
375
685
356
713
747
6
952
546
435
836
486
720
838
349
597
145
917
183
782
622
14
504
192
550
606
602
144
77
912
69
459
438
187
943
900
879
500
859
727
249
1002
3
996
620
35
844
661
395
112
854
73
783
322
46
1003
54
452
577
428
127
674
352
652
840
50
57
958
1024
822
743
25
1000
831
868
881
384
932
253
857
536
516
517
222
925
979
195
984
498
1009
20
256
852
908
409
301
815
324
148
638
515
905
985
456
30
735
971
749
703
380
274
538
174
240
196
485
102
841
888
307
82
124
189
928
632
942
806
186
113
744
709
497
793
851
600
816
255
941
539
626
470
91
540
269
578
591
391
983
55
491
960
337
283
336
310
396
541
365
644
304
775
252
489
460
244
805
660
370
15
588
179
414
165
1021
587
523
217
420
716
898
465
604
594
98
481
371
345
21
439
877
26
537
80
63
896
87
911
461
84
698
421
545
826
875
695
182
75
937
300
531
350
813
922
109
558
920
803
268
11
103
446
936
305
625
264
556
499
415
296
860
951
166
133
616
534
592
163
288
235
738
902
668
100
712
478
250
258
533
651
72
694
923
894
788
202
387
910
505
611
119
117
553
1011
236
1010
247
18
36
319
874
575
441
636
787
528
554
454
950
411
359
699
27
742
1018
924
357
171
748
839
522
804
130
980
92
343
151
732
627
772
437
560
792
168
341
761
828
897
741
726
450
267
315
480
101
624
953
655
605
225
1008
444
865
114
707
175
152
136
292
458
9
447
96
248
853
275
762
845
257
7
855
708
512
457
989
994
178
645
297
161
998
930
362
814
621
586
284
1020
576
490
679
755
988
866
662
372
149
763
181
784
1006
987
273
227
105
239
956
613
559
940
376
281
408
28
329
757
721
972
266
385
118
410
200
74
231
104
422
45
572
289
271
466
675
140
751
1014
842
734
683
511
773
665
226
150
653
532
914
361
581
634
230
671
47
223
334
111
320
472
401
285
383
406
563
692
526
416
177
291
282
519
871
276
32
22
981
949
643
262
876
799
479
487
637
759
878
330
618
639
374
547
872
663
768
364
676
729
56
820
858
332
608
126
901
986
710
525
123
220
464
37
892
245
66
895
904
832
340
278
861
711
825
829
977
386
961
351
641
83
70
191
65
125
314
903
583
848
543
368
938
916
232
403
976
270
86
507
955
425
795
94
495
614
418
17
427
564
696
612
394
947
568
530
824
571
5
646
44
219
483
311
139
959
628
954
317
724
834
818
316
777
785
567
477
108
162
774
718
64
619
263
1016
216
377
689
682
969
1007
169
647
764
424
366
766
13
802
817
642
71
962
51
134
913
172
24
474
339
607
843
666
702
603
496
891
106
153
382
277
862
933
849
17
947
483
690
887
754
881
387
303
776
594
935
173
921
635
35
858
886
902
467
239
53
798
698
699
457
555
171
210
312
347
298
145
739
575
545
50
542
58
738
1013
123
606
691
444
416
688
146
988
803
820
687
472
200
962
429
984
28
757
158
736
291
91
427
861
191
775
549
939
265
756
479
936
405
716
414
278
142
520
1000
629
990
277
934
245
252
262
55
511
126
781
732
949
424
891
194
77
895
541
968
740
420
971
16
33
1023
729
806
954
610
649
605
731
382
59
417
679
92
779
69
532
519
617
224
911
166
450
785
920
261
703
580
1005
219
943
152
574
833
958
910
432
182
647
633
120
782
480
489
445
285
247
78
323
876
615
317
853
281
433
856
889
805
966
879
818
787
156
907
1009
890
548
810
82
304
864
522
375
697
758
102
985
196
136
989
942
585
90
723
650
1011
579
180
321
269
508
106
857
226
449
419
600
828
639
122
144
877
525
616
675
258
332
884
270
159
430
399
203
709
73
32
665
626
778
163
811
435
368
407
991
750
362
724
244
339
160
825
655
955
1007
925
51
737
366
630
345
134
150
124
335
85
885
822
799
89
562
100
912
373
682
863
434
670
967
728
905
702
783
747
845
70
447
31
802
174
814
451
957
10
718
72
469
192
928
619
172
454
761
672
587
591
448
712
125
808
13
266
67
482
256
185
307
233
900
667
534
588
101
906
609
514
1022
294
648
771
816
796
933
608
800
717
488
652
316
189
421
23
139
439
404
571
310
464
208
443
357
327
565
475
460
63
410
468
768
893
505
352
60
705
904
268
383
48
909
995
341
834
306
384
914
227
431
1008
371
598
838
875
664
64
211
972
597
773
577
181
119
581
359
299
250
567
255
481
36
279
1015
154
573
759
527
996
659
999
29
894
21
791
815
613
390
872
188
694
97
243
959
1001
338
506
504
190
328
394
637
654
462
901
865
367
358
113
960
300
273
568
645
446
932
157
385
143
456
223
179
452
284
621
540
41
360
827
398
80
128
453
666
470
238
997
793
1021
961
570
110
676
334
5
116
118
286
898
841
11
336
770
495
198
276
177
874
937
199
536
248
225
411
518
1002
459
599
651
969
929
836
871
839
500
908
81
79
365
1012
963
940
42
507
437
402
743
257
301
34
428
486
683
964
14
830
923
685
1003
484
563
54
696
455
627
93
517
749
498
436
547
974
695
412
631
516
395
271
953
850
487
350
979
556
83
236
254
133
71
344
153
602
998
741
915
135
1020
677
386
569
87
353
176
751
566
1018
473
1006
155
994
325
242
680
308
552
406
846
965
377
195
30
628
638
6
391
494
39
94
733
461
987
204
496
313
692
719
572
844
282
168
824
561
214
392
973
848
643
530
305
993
237
3
289
267
644
661
710
355
558
229
868
847
582
931
746
66
1
882
826
642
657
57
132
370
349
660
684
590
426
141
263
121
27
537
15
164
576
560
388
977
748
99
819
114
340
539
235
704
764
104
720
415
130
837
297
463
669
309
1016
413
869
68
509
715
700
975
283
722
992
161
501
499
138
546
264
513
319
896
944
43
84
681
867
471
843
854
108
551
523
678
903
147
873
478
780
380
330
491
422
550
148
493
601
804
755
557
372
397
162
583
515
924
918
74
351
946
251
234
52
763
777
259
2
40
735
917
275
784
978
713
287
408
7
169
98
18
526
531
409
554
786
47
930
465
249
354
503
320
922
215
662
26
107
4
981
897
860
497
109
167
8
859
19
331
88
611
721
927
379
20
663
131
976
742
490
193
37
714
813
49
533
474
734
589
44
769
280
673
913
75
726
653
586
184
25
632
112
22
61
423
880
95
623
1019
512
314
418
129
852
201
510
708
916
870
175
956
524
624
492
612
232
46
38
790
24
618
378
866
209
835
9
12
206
753
656
197
170
646
607
337
701
766
381
980
760
441
477
725
620
220
105
564
86
253
96
115
883
205
216
603
952
727
293
356
346
296
231
389
622
56
970
986
502
221
812
745
878
127
831
899
892
592
45
801
165
343
634
941
919
543
671
593
711
103
938
794
584
823
797
862
553
222
117
140
186
65
315
207
290
324
1017
538
604
396
765
842
614
807
951
625
762
521
202
689
217
528
318
1004
485
440
658
829
442
260
151
218
544
241
636
476
1014
832
425
809
821
274
369
311
706
178
767
529
641
795
292
674
111
948
752
376
596
348
982
302
855
230
640
183
788
400
730
926
668
322
364
774
535
888
403
149
137
438
840
213
789
595
707
374
361
559
693
240
363
187
212
950
851
983
686
401
246
326
1024
393
744
466
342
792
288
295
76
228
772
333
817
62
458
1010
329
272
945
578
44
206
226
841
207
763
476
165
114
416
604
980
906
708
335
797
419
846
149
328
153
613
386
480
513
373
467
478
376
653
347
449
4
358
817
102
344
422
251
535
374
848
43
1019
237
575
833
992
993
127
438
46
5
594
540
495
504
734
614
75
932
28
137
239
49
679
166
875
676
635
120
30
862
529
564
429
260
749
247
348
418
761
412
587
773
942
27
356
825
253
870
991
249
488
886
747
852
887
867
769
698
762
908
551
874
805
392
122
512
610
498
215
617
778
384
830
112
948
241
307
177
822
795
746
406
277
224
1001
689
650
144
678
755
743
256
917
174
245
744
272
806
824
719
85
179
216
36
947
660
717
603
790
890
581
786
711
362
508
623
193
599
198
920
341
236
902
306
182
393
526
909
780
496
911
339
859
423
923
354
181
41
622
784
835
421
119
926
629
6
414
855
157
798
22
802
745
397
751
758
459
710
489
304
943
619
630
1011
671
649
814
857
700
600
964
401
321
185
683
987
580
402
904
779
255
809
979
699
612
331
871
638
560
882
285
139
320
668
934
187
732
760
618
813
424
303
482
654
615
546
645
271
524
620
220
173
72
741
842
738
519
789
381
57
521
76
380
856
369
447
869
597
204
323
62
935
194
777
413
3
896
287
876
733
1012
415
782
311
506
370
952
722
731
586
500
159
67
205
1017
280
1013
20
687
315
325
9
254
324
217
924
232
565
33
203
970
889
626
211
520
295
468
572
574
298
246
479
252
963
1024
302
138
573
69
492
897
395
171
180
461
283
274
184
282
829
788
156
21
750
95
853
796
223
240
1020
770
65
309
132
279
579
516
465
883
26
752
201
582
281
517
640
916
118
990
903
94
971
210
566
481
464
914
1007
542
944
38
451
452
503
821
396
553
879
823
661
404
511
624
83
680
96
186
353
326
299
598
266
466
34
360
499
163
150
487
408
391
25
178
161
98
167
891
996
515
319
608
1
345
759
536
556
357
767
270
284
522
611
135
532
570
310
576
694
1002
195
840
13
844
183
928
704
197
591
892
646
936
531
351
377
68
367
703
228
691
188
379
768
162
497
969
735
130
636
314
47
363
243
791
405
51
913
352
590
592
18
696
634
976
785
145
878
965
105
849
715
91
670
973
407
656
728
938
994
278
607
997
403
233
364
601
32
117
799
771
533
440
365
257
1006
925
888
847
616
643
343
974
851
494
899
721
340
633
63
101
525
60
92
316
860
399
677
688
222
861
547
293
77
836
794
988
929
792
214
457
454
148
955
812
641
82
827
40
431
602
263
227
968
800
850
229
765
982
567
748
469
24
189
631
937
912
375
783
737
740
291
695
400
338
64
16
455
330
706
1015
477
1004
685
382
308
389
563
123
333
106
261
753
12
690
99
470
1018
596
411
776
549
471
804
372
110
726
383
276
983
87
1005
169
332
378
275
723
628
80
757
213
693
176
442
958
775
131
493
866
881
318
665
625
294
815
35
52
42
898
301
191
501
230
355
949
541
854
873
606
1022
724
53
941
561
428
858
115
368
432
288
242
819
901
578
485
922
121
953
927
443
1003
725
140
772
523
868
116
472
111
507
981
221
632
39
456
264
435
434
409
808
663
417
313
10
510
103
104
448
718
154
54
571
450
262
675
366
647
19
109
845
445
894
658
439
59
651
202
764
196
190
831
126
527
437
420
45
664
838
534
268
933
577
834
490
742
697
518
984
430
550
865
999
436
158
837
945
959
609
714
317
31
977
349
940
954
930
946
605
951
170
81
141
168
160
212
978
843
505
900
986
225
583
872
659
290
781
107
839
2
669
305
528
793
961
682
807
568
78
334
292
14
134
133
17
164
86
709
267
297
816
146
336
672
736
8
1016
810
327
960
425
692
312
1010
70
200
739
108
231
967
151
514
956
864
342
350
199
544
595
730
998
426
37
627
701
235
657
557
359
394
702
818
441
1014
398
113
803
192
90
1021
88
502
79
931
147
219
410
673
142
483
296
453
58
491
143
832
509
390
444
756
995
537
128
209
175
720
681
562
129
593
93
584
637
361
218
588
621
707
957
915
289
136
124
655
820
538
1000
962
966
265
1008
234
787
919
100
433
729
460
329
863
50
545
74
644
918
774
474
248
259
446
208
15
712
55
548
569
273
585
56
905
539
1023
939
484
985
907
727
155
346
48
648
921
686
972
458
244
713
667
152
385
811
552
662
950
473
250
258
462
238
801
989
910
11
826
884
880
388
559
371
885
652
666
337
84
463
475
674
543
61
66
975
269
89
1009
555
300
387
530
125
73
427
71
642
893
286
716
322
877
486
23
766
7
172
29
754
705
895
828
554
558
97
684
589
639
756
225
92
465
507
916
36
869
622
595
835
985
919
879
680
408
847
923
568
591
276
112
781
150
181
515
385
588
265
703
68
485
739
951
604
993
830
833
579
583
671
394
322
873
590
173
358
436
681
347
829
54
728
768
558
345
350
264
65
57
611
853
551
517
689
889
110
405
679
866
162
741
359
287
840
474
477
70
298
342
654
430
787
386
992
56
186
695
336
771
911
263
643
73
792
612
542
32
635
600
2
775
380
925
839
758
798
267
326
397
645
333
1001
995
544
915
724
179
178
526
274
796
865
472
240
786
718
248
577
138
300
996
449
505
201
136
963
950
702
61
281
171
541
438
196
685
867
115
942
495
1016
1012
637
398
793
623
522
986
89
597
429
589
444
135
621
692
475
575
650
528
415
82
777
250
883
751
662
737
312
723
605
966
761
317
335
107
143
500
427
396
161
872
682
237
892
66
86
414
375
532
917
378
190
482
305
538
821
401
773
727
618
283
913
231
59
714
291
254
497
808
571
936
804
131
976
212
987
452
151
531
750
816
767
295
418
983
216
537
148
81
769
48
716
9
1011
63
357
747
220
381
213
309
411
948
369
899
886
105
447
202
184
726
244
423
964
483
55
849
303
946
663
328
382
596
479
506
13
631
319
548
561
128
772
325
888
146
473
160
493
78
323
922
740
1009
683
164
243
533
364
270
101
488
529
619
230
236
855
904
320
31
826
638
649
27
1008
752
587
461
876
62
893
938
546
273
508
147
949
49
609
79
140
373
269
372
1022
935
361
674
304
909
552
417
658
977
242
862
598
33
519
76
525
154
134
813
406
536
156
14
43
653
487
770
578
539
708
693
827
1023
337
905
991
37
875
581
721
44
141
639
979
665
713
652
478
745
864
253
124
729
462
733
324
97
245
355
513
641
606
166
807
534
442
668
694
857
296
448
290
675
168
957
227
51
165
24
969
731
657
601
169
451
321
133
837
660
108
30
801
90
293
914
894
603
334
646
403
289
307
489
896
121
585
284
555
498
608
362
302
906
123
311
978
314
356
117
562
828
142
400
450
990
389
315
613
72
884
809
1006
669
279
891
167
440
563
137
424
262
247
306
139
850
540
634
661
870
709
149
456
349
651
524
120
698
912
113
42
797
518
965
466
805
890
313
299
144
755
901
316
710
1019
616
241
744
384
897
738
484
553
39
871
859
376
1
958
439
409
743
704
592
780
559
520
118
851
820
937
224
843
74
1017
748
576
920
656
903
961
570
700
800
706
38
35
371
172
192
47
997
25
1002
712
510
982
594
235
180
157
779
368
85
238
294
930
586
615
416
318
15
106
602
707
814
941
664
259
434
636
122
435
205
907
338
266
21
696
690
1024
175
200
111
219
12
1015
699
825
705
422
1014
642
60
516
1018
249
607
790
460
564
185
277
885
234
496
96
377
1003
232
572
717
640
104
158
676
734
789
471
567
556
275
188
125
599
644
431
543
856
972
214
956
968
437
174
327
194
617
109
28
535
459
88
545
504
191
221
918
486
343
93
207
176
898
29
678
353
630
330
735
7
26
453
778
776
18
258
95
402
1021
960
620
399
530
647
900
932
421
560
413
742
806
211
1004
480
46
877
753
580
286
420
52
673
365
720
686
23
632
310
817
163
788
838
943
285
688
1000
722
940
746
233
501
962
749
433
239
573
252
971
841
222
947
412
127
802
209
71
282
1013
126
503
383
502
197
764
16
395
22
593
346
170
614
626
45
268
628
725
490
387
785
445
363
67
99
297
367
98
954
8
370
719
549
759
999
204
404
511
34
491
970
145
11
908
155
278
102
251
955
272
984
379
187
854
331
53
822
810
523
177
19
655
625
514
481
824
223
457
260
981
648
774
846
754
4
784
782
280
455
521
736
159
288
933
470
87
624
119
228
476
582
939
20
189
691
255
554
927
391
944
557
860
874
887
512
831
374
183
762
206
684
783
425
17
198
732
428
701
469
627
834
845
763
419
868
217
811
246
226
547
791
697
687
629
199
881
256
114
988
351
40
103
711
132
215
352
973
584
921
463
58
41
926
1005
392
863
832
354
975
432
818
467
182
390
492
1010
989
895
565
858
407
730
509
332
815
10
75
152
360
77
271
566
410
50
494
952
765
574
153
667
819
974
388
341
3
446
836
610
69
823
998
672
812
464
261
468
757
880
393
100
344
994
931
195
193
203
959
666
1007
83
339
499
129
84
795
210
458
803
902
218
861
848
91
308
766
441
366
6
924
292
208
842
882
928
852
5
426
878
329
130
550
116
799
980
633
301
953
348
64
340
910
569
1020
659
934
967
929
715
945
794
844
443
760
670
80
677
229
94
257
527
454
931
829
171
886
344
979
140
536
42
440
307
493
137
429
703
935
205
752
305
79
981
399
875
489
68
114
233
26
1012
910
775
442
913
323
40
734
807
589
412
774
96
124
636
637
720
621
474
815
655
497
924
964
103
709
418
324
222
261
777
669
646
380
616
115
794
417
758
490
87
148
779
469
160
588
668
93
560
942
198
619
178
23
847
327
130
547
836
122
279
545
757
383
501
713
827
837
576
994
413
287
825
454
962
449
377
595
736
858
204
629
240
952
173
14
260
683
582
37
602
407
601
478
367
575
36
609
269
215
696
725
450
84
62
71
674
844
139
258
82
835
809
540
94
88
673
625
754
45
102
511
159
654
643
229
530
877
912
208
764
30
423
375
434
615
1017
749
691
528
66
894
753
850
922
231
496
933
123
199
974
587
132
392
781
622
117
495
272
558
635
600
181
253
466
217
285
549
50
731
81
161
790
481
119
792
187
699
936
694
435
599
925
512
978
953
681
295
940
370
976
385
346
207
329
604
525
339
939
420
1018
9
298
157
742
818
1013
685
718
224
824
923
226
8
992
29
828
183
769
1009
712
149
60
85
902
125
374
390
667
763
937
188
448
743
438
107
16
248
239
658
999
961
721
911
1015
597
869
551
810
141
900
361
293
634
522
299
238
727
46
888
154
75
49
795
441
302
859
722
882
1011
514
698
555
104
984
342
821
118
4
1007
11
661
1022
843
873
919
80
415
416
928
864
523
464
194
458
805
89
166
852
134
702
969
106
172
972
451
728
195
264
704
190
990
58
732
281
915
938
771
666
579
993
218
564
22
270
425
817
192
628
95
642
647
250
193
930
770
476
785
286
484
321
987
381
584
267
620
799
659
127
150
538
534
13
876
737
359
697
941
803
791
357
312
280
163
111
988
351
48
18
808
586
31
950
535
17
548
502
470
574
25
254
842
678
944
510
553
617
544
336
155
686
289
5
488
256
892
733
283
853
236
335
410
823
51
54
343
320
662
409
665
521
955
6
100
675
433
219
814
197
92
851
706
539
887
739
542
527
21
966
120
989
223
921
110
282
866
7
603
951
985
800
846
934
740
391
108
591
379
228
76
618
432
657
885
400
729
144
839
109
830
158
607
182
568
500
138
652
801
671
516
455
291
857
998
129
408
537
947
34
878
682
793
954
778
744
687
641
711
735
297
995
275
133
156
352
315
612
562
890
695
401
318
167
504
27
690
738
905
439
91
428
726
209
112
804
332
443
73
1021
234
578
33
473
405
164
376
402
241
624
485
317
131
633
126
276
328
121
1019
513
750
856
776
165
201
1000
268
368
861
784
61
35
353
284
460
152
901
20
977
701
1005
47
1008
982
820
221
533
756
278
897
101
884
714
354
388
845
301
719
38
498
788
446
322
532
55
831
895
968
404
325
384
883
848
640
273
292
59
471
639
330
1020
708
387
594
806
427
723
168
143
444
920
692
918
508
486
135
991
483
220
169
499
175
867
1001
456
812
963
949
232
176
957
759
626
870
184
606
467
932
700
967
786
364
630
414
358
310
277
257
314
566
382
854
559
755
653
319
259
893
360
235
306
424
386
67
765
28
507
334
554
592
244
245
63
672
970
362
153
255
730
15
563
431
453
378
480
468
645
430
145
509
746
889
210
491
170
903
773
772
891
546
206
290
975
1023
811
2
716
638
766
53
948
265
65
341
541
19
660
365
768
411
569
397
705
186
585
419
580
350
406
798
871
782
590
487
822
56
459
648
650
10
693
767
237
689
593
838
832
959
663
338
64
906
519
421
147
116
907
447
396
881
868
796
789
741
833
896
296
70
899
363
517
39
303
174
83
518
707
128
550
780
202
797
142
503
462
577
649
880
457
86
266
313
98
556
526
552
677
840
355
573
179
97
136
395
898
12
908
684
916
177
802
965
393
819
862
680
477
252
308
213
389
973
505
631
274
225
349
3
263
185
826
494
78
971
203
986
860
426
865
316
304
262
216
43
644
436
445
879
557
72
214
614
543
347
515
32
249
24
572
309
956
958
230
946
77
710
366
472
465
492
311
926
863
74
929
251
105
113
688
943
623
565
294
651
52
531
212
475
463
479
670
813
243
403
1006
748
983
627
608
151
561
841
567
211
724
99
596
369
1016
751
1002
747
611
372
960
872
90
656
761
57
717
1004
760
917
1003
762
787
524
345
855
664
605
679
927
715
529
373
1010
816
571
581
461
340
520
227
945
996
570
849
200
69
300
422
909
356
1014
632
191
394
242
904
482
180
783
745
980
613
676
333
452
41
196
834
1024
610
246
146
997
914
189
437
1
44
398
583
337
271
162
874
506
598
331
348
247
371
326
288
53
202
439
329
93
527
781
735
239
876
620
598
420
39
373
450
837
194
795
115
850
455
747
567
240
421
494
186
176
613
596
297
825
621
871
565
856
486
234
719
241
68
683
153
869
362
847
651
571
941
829
989
813
691
299
87
424
797
908
382
38
229
470
8
260
484
157
265
429
734
504
617
90
298
66
901
894
361
897
572
3
717
805
23
968
995
660
445
518
63
880
155
544
400
24
120
888
289
498
595
990
943
326
128
290
887
209
14
327
535
422
161
780
712
629
641
58
405
312
609
659
378
643
919
71
875
591
384
959
917
144
44
724
472
30
803
238
481
118
758
252
979
11
97
192
684
74
78
48
353
537
652
739
306
615
173
368
20
1014
860
956
478
867
358
436
951
383
751
142
83
359
903
1006
921
380
262
526
34
280
448
812
414
29
907
900
760
564
214
389
693
826
366
963
235
319
757
477
156
357
6
282
351
151
592
973
249
782
831
698
743
182
456
1020
1000
57
881
428
4
669
721
841
645
149
936
725
371
866
139
858
976
974
117
295
245
1009
1004
733
576
1010
602
514
570
877
175
667
794
475
991
261
337
713
953
663
586
226
283
523
291
929
822
269
814
230
764
873
741
927
677
802
80
965
395
682
1
438
942
19
931
233
846
42
828
631
127
181
1001
248
898
332
399
264
1016
528
330
980
393
798
255
738
513
832
672
732
331
469
168
546
904
266
750
305
243
73
37
577
341
356
600
126
497
89
246
1015
345
649
833
334
111
288
129
320
647
28
653
761
1002
201
636
753
937
338
418
61
818
982
232
95
374
777
884
1024
339
870
668
558
396
224
174
796
950
135
474
918
883
906
1021
746
728
680
665
216
56
864
130
398
258
119
435
835
549
892
804
763
945
411
695
99
485
748
515
323
785
799
137
106
307
879
993
754
590
94
612
375
614
702
710
687
533
840
335
681
727
619
148
855
211
611
324
35
236
755
189
242
446
98
76
589
434
522
740
930
922
212
45
427
167
816
998
207
443
206
215
47
247
60
715
627
103
302
709
1017
562
250
1022
640
116
759
538
162
133
607
657
32
961
606
75
587
364
159
413
967
616
49
817
12
934
772
952
322
132
204
219
787
862
939
690
1005
585
31
707
868
766
891
851
920
271
541
700
666
432
441
688
208
344
419
594
284
525
367
275
46
406
195
124
415
836
886
905
940
191
41
92
225
27
88
696
110
784
563
996
134
160
808
286
407
84
534
447
355
969
912
545
601
656
722
253
217
200
634
278
532
401
583
442
599
210
552
792
114
463
508
694
745
958
622
692
500
466
924
839
910
632
608
491
768
318
519
72
196
199
279
756
773
426
493
579
948
113
487
559
59
726
166
26
143
863
510
987
313
762
932
423
177
263
885
352
404
824
102
878
104
529
854
51
136
742
228
834
553
573
340
819
815
372
723
112
882
409
22
859
1013
108
5
440
274
574
13
964
386
547
33
561
530
955
390
1019
190
623
452
830
501
296
909
786
376
791
646
490
531
569
720
679
711
222
231
704
394
505
480
992
928
807
303
360
716
718
471
165
342
674
492
997
218
122
642
775
301
170
714
923
765
581
495
314
387
172
158
503
625
416
154
857
604
506
308
670
752
163
277
603
689
292
845
40
566
729
349
251
391
467
67
626
417
999
986
180
605
1003
348
560
10
343
554
664
597
517
971
300
347
610
661
473
96
916
65
354
675
853
1007
970
899
203
628
988
1018
637
7
55
36
464
844
138
70
140
237
198
193
433
744
321
379
633
25
889
425
555
655
865
938
911
227
580
184
618
699
9
975
872
444
944
671
977
412
848
388
276
483
843
648
62
539
16
285
268
960
823
370
520
697
521
524
43
109
188
801
926
983
468
536
776
701
496
54
933
317
254
542
213
223
783
410
179
141
309
272
624
164
85
169
972
281
152
489
462
575
381
256
790
325
465
895
550
511
365
568
430
861
821
658
770
460
259
369
779
449
981
902
147
662
789
221
385
946
107
849
270
686
461
146
458
925
52
788
635
304
548
125
947
685
556
408
185
502
978
954
50
914
69
957
81
896
17
21
350
516
267
293
678
540
392
810
145
820
874
512
86
806
403
809
842
82
482
459
827
499
178
377
79
316
273
708
488
451
769
1012
328
557
294
123
962
749
582
890
676
551
588
737
543
171
64
101
100
220
949
121
578
457
852
915
431
91
183
654
150
985
187
509
593
311
402
703
838
630
333
966
257
287
77
638
984
736
811
705
730
105
476
1023
1011
893
453
437
18
639
584
131
644
507
793
397
346
315
774
1008
197
913
310
771
244
731
454
650
706
800
994
479
767
673
363
2
15
935
336
778
205
745
634
991
771
954
209
886
344
269
583
22
1020
345
718
564
134
979
616
308
652
783
890
726
685
456
511
172
892
227
43
611
123
604
31
40
706
650
898
513
590
818
399
996
880
85
37
605
610
966
450
961
872
260
112
510
548
490
748
343
656
688
588
128
759
526
475
698
789
1008
350
433
403
373
760
188
786
774
320
939
58
367
806
335
988
662
1006
647
780
420
132
452
252
874
180
16
67
847
639
240
179
6
520
234
481
278
848
928
212
152
909
629
418
540
600
822
224
516
51
246
841
575
473
797
148
482
573
626
799
3
429
870
314
105
862
176
451
397
108
648
1024
57
241
229
683
458
74
419
776
470
576
235
141
942
476
271
851
263
824
304
70
284
331
4
633
391
630
1018
53
406
893
934
599
255
627
33
559
788
277
169
110
68
127
446
375
189
859
654
693
1013
581
244
288
578
768
873
915
214
129
711
981
416
365
238
602
162
546
488
480
926
840
804
361
932
202
690
682
463
45
568
891
233
884
26
905
555
1016
903
487
377
47
787
236
750
845
708
869
899
687
368
574
817
166
79
163
25
854
1010
734
142
149
749
948
716
248
1004
695
742
140
184
109
829
674
465
607
552
930
837
219
118
491
318
362
646
714
28
71
833
400
949
667
703
684
686
967
245
689
76
618
849
466
448
735
767
292
770
850
171
864
839
523
72
826
572
378
353
545
694
69
198
261
969
115
997
638
901
757
266
443
307
114
453
494
747
814
44
727
405
197
952
558
769
457
77
756
820
61
468
87
231
606
355
877
369
755
376
232
122
14
556
321
836
326
91
259
505
146
201
722
205
243
681
672
908
182
392
651
902
649
957
589
12
325
598
922
404
270
1011
432
442
18
917
372
544
225
27
102
663
968
311
983
675
10
268
290
414
782
117
628
364
569
592
437
381
800
173
709
617
30
1015
63
258
56
867
150
779
921
723
579
65
239
907
254
753
1019
763
445
50
762
987
253
401
42
660
223
972
737
7
937
911
402
772
386
945
710
796
154
497
116
251
977
160
82
299
699
464
60
527
752
625
506
313
217
923
615
798
339
440
97
177
636
518
455
746
790
729
843
844
330
20
287
712
415
766
1014
524
374
337
593
469
349
477
136
512
984
170
200
830
32
897
2
640
970
958
852
486
220
384
86
964
297
676
121
963
394
828
713
585
887
1002
764
119
183
157
46
810
498
794
282
393
673
249
164
1000
803
210
103
305
147
692
1005
765
351
279
644
52
998
341
1
653
329
819
881
956
191
130
113
99
666
54
570
449
479
328
857
521
900
363
5
489
531
138
680
620
985
935
317
778
601
959
832
459
808
566
441
274
371
366
834
358
264
701
338
670
493
421
352
204
143
316
322
557
267
879
858
357
294
444
298
411
206
334
927
507
483
539
960
55
422
938
222
17
327
153
380
741
888
293
823
775
283
721
135
916
815
66
929
535
754
871
643
342
9
894
174
805
717
48
190
49
835
860
868
846
424
15
612
720
36
677
257
608
536
587
809
550
159
913
702
732
678
124
827
8
303
795
280
1007
218
635
986
696
586
896
139
186
784
974
609
733
637
215
816
950
895
821
946
484
671
29
517
567
439
980
398
35
508
947
96
435
691
413
431
203
73
906
295
739
664
165
603
631
389
534
438
92
704
428
228
75
387
408
496
81
226
13
39
924
642
856
1022
931
24
565
982
145
533
89
1021
951
993
541
216
619
281
740
155
395
889
965
300
275
340
802
460
62
474
1023
1003
885
561
196
995
904
396
273
522
679
715
247
324
104
286
876
388
19
502
838
777
528
126
111
125
434
719
571
193
137
250
230
700
751
289
724
547
596
543
195
530
59
594
427
990
882
34
100
971
624
106
551
659
661
758
175
866
144
168
199
801
989
549
38
554
447
360
156
467
614
336
878
613
941
88
580
761
78
272
944
668
348
436
793
705
641
64
383
285
791
410
296
181
514
542
933
537
430
461
390
669
359
492
332
920
919
207
861
211
185
831
560
910
792
256
940
807
785
503
842
370
221
306
333
999
323
519
471
385
291
276
423
622
302
725
265
584
978
1009
744
161
346
525
509
310
781
623
992
478
811
417
425
407
472
582
1001
1012
655
426
697
379
943
84
315
853
309
825
208
658
107
730
812
83
120
237
93
577
562
936
595
912
23
98
883
167
953
262
495
743
621
501
213
994
151
178
101
454
855
11
131
918
925
538
553
657
94
973
133
1017
90
412
529
95
773
955
80
158
875
312
975
645
485
515
597
632
21
563
500
865
347
532
736
976
356
707
914
962
591
319
863
192
665
41
504
354
242
462
382
813
301
194
731
409
499
738
187
728
201
698
299
533
864
833
702
49
794
209
300
834
160
31
103
244
402
737
733
393
289
753
386
18
1019
693
806
127
809
186
283
726
120
779
574
664
364
443
681
464
706
899
506
318
109
520
93
173
796
361
787
1007
687
446
75
979
562
994
195
629
935
291
641
569
853
958
43
804
966
780
802
690
311
95
56
294
435
150
845
727
388
551
999
767
360
197
245
846
232
126
763
744
771
501
288
340
820
492
452
210
123
286
461
255
933
491
527
608
745
601
593
879
1001
581
259
964
558
954
225
2
685
316
108
376
24
478
945
950
507
400
308
668
60
458
612
505
320
817
65
1017
484
352
53
646
315
433
981
1008
942
890
655
76
987
4
1006
144
483
657
980
214
317
36
3
471
862
254
196
385
199
860
676
897
161
292
539
284
381
628
449
596
710
474
310
908
736
378
651
572
731
788
644
752
754
688
647
972
550
891
811
359
8
622
441
648
973
41
974
301
475
599
80
131
778
466
750
218
238
99
1014
616
837
583
924
649
554
815
132
605
265
465
653
44
216
983
724
990
1018
322
239
10
552
1011
40
436
373
985
389
995
730
192
418
714
448
227
915
717
686
287
125
955
578
460
585
888
836
920
582
447
215
872
695
575
302
952
463
775
548
913
870
489
1020
168
701
825
922
784
536
275
105
230
766
205
494
948
486
827
573
55
594
795
439
843
902
240
387
524
769
374
371
512
84
167
960
307
967
774
652
988
847
715
375
789
977
58
115
70
25
632
267
700
602
407
542
755
365
487
69
970
734
362
248
117
559
81
71
346
278
645
462
63
221
390
992
368
855
928
419
102
503
618
312
729
619
824
1009
571
277
650
208
965
391
723
568
606
444
535
614
220
355
938
623
50
148
258
949
404
770
914
303
549
854
640
154
857
5
797
930
678
332
434
342
502
1002
523
832
725
790
526
52
666
137
518
344
413
1004
880
830
270
73
335
534
557
235
749
264
409
188
236
516
670
835
1005
353
176
692
183
33
330
570
39
587
791
522
11
709
68
119
675
345
850
112
746
134
627
309
187
426
480
768
756
939
545
324
145
719
88
104
420
762
923
341
776
9
689
432
851
424
971
682
884
844
713
91
253
941
921
929
482
636
250
453
537
886
45
803
202
540
128
146
591
233
213
866
669
712
19
451
777
296
509
456
683
229
561
180
656
48
662
274
785
442
200
764
427
382
617
592
35
580
735
812
513
564
1012
67
297
530
450
61
455
998
528
1010
898
680
37
772
314
405
116
440
603
437
394
47
281
481
392
595
951
350
600
428
991
64
538
838
17
859
741
7
181
172
79
878
138
83
369
672
425
380
637
27
748
354
976
889
339
822
611
959
691
251
408
14
555
906
871
155
604
500
584
742
705
932
96
293
728
384
231
110
143
252
907
885
896
479
377
634
823
900
969
206
625
30
953
82
630
306
321
577
684
90
633
947
867
813
367
661
1021
328
431
801
696
711
414
544
357
266
918
158
469
521
304
438
379
659
406
798
881
249
721
472
708
986
358
38
59
829
563
553
363
198
136
140
159
887
411
383
348
1023
135
956
631
279
396
422
895
931
751
963
349
620
170
773
654
257
498
566
395
782
716
996
937
852
273
497
841
182
204
697
839
13
663
410
156
499
598
586
429
565
234
130
97
858
639
621
211
626
184
842
927
272
765
421
883
868
401
121
759
237
909
179
141
29
807
609
212
597
541
164
467
962
743
247
269
107
531
877
57
26
165
243
111
276
157
430
92
219
875
260
679
77
185
863
15
588
228
207
816
671
894
1022
893
694
911
943
940
926
72
151
613
1003
642
163
1024
271
347
203
635
936
416
74
457
903
415
1013
106
398
226
242
826
496
510
968
417
793
325
818
334
944
917
984
22
905
191
673
323
856
567
153
326
874
532
285
946
901
459
519
282
217
674
174
517
912
982
473
333
781
861
86
739
975
85
262
916
177
1
865
280
113
129
298
28
610
876
51
399
423
546
800
699
222
658
66
643
738
882
12
760
241
665
677
372
468
46
403
223
667
892
194
590
828
329
470
327
94
246
169
263
351
193
149
23
808
761
543
961
514
783
989
849
1015
978
997
118
792
139
190
356
21
331
511
62
343
718
366
490
42
576
821
133
124
910
338
142
904
397
529
101
20
740
579
515
786
1016
607
732
336
100
547
805
589
122
799
495
32
848
819
89
34
638
16
1000
704
54
152
758
6
556
476
171
485
78
814
934
873
757
412
178
957
660
919
707
993
166
869
624
98
560
720
747
189
290
810
295
445
703
840
525
477
147
114
261
508
925
493
313
831
722
337
162
305
268
488
175
615
256
370
224
87
504
454
319
