895
347
1111
791
587
561
63
815
79
43
521
605
349
1089
67
303
601
339
1039
879
817
607
291
379
637
845
1063
803
329
611
69
11
529
837
1035
541
779
1037
319
109
295
5
331
639
271
537
1059
31
279
269
619
1083
849
21
797
107
591
351
59
799
265
581
371
297
89
367
1057
1119
559
1139
1033
119
883
341
293
583
299
869
325
1093
881
123
257
787
531
1087
267
847
1117
101
65
13
851
873
363
795
75
819
835
1145
1113
555
533
313
115
775
889
1081
285
343
1099
1045
517
373
317
1137
83
323
1127
55
1073
1103
515
1131
289
327
1041
825
301
33
801
843
1115
793
1123
261
633
1149
81
853
1109
1095
93
1043
359
631
857
807
599
567
1071
27
311
91
589
309
545
111
565
597
125
287
861
623
1079
609
1029
1065
855
1067
821
833
1025
15
361
277
337
579
275
777
117
1085
789
805
571
839
573
283
375
1049
9
865
813
95
357
627
353
543
823
105
57
41
621
885
1147
1075
875
893
871
49
513
103
535
603
1105
369
1097
73
877
809
1061
557
127
811
1107
61
97
595
549
829
1027
539
617
773
355
1101
1077
53
563
365
121
99
1091
1135
51
1047
85
1129
1051
383
841
547
377
321
891
1141
37
87
527
259
29
629
577
1133
1
615
785
613
827
345
1121
71
769
635
1151
887
45
281
575
1069
273
859
783
523
585
1125
553
315
305
551
569
3
781
263
525
7
35
381
1053
47
333
863
307
1143
77
335
25
17
867
39
113
19
831
23
1055
625
593
771
519
1031
263
827
1151
783
583
117
813
103
1075
5
639
847
1133
25
771
1093
265
11
311
75
287
83
823
313
529
63
895
351
367
817
315
615
297
65
607
849
327
329
17
41
1029
581
299
323
101
1109
841
1113
67
21
383
631
541
545
621
517
69
523
619
97
769
845
23
1137
15
19
371
59
365
51
613
843
807
377
1083
343
597
1099
873
803
525
49
801
1081
1105
29
279
585
259
555
875
109
565
107
515
587
1043
1067
333
1051
111
563
869
291
257
1025
775
125
1095
551
1127
855
1077
571
1055
1145
9
1117
353
363
355
543
793
779
373
285
527
1037
99
537
533
857
881
1059
57
569
577
579
39
127
1129
1097
805
567
595
611
113
381
303
13
1123
43
1061
35
1121
893
95
627
271
879
799
557
833
815
37
31
635
1049
301
375
889
1045
1
283
513
573
121
53
73
797
339
887
891
1141
1115
1089
561
359
883
269
293
7
851
795
1053
1147
539
71
519
1087
839
781
3
27
55
331
379
1033
115
589
335
1091
777
871
1079
623
1139
267
1143
863
637
877
609
321
829
531
357
553
281
1063
33
629
275
1085
1101
325
773
79
273
1031
1107
309
345
81
1071
341
603
295
575
605
789
261
337
1039
885
1057
547
601
599
867
369
289
277
831
93
361
317
307
787
819
809
1119
1149
791
617
559
1035
1041
1111
1069
119
45
123
1103
91
85
349
549
47
1125
835
305
625
837
785
77
87
593
1027
105
825
853
319
861
61
633
1073
591
1131
347
1065
1135
1047
535
859
89
811
521
865
821
603
1111
365
517
1121
1105
315
341
9
1113
885
559
577
1133
1135
309
887
335
337
795
847
1097
39
319
839
789
1137
635
1101
353
379
357
301
817
815
329
97
629
1119
869
1027
361
877
637
77
339
587
269
1037
875
597
1053
565
1099
569
601
855
1043
639
1041
83
35
865
1115
325
527
1151
531
311
779
1141
583
585
65
769
837
1031
819
377
581
101
1039
105
91
851
615
829
1095
827
605
809
541
867
791
571
123
1045
551
1077
567
263
633
1125
281
599
1033
533
17
25
1063
1085
893
285
61
303
111
859
539
785
573
1051
41
99
1057
53
275
1075
291
343
1131
1129
613
555
857
11
81
891
811
283
63
1117
125
307
1103
1069
1049
879
1029
49
1149
113
323
617
631
375
381
793
265
359
349
15
821
801
561
1093
1091
611
575
3
883
525
579
799
267
73
363
271
873
327
121
781
623
7
849
843
383
305
549
27
1139
1079
75
333
543
119
1061
347
257
609
835
1109
523
627
13
37
1035
95
43
33
321
331
871
93
863
519
293
273
115
259
607
775
1083
299
521
825
127
563
103
261
777
797
1123
595
5
279
289
1087
625
813
51
619
621
515
87
367
529
287
1127
297
67
1067
807
895
1025
889
783
47
1071
593
861
109
853
21
803
345
313
117
277
841
1143
1059
369
23
831
553
537
1145
771
805
317
351
59
29
1065
1047
89
69
535
107
1073
85
79
1081
557
355
881
547
545
773
833
71
1107
371
31
45
591
19
1
295
845
1089
589
513
1147
1055
55
823
373
57
787
107
1119
543
527
781
1045
9
15
93
561
1127
581
551
825
1145
1101
597
1041
579
303
309
881
539
41
117
267
889
869
847
777
787
1107
1037
21
779
319
609
19
895
341
1117
37
519
1131
547
1083
1147
39
329
867
375
1111
515
831
599
111
569
1051
1093
113
1091
617
843
75
47
89
343
1029
257
821
1137
1075
25
813
1069
323
71
801
819
615
295
857
893
629
793
57
545
885
607
871
827
331
887
59
1031
877
1025
619
43
27
63
115
773
335
125
589
273
1065
523
1089
347
79
33
285
377
873
261
29
357
883
1081
381
31
809
13
1033
105
1063
875
1125
517
799
287
275
1077
1097
315
635
577
325
637
77
1043
639
1073
789
259
333
369
1067
855
305
837
513
863
849
771
593
307
1095
61
91
565
815
1135
81
533
109
1115
571
123
69
1055
797
1059
363
625
627
277
291
553
3
5
1087
1129
299
829
891
263
845
97
23
1113
35
321
297
531
583
359
833
555
371
353
535
769
839
557
859
791
383
775
1105
1053
73
587
51
879
567
1151
631
1049
279
345
573
1079
1035
367
537
807
1133
1149
49
1099
281
17
119
121
521
1047
803
795
85
95
283
1141
1123
45
1121
601
317
605
613
841
585
633
835
337
265
67
563
269
623
53
55
529
621
65
127
851
271
327
1103
611
293
1057
7
1085
99
1109
355
559
1039
541
313
11
1143
373
1027
1
805
1061
311
603
1139
861
853
549
823
1071
103
365
811
525
591
595
817
289
575
301
783
785
351
349
865
87
361
339
101
83
379
627
1139
1039
39
25
561
5
277
637
1111
125
75
1071
33
537
1147
97
81
791
609
833
1099
351
285
873
367
547
327
851
71
517
811
841
47
31
121
891
527
291
1145
771
639
319
339
623
1103
341
303
61
43
607
855
279
633
625
1079
525
1067
815
1137
589
1123
313
829
587
603
1125
325
615
867
9
377
65
1031
1049
777
21
37
785
1117
1085
787
301
113
803
347
1063
1037
369
295
99
1115
1047
1035
111
515
1045
1131
573
1097
821
849
883
87
1073
557
357
49
819
1105
857
563
1041
783
371
271
881
773
801
521
1107
1055
869
359
1025
617
889
335
629
375
877
585
23
555
59
19
1043
293
1095
117
583
353
809
333
281
569
329
273
381
1057
3
1093
1119
631
1061
103
571
337
845
543
599
579
825
863
361
769
11
595
817
283
1083
315
539
305
83
567
601
621
553
813
1059
261
109
1087
53
605
17
1129
51
379
1149
91
345
1151
15
613
299
27
847
795
859
7
619
895
1077
269
57
67
101
287
635
55
831
837
611
793
871
1029
1141
781
887
559
355
13
593
823
1121
893
259
513
797
875
107
1075
63
1101
1033
789
523
365
93
827
95
835
807
89
879
775
41
119
265
519
307
597
591
311
331
77
79
309
1113
853
321
69
123
1053
1069
535
373
349
1143
343
545
317
531
805
45
1027
779
1109
35
115
289
363
1091
1135
1
383
127
323
529
843
275
1089
565
551
257
1051
85
839
575
1081
29
267
1133
263
73
105
1127
799
577
297
885
549
1065
865
581
861
541
533
353
619
97
1145
1073
539
889
813
891
855
635
551
117
523
311
1119
105
777
257
547
375
315
771
521
885
567
45
1127
603
879
61
365
1085
1101
775
343
605
873
599
1063
123
845
637
1031
1107
1045
1057
1033
1143
529
73
1069
1039
79
111
795
297
865
41
833
561
581
1135
519
1115
633
323
857
109
261
379
573
1035
1149
823
1
853
811
337
839
629
639
305
571
1139
265
627
89
819
587
781
769
1141
825
363
341
81
381
359
1075
127
43
1079
49
1109
67
377
299
51
65
335
789
333
1137
607
107
859
345
783
1083
285
289
355
119
47
569
13
565
1103
281
103
597
809
3
367
31
115
263
835
1125
1123
287
95
579
541
1129
1121
39
5
313
1147
27
11
327
291
815
871
877
625
631
515
303
557
543
1065
83
87
293
101
23
1059
1099
821
57
577
37
55
1077
91
1067
319
517
851
1061
553
1055
317
279
1053
1025
301
93
69
617
307
779
773
611
545
613
325
361
1081
803
623
1131
589
799
559
843
575
1071
63
861
283
883
1089
817
563
271
827
849
535
1091
549
331
75
1093
533
895
277
351
805
99
273
349
259
1043
555
785
19
33
17
347
807
1095
1037
867
321
797
527
59
121
591
25
601
1113
621
875
113
53
369
525
1105
9
847
7
267
1097
609
29
1047
787
583
329
585
831
373
1029
71
1151
881
309
869
837
85
829
531
357
77
887
1049
295
125
1087
801
595
615
15
1027
275
513
21
339
793
593
1051
791
1111
841
35
371
1041
383
863
1133
893
537
269
1117
37
835
847
1043
333
1113
339
1099
1095
289
109
1091
1
781
771
113
611
381
271
299
313
519
775
515
599
557
263
23
1083
549
783
639
309
75
869
1087
265
575
1109
1039
589
1063
297
361
353
1067
277
633
1093
619
525
529
1141
833
33
807
283
45
1073
91
609
103
795
317
49
793
837
71
7
891
553
101
293
1027
5
1151
67
1139
9
99
517
595
377
125
831
1107
105
311
541
13
1097
279
365
1085
87
347
97
555
871
855
1105
821
535
373
1125
355
1147
617
895
117
15
35
1081
1119
845
369
1053
893
1145
799
77
1131
577
47
539
797
573
305
791
789
1111
563
551
621
291
843
571
1077
875
527
777
321
25
607
261
1129
853
581
591
805
877
863
779
315
363
81
1051
1117
1035
637
803
889
51
827
605
19
841
1065
1045
585
1127
1103
119
85
1033
787
839
295
329
1025
1069
579
1149
273
29
1049
531
27
69
885
773
601
1143
79
327
593
1055
1115
597
569
547
823
1137
65
55
95
1029
851
59
351
383
1101
307
583
635
269
815
93
127
627
543
811
1047
1059
57
1071
513
11
331
89
769
275
325
825
61
259
1121
43
567
613
379
357
883
41
343
17
257
1075
335
801
561
1037
615
267
857
83
359
3
53
281
587
849
873
31
859
341
623
565
813
1133
1123
523
867
625
603
829
861
371
63
121
375
1041
285
521
809
123
1079
559
73
21
1057
887
349
367
287
785
337
301
631
1061
533
1089
39
879
107
323
111
629
1031
881
865
115
303
545
819
1135
817
537
319
345
895
1085
777
81
25
573
1025
123
271
7
611
369
31
257
785
15
789
597
285
101
125
873
859
63
119
633
1109
1053
865
1063
303
637
877
833
847
1123
109
327
297
1097
561
53
357
549
127
869
1115
817
577
1127
533
545
95
335
69
1065
273
1101
1151
321
871
851
609
1041
881
1121
1061
1081
569
97
277
1125
603
513
857
17
783
337
1135
261
835
117
315
625
13
377
1
67
1113
59
267
525
1039
1087
887
537
293
519
1035
105
861
631
1069
361
1051
791
73
1129
1031
575
1093
309
21
601
281
607
867
343
375
771
5
1107
529
1057
1079
295
65
1147
1071
103
29
775
823
825
811
259
33
351
527
51
585
367
333
571
301
1103
319
1137
819
815
339
837
579
1045
263
1119
831
359
77
885
289
539
9
307
781
381
555
829
1133
115
587
341
317
809
593
779
821
1141
331
49
1111
383
517
3
581
85
363
1059
797
1091
855
269
323
353
83
1143
879
521
773
121
71
839
1089
355
1083
1073
803
883
1047
55
89
515
23
19
805
1033
1139
813
283
543
557
621
615
547
1117
875
841
523
35
305
27
801
639
349
107
287
1099
79
1043
1149
827
563
311
1077
635
345
799
531
567
113
793
541
379
99
1055
583
111
1029
47
87
599
863
1075
891
605
1067
11
565
279
889
1105
275
313
61
787
617
1145
57
45
91
1027
265
347
627
553
43
591
329
595
535
93
623
629
37
373
589
371
1037
845
325
893
807
619
291
365
551
1131
849
613
75
299
1049
853
795
559
41
39
1095
843
769
57
1087
267
119
313
771
855
829
343
123
581
1
1085
1079
309
363
283
801
383
787
1109
863
381
101
551
37
831
623
1031
35
1045
1121
839
1049
1149
349
265
1069
845
859
527
619
1061
521
1133
335
1089
817
5
519
321
69
517
29
287
1035
1065
893
531
305
583
327
809
539
779
103
1075
33
773
117
811
311
113
79
127
291
281
803
25
775
1093
565
1029
289
379
369
89
1063
1059
67
359
561
795
17
869
1117
879
1051
515
877
857
1067
1123
19
329
1143
83
1101
611
881
81
781
63
77
609
261
367
1027
1145
597
841
13
337
365
789
125
1111
339
1037
827
821
599
1103
785
107
1105
547
53
769
1139
601
573
1033
835
557
373
589
621
575
639
361
1025
823
525
605
1057
49
637
1131
791
867
807
323
23
1041
777
535
871
1097
279
543
1095
295
513
615
843
259
293
537
333
115
65
799
11
1099
325
61
545
319
341
345
273
805
833
1115
553
99
269
577
1055
91
563
355
1081
815
861
853
849
7
277
559
1127
271
631
109
625
71
883
1083
315
595
865
603
73
1129
633
529
263
627
1077
873
825
523
331
819
357
549
3
285
351
27
43
783
617
87
257
45
887
93
121
39
813
111
541
21
1053
51
301
297
9
377
1113
75
1147
569
567
533
375
591
875
371
41
15
797
793
1071
1141
579
95
895
635
885
555
1091
105
299
891
889
1137
1125
613
1119
97
847
317
851
275
1043
629
1039
31
837
85
593
307
347
585
55
587
1135
1151
607
571
47
303
353
1073
59
1107
1047
1049
877
845
337
1091
327
579
595
517
349
65
835
73
547
813
559
375
263
1111
799
85
613
585
567
549
1101
519
299
41
365
611
827
1129
355
305
1079
61
523
123
553
601
1149
1039
587
291
359
265
539
853
7
5
875
13
1151
77
555
271
565
25
59
113
1135
315
49
1093
573
1083
43
773
785
1137
1081
1047
823
267
633
273
621
529
269
639
369
357
379
125
21
1045
1073
275
1043
31
805
543
309
819
117
97
281
373
615
285
1113
791
23
371
1057
597
551
93
605
29
793
525
807
1069
1099
871
1
279
513
101
111
1031
295
289
297
99
1041
809
557
1119
1097
37
833
89
91
35
1105
283
863
569
381
849
541
53
803
127
67
627
27
341
607
637
583
1053
303
571
599
63
1095
329
797
843
9
617
535
1071
527
377
57
779
1027
257
363
321
531
55
881
883
119
1109
95
325
69
619
879
1133
1123
361
783
867
353
603
335
47
609
631
1055
1147
869
1143
1037
39
79
1141
577
545
11
839
893
81
831
311
593
293
1121
825
1085
103
769
15
71
563
821
343
313
105
319
1065
1107
885
865
873
1139
261
561
75
515
339
1075
45
1087
1067
815
851
333
777
345
861
287
1103
83
859
1077
801
351
533
19
811
771
347
331
635
855
259
625
1125
1089
795
51
17
1025
841
3
87
837
787
789
591
301
323
575
817
1131
1051
775
581
891
307
857
1029
623
847
121
115
895
521
887
1035
1117
33
537
1033
889
109
383
277
1127
317
1063
1115
829
1145
781
629
1061
367
107
1059
589
1107
5
873
1127
25
33
1029
113
89
557
121
1033
1087
361
541
809
599
819
1091
611
769
607
831
793
115
1049
1061
275
1055
835
27
537
79
799
299
97
1145
861
349
309
875
1129
791
263
803
119
583
289
863
1105
297
35
1051
625
635
343
305
77
1037
591
345
519
1135
1083
339
887
821
1117
549
775
1113
773
1109
827
1121
1035
577
371
849
65
23
81
575
1047
359
273
31
73
19
1045
515
1027
125
29
569
855
75
285
291
837
1097
269
555
817
527
1123
1111
1067
785
83
107
777
525
581
365
513
1141
117
1075
845
771
57
383
1131
317
287
1077
301
865
1081
1079
1059
815
353
101
37
259
1119
1039
787
45
53
337
627
319
595
1
1085
631
605
325
307
781
841
563
889
609
277
893
13
327
843
85
381
295
293
539
61
315
601
1089
1031
1063
573
331
1149
823
7
597
1073
535
615
547
825
69
341
59
3
355
271
895
1151
621
807
257
1043
109
603
351
619
851
587
839
801
829
71
379
11
869
1025
545
367
335
67
871
41
867
617
637
529
805
795
565
1071
91
551
43
531
1053
553
357
881
1115
543
1147
633
877
281
313
39
1041
847
561
333
9
1069
123
517
859
891
567
377
21
811
533
783
261
857
127
279
15
593
303
1065
267
375
363
1133
879
629
559
613
63
1095
347
111
311
105
95
1093
103
321
579
369
1125
55
323
93
329
571
639
1057
47
885
853
779
523
797
51
1137
833
883
585
283
789
623
1101
99
521
17
1139
1099
265
589
1143
813
1103
49
87
373
95
265
573
807
823
1151
893
119
1121
589
309
127
849
555
361
513
257
113
1075
1147
111
115
39
329
525
603
63
117
859
81
799
355
545
563
611
35
1115
877
1127
839
41
15
777
1051
1057
523
1117
99
285
381
379
557
515
67
103
825
303
805
1139
1091
1061
543
283
1039
1101
1145
623
851
351
71
327
863
547
617
857
881
1059
609
1071
259
275
305
613
869
11
1105
875
1087
579
65
375
633
383
311
593
791
1095
1135
13
57
1053
335
21
819
273
51
827
887
895
883
315
533
101
339
577
47
535
561
1065
363
91
853
793
1131
109
1081
5
343
811
45
813
797
601
291
323
567
891
635
373
307
803
25
279
559
815
625
539
263
581
55
779
267
377
1055
821
619
529
97
775
1129
73
531
1111
369
281
517
817
1041
871
17
357
1069
1149
879
27
1083
549
69
587
571
1029
61
337
317
1077
1
831
105
629
1033
353
1047
599
847
87
53
867
319
789
627
331
583
3
43
347
7
1043
855
575
809
569
841
107
607
551
631
1063
527
783
301
1073
333
597
31
325
345
833
845
365
873
1123
75
123
781
829
541
125
843
787
1037
79
521
1133
1107
771
23
1067
1025
591
49
637
585
835
1099
341
565
1109
1125
19
595
269
1137
293
277
59
1089
795
299
359
1097
837
1119
367
1141
801
519
1045
271
785
261
1093
9
297
37
93
321
615
287
537
621
1113
1143
1085
639
1027
1031
83
553
889
295
77
89
349
33
885
121
85
1103
313
861
865
29
1035
773
289
1079
371
769
605
1049
123
579
1107
127
639
789
603
1041
1037
853
23
35
1113
1123
621
97
523
607
275
311
781
611
347
323
39
817
1133
45
273
1131
1129
55
831
5
533
859
1075
541
633
1071
805
287
561
869
383
25
379
1073
605
119
597
307
593
91
821
113
571
517
589
875
543
889
1109
865
575
787
539
105
577
53
623
1089
67
267
819
833
1053
839
69
1067
381
3
841
65
259
1097
1031
583
1117
305
835
1057
285
295
1061
581
333
1077
1141
553
873
281
1087
355
1065
341
337
89
1125
1027
1105
1093
619
263
271
291
37
29
1139
591
31
529
587
349
47
315
353
93
1127
321
49
1047
531
125
81
369
809
773
513
615
777
111
57
551
19
891
373
103
1111
329
769
1081
289
825
1091
43
867
887
15
1063
363
265
1069
627
1115
1143
779
95
861
519
893
303
557
83
793
331
299
535
1101
855
1051
585
297
33
1035
61
301
521
277
327
549
1049
797
357
775
811
555
525
845
813
795
51
79
559
803
613
829
545
785
827
563
843
815
599
565
883
1043
9
885
41
261
1119
257
109
1039
73
847
625
77
879
807
1103
107
851
59
1
547
309
799
637
631
367
27
365
283
335
871
601
791
1033
1055
325
361
1145
115
343
377
1151
1147
313
783
617
345
609
71
1079
1025
881
895
569
317
595
849
527
1099
371
7
359
1095
1149
1083
99
629
537
1029
1045
75
1121
339
801
117
21
101
1135
63
269
17
837
857
1059
823
771
567
863
279
121
375
573
87
11
351
515
1137
319
635
293
877
1085
13
85
875
1133
817
833
877
611
1063
295
849
1031
635
839
335
795
291
857
873
1065
43
531
9
97
617
603
117
1113
5
517
609
13
623
1035
287
1135
95
103
343
613
551
1097
313
11
323
601
115
557
341
319
345
775
369
299
869
895
835
549
629
769
1047
1101
37
773
1121
275
841
881
71
533
1049
605
879
347
793
39
333
1115
1
1123
853
379
271
827
529
593
35
1139
1109
1129
289
625
65
357
91
1105
383
1051
3
779
113
265
1045
123
855
889
315
1037
351
1077
1119
1127
787
1137
307
363
851
17
843
1075
377
7
53
527
575
87
627
515
57
127
535
21
555
871
543
33
367
1083
1055
1067
591
361
821
801
885
523
125
1091
1057
1087
1053
67
589
277
777
539
785
633
1061
51
1093
1089
789
339
805
567
1039
1103
809
283
89
77
375
93
883
261
783
373
573
47
267
607
1151
819
1071
825
107
297
829
59
1147
1043
79
1149
621
569
893
301
1107
19
891
887
525
29
353
771
799
565
615
105
285
847
1059
101
561
119
303
559
1117
257
823
99
541
111
521
365
619
1131
553
327
585
637
31
815
1141
1095
121
1143
813
281
797
863
359
587
1099
631
583
25
305
55
73
861
867
547
325
329
837
1027
1081
791
311
321
85
49
865
273
69
859
337
545
63
293
81
1145
355
109
831
381
279
75
537
1079
45
639
595
1085
27
61
1025
581
15
845
317
1029
269
563
1073
803
807
309
811
331
513
41
597
781
259
599
23
1111
1125
263
1033
519
1041
349
371
1069
571
577
83
579
1041
257
103
1101
31
7
599
1085
329
1107
67
779
623
69
313
57
827
1029
551
867
271
589
1127
363
285
823
635
325
293
557
297
591
537
17
773
49
265
55
125
267
1081
301
803
875
1045
97
607
91
1065
25
819
517
545
577
259
619
283
625
349
805
1053
1093
29
547
893
279
359
1027
375
105
299
1077
323
617
553
89
811
347
95
111
883
13
99
781
275
59
613
101
119
1087
565
269
885
1089
1141
1057
303
357
73
71
1055
815
541
361
305
51
837
1031
813
535
85
367
1131
521
1071
1073
317
43
273
783
319
789
881
291
315
1151
47
371
5
381
3
795
1125
575
579
529
1097
1111
863
833
1037
817
847
63
595
37
1145
1149
605
573
581
1095
563
261
1113
117
351
851
345
65
519
1047
1117
895
615
1043
9
1083
83
1109
1147
539
549
23
1105
123
597
53
859
127
295
289
873
855
343
771
1049
629
593
601
887
631
513
383
841
1061
1139
39
121
45
33
1035
835
559
35
339
843
1059
263
113
587
807
853
785
603
277
365
555
797
1051
571
79
1067
281
93
1115
107
61
1063
889
1075
353
791
585
857
41
879
871
1033
1119
15
821
1143
531
77
609
1133
839
567
21
337
515
1069
19
809
829
861
1103
311
611
377
1123
327
333
1135
1137
621
1099
877
777
845
831
543
379
583
891
769
801
637
849
81
87
369
309
561
825
373
639
527
799
533
865
1039
1
287
787
307
27
1129
525
1121
1091
1079
633
569
331
335
11
775
793
115
321
627
1025
523
109
75
355
341
869
623
815
341
295
893
345
561
27
585
337
81
67
611
563
543
1083
539
581
821
273
119
861
791
95
375
1047
1115
859
259
1081
335
1103
1061
1109
381
775
1033
125
69
811
625
269
823
281
801
1131
91
1091
33
551
1073
597
1105
55
835
817
527
349
1117
591
343
541
557
1065
595
627
605
13
577
531
1149
613
3
261
831
23
1051
1125
1041
1145
889
779
547
113
863
853
635
851
839
307
71
867
849
1113
891
1121
637
359
787
1143
283
1129
1027
633
819
837
101
37
65
845
829
555
1043
383
895
297
93
1093
7
257
1057
609
1067
327
631
1111
321
43
885
1151
537
809
1049
117
587
533
1099
1119
773
549
35
357
639
5
1141
865
99
1137
97
1087
77
833
377
313
797
799
827
371
1089
287
373
807
1053
1085
105
127
781
785
1075
1059
857
17
85
565
299
517
1045
289
271
1133
317
621
29
39
339
1035
847
619
881
589
379
1029
571
569
887
771
599
45
523
875
545
573
1069
603
109
769
515
57
275
855
869
361
63
519
1039
305
9
843
1123
1079
107
329
825
793
315
59
1025
1097
879
301
529
15
877
1071
19
115
353
883
873
285
1031
1135
267
535
347
559
593
513
783
1055
583
51
355
777
525
61
277
629
41
49
841
111
73
369
1
363
83
789
617
1037
121
365
805
89
291
1095
21
323
553
579
31
325
367
795
75
333
615
1101
311
1063
265
279
331
607
103
575
813
567
25
601
11
1107
871
309
351
53
521
1127
1147
803
47
303
123
87
293
79
319
263
1077
1139
1081
541
61
339
365
827
299
1093
295
811
867
559
1105
543
77
113
627
787
305
1
119
57
51
109
523
87
1055
103
785
875
819
307
361
865
859
7
771
279
91
1075
1115
603
375
887
845
19
59
1039
515
1049
769
879
311
263
49
309
1079
833
21
825
257
557
613
39
1117
329
1103
1133
337
23
1073
37
297
815
529
635
1139
33
779
281
1053
1107
791
893
621
363
325
783
869
317
377
41
531
813
1069
519
553
601
821
1047
881
319
333
273
781
9
93
293
855
1137
625
115
29
71
1063
883
803
535
303
277
1113
835
841
17
871
595
1151
527
1077
585
381
545
1129
521
67
65
533
81
851
611
623
1131
1111
861
79
1043
577
105
25
95
343
323
571
45
13
15
73
789
891
633
1029
839
27
1037
1097
773
797
379
1125
607
47
629
775
321
289
1149
843
831
1141
89
347
85
1083
619
5
127
817
551
111
1033
123
53
35
1135
99
1087
1085
863
345
265
539
615
1089
1095
283
335
1119
1099
1059
367
777
537
75
1123
117
799
795
857
561
353
371
1051
837
373
349
853
873
587
359
259
315
563
567
1147
547
1035
525
101
1109
1143
639
1067
43
847
121
591
1065
1121
549
267
849
605
517
383
597
809
63
579
1091
327
83
355
301
823
313
271
97
631
889
11
555
1057
1101
637
807
581
125
261
565
107
895
877
31
1041
69
1031
805
1071
617
593
583
331
285
275
1027
589
1061
341
569
287
291
269
369
573
609
3
1145
885
801
575
55
351
599
513
357
793
1127
1025
1045
829
795
43
67
311
1045
1115
97
75
875
53
1133
49
11
533
19
611
23
873
113
3
523
351
99
1089
617
261
801
257
835
375
359
893
783
275
867
37
573
543
583
355
93
555
111
331
1071
809
833
307
817
1083
343
1057
45
779
857
5
1069
1035
1141
1039
521
563
87
123
797
619
895
1117
349
597
1085
85
847
1031
799
47
295
379
827
519
27
1073
601
341
537
59
773
1129
1051
1107
1061
259
1081
63
877
309
845
25
383
373
843
1047
339
273
1147
345
7
567
363
807
579
593
265
1037
337
1033
589
13
569
621
89
71
277
73
839
571
831
279
885
819
545
841
271
1043
853
559
303
565
321
357
305
319
525
623
95
541
1067
869
595
849
293
57
269
281
1
353
581
1091
55
575
33
513
327
289
881
587
823
787
1025
603
1059
635
1151
1137
41
605
775
1055
889
1029
301
539
1135
531
323
79
561
299
69
365
1097
585
1109
535
329
61
325
865
31
315
1111
1149
119
297
109
629
1123
615
377
1075
15
557
335
267
369
367
871
1131
811
769
1079
815
1105
821
51
1125
77
285
1087
551
1103
371
527
101
1063
91
361
515
793
121
263
1065
803
35
837
117
1101
861
633
791
625
517
333
547
81
1099
599
115
1053
781
21
83
125
283
103
1077
1127
1113
639
577
1121
805
17
813
1027
347
1041
1049
287
637
291
863
591
829
1139
607
883
9
785
39
887
317
891
381
1095
105
107
29
627
549
65
859
777
1143
879
313
609
855
631
553
771
789
127
1145
529
825
613
1093
851
1119
37
333
303
595
525
1071
1039
617
859
49
1025
829
7
301
265
867
363
1043
623
799
1093
53
865
847
779
613
353
593
621
1111
261
63
567
1107
835
373
549
1073
283
583
795
379
1147
341
73
345
607
601
335
1099
87
615
281
611
791
331
1143
585
45
635
861
1095
591
605
57
841
1113
41
125
321
811
619
839
43
1137
883
291
579
1091
813
519
21
873
817
1101
65
1129
513
13
885
529
893
359
67
99
111
553
257
581
319
1079
357
821
1051
315
309
1
1131
3
103
5
783
273
1119
285
625
515
789
587
1145
35
355
557
269
797
1117
573
1141
871
831
827
577
69
527
81
517
349
849
367
323
879
803
535
19
279
773
833
629
109
881
1063
75
71
785
377
777
275
855
295
123
633
89
55
307
115
1103
267
383
555
1105
351
51
815
1061
381
347
15
571
47
1109
843
1027
845
33
627
1045
117
325
547
299
79
1075
807
259
809
93
105
59
1135
869
1127
95
39
895
851
781
787
575
541
589
263
1053
29
289
107
119
1083
1057
317
1047
313
277
83
369
771
569
121
339
1133
77
521
85
609
599
877
375
537
11
27
101
127
857
1031
539
1035
1067
1029
1097
775
603
23
1085
523
639
1115
329
1049
559
31
533
97
1089
1149
25
597
1081
637
545
891
1059
305
17
1151
561
563
769
825
61
1121
1041
287
1069
297
1077
311
565
1065
887
551
1055
1033
1087
863
875
365
337
9
889
801
327
531
113
819
91
1037
271
361
823
371
1139
343
543
1125
837
293
1123
805
793
853
631
1065
1091
569
529
49
593
829
309
127
35
811
339
627
1115
819
837
273
1049
77
113
1123
95
1055
45
793
261
769
869
541
323
583
519
107
1093
311
265
823
1073
295
305
613
81
831
63
559
587
1107
361
787
1111
355
101
1145
73
781
1063
839
327
1103
375
1127
571
637
287
47
1025
893
31
1087
23
65
639
1147
535
543
37
515
285
841
1119
319
629
1089
855
279
635
539
87
1135
863
861
1105
1027
1039
357
1029
1059
1097
3
619
69
335
557
1071
883
617
807
119
259
871
895
621
1137
347
537
1077
553
363
607
521
551
381
601
879
1031
89
633
881
383
275
55
125
99
779
851
123
885
299
337
283
27
1143
369
605
795
1033
545
11
611
525
565
61
359
567
353
93
1139
547
1141
1131
13
271
827
341
1047
105
625
43
803
1133
773
315
267
809
805
1
1109
589
17
351
591
771
847
349
85
365
833
1095
859
777
307
1151
25
575
527
597
29
329
1083
377
321
1075
115
1101
775
317
1149
325
301
97
513
293
121
599
333
7
1053
371
33
865
581
857
277
561
603
1125
79
843
835
1043
345
631
75
799
813
797
71
533
291
5
1121
889
373
783
19
41
531
379
887
845
103
1099
573
15
577
59
585
873
367
867
801
789
67
53
815
297
1037
817
579
549
289
1117
1069
825
263
1113
615
1045
111
623
849
1067
1081
791
117
1085
281
109
303
313
257
821
39
269
21
563
1079
91
1035
595
9
1061
555
1041
875
1051
51
331
1057
517
785
853
83
523
609
343
57
891
877
1129
795
269
15
301
1049
551
111
861
1123
891
515
113
631
51
313
377
809
1041
833
581
869
549
117
1109
285
293
309
1141
539
73
547
335
21
1095
1081
57
29
1073
93
573
1125
1067
811
599
887
371
1039
365
825
803
1133
61
871
275
771
1051
349
1137
331
49
53
75
25
625
1121
1107
1037
881
847
823
67
107
769
1071
545
563
373
287
1099
101
277
325
627
623
639
17
521
565
105
81
47
323
629
1029
267
879
363
271
583
527
781
367
1127
1151
589
79
27
125
569
817
41
553
1025
831
1065
369
1091
347
357
797
1093
1047
333
603
619
845
859
877
813
1103
1143
895
885
523
305
579
773
807
379
835
613
31
799
775
115
1083
617
533
575
1105
1063
1077
815
837
1115
23
127
261
529
97
13
591
875
359
317
1053
3
265
297
571
45
605
99
1147
319
839
793
889
787
1027
893
19
633
585
517
375
5
555
1085
785
1069
805
543
345
519
1045
863
65
561
77
281
95
821
85
1043
1119
559
9
593
121
291
1
801
855
315
283
857
567
829
867
123
295
1097
361
273
1033
537
851
87
307
597
89
263
621
381
1139
33
1079
303
341
865
1129
321
587
103
595
873
39
311
355
327
1057
827
35
1075
513
1131
289
531
1111
1035
1055
71
637
791
83
343
1061
1135
69
1113
339
525
1145
611
615
841
535
59
789
557
11
1117
1087
63
819
783
1101
109
279
383
43
351
353
601
1089
1031
257
55
779
37
91
1059
337
853
259
635
883
1149
299
609
329
777
119
541
7
607
849
577
843
89
601
597
879
81
19
825
63
885
849
1051
119
783
801
301
809
857
305
49
127
621
867
1033
547
29
359
53
607
79
1137
1083
377
1139
115
1109
811
91
47
769
293
1027
325
847
1041
557
833
317
13
895
883
85
331
559
521
15
891
549
313
39
371
375
263
595
1107
33
577
1117
579
1133
593
791
541
269
95
1091
813
635
529
829
307
1047
881
1065
103
267
823
589
531
1063
575
887
539
35
289
537
323
283
273
1141
1111
805
803
587
265
1147
519
821
1119
43
1121
1101
61
1131
1059
67
1105
843
515
1095
99
309
349
837
869
1035
619
333
57
609
615
1089
11
561
799
1043
311
357
93
117
83
581
59
781
1149
27
865
335
45
1145
1085
1031
75
1061
101
807
875
1125
543
555
551
1029
599
107
873
31
617
573
835
1071
1093
553
21
1081
381
605
603
1127
545
583
627
863
613
105
367
569
291
1069
1077
535
1049
631
855
785
527
121
779
363
629
633
591
279
345
819
285
525
287
379
567
1115
321
69
299
1025
111
261
1151
73
795
1053
125
563
1057
271
639
373
343
65
123
793
7
337
523
871
365
775
319
1097
625
1067
1099
1075
71
611
383
41
623
257
565
3
787
815
517
839
1039
353
1129
1079
637
9
1045
295
533
1037
87
77
17
771
789
1135
23
329
5
1055
877
347
113
861
1087
1143
51
277
817
827
297
339
281
859
55
513
889
1123
351
259
851
361
355
777
845
841
585
853
303
315
1
25
327
97
1113
1103
797
341
275
571
37
109
773
831
893
1073
369
353
1035
17
275
1101
337
299
115
343
37
569
61
635
551
567
771
1117
783
87
1151
1049
609
33
781
829
565
531
59
303
1139
1143
515
793
851
517
107
345
521
1067
47
1057
259
823
637
805
305
769
127
1065
607
801
1073
879
1047
533
1087
827
1045
325
563
549
523
267
273
49
773
71
327
309
803
1141
811
315
871
831
839
619
815
841
369
513
13
43
1055
109
347
105
355
847
629
93
1033
119
5
875
57
45
1053
63
375
75
15
19
261
1043
285
845
599
621
541
605
791
279
41
101
857
855
339
869
527
1037
1071
21
111
539
367
333
263
1147
1119
1063
271
525
1083
627
547
3
73
889
577
797
83
1121
555
587
1051
1107
817
615
1149
257
529
837
625
125
885
593
1095
1059
573
97
585
795
639
1081
589
321
559
787
591
35
833
613
123
861
295
373
103
371
1109
69
631
821
291
283
867
557
25
7
357
1129
319
887
1131
363
873
67
825
1113
9
1125
535
1
863
381
23
341
893
269
65
329
1105
1123
853
813
835
571
1093
91
113
117
1031
581
1025
1027
601
383
545
307
1061
317
623
1079
95
311
331
1029
519
85
1041
55
53
281
611
809
1137
27
79
11
1135
777
895
537
789
1115
617
881
39
1111
277
1077
633
297
293
287
1091
1103
859
51
77
1145
865
379
301
603
597
121
349
1085
81
313
775
579
99
1075
377
1133
29
1127
1097
843
289
31
561
1039
849
543
1069
351
799
883
265
1089
575
779
819
583
553
365
807
89
595
323
891
877
335
785
361
1099
359
105
875
313
1127
573
355
25
865
1149
81
1045
1129
577
1055
559
305
891
317
549
779
541
631
73
887
879
1033
883
371
533
867
123
75
101
1047
819
1089
1031
103
111
1117
69
623
777
27
885
53
835
599
1035
627
863
881
1073
35
11
257
23
805
791
1049
33
307
47
259
603
1041
531
625
327
79
279
877
1029
265
1067
63
351
353
523
67
1085
889
343
849
545
589
801
561
315
853
845
107
1095
825
97
1025
117
281
567
377
557
49
619
295
1125
1091
517
261
1
537
637
293
1119
109
519
349
1115
1105
521
781
1083
363
793
39
45
861
263
71
329
597
575
271
1063
57
51
595
373
799
539
1087
515
91
19
43
775
337
341
1061
301
633
617
1139
813
529
331
855
1103
9
299
77
797
1111
323
601
1053
7
1141
783
513
833
361
553
571
289
1151
311
325
587
635
297
1109
291
13
851
871
551
1107
1065
803
1075
381
873
1079
65
1077
1099
1143
365
303
613
335
527
555
267
121
37
831
843
823
639
583
375
593
1069
609
321
113
369
809
607
125
15
1113
1097
345
847
611
569
857
859
893
85
591
605
21
285
283
1135
1043
585
579
1093
119
319
31
275
565
1037
359
273
59
629
1121
839
61
789
811
333
1101
817
1131
543
339
95
1027
29
827
17
1057
769
127
535
615
1123
5
1147
547
841
795
379
785
3
1051
807
309
563
869
383
787
41
821
1133
895
773
829
1059
89
99
269
115
287
621
815
1039
1137
347
525
1145
55
581
1071
87
357
837
1081
93
771
367
83
277
523
97
1139
517
1045
109
837
769
529
541
855
595
313
555
889
53
607
791
353
513
95
873
775
337
1083
609
1059
93
361
69
319
365
867
1053
287
567
1029
627
533
351
577
865
579
887
773
1079
781
885
803
635
77
289
601
779
805
1119
107
1091
117
115
1031
611
877
31
75
1121
849
1097
565
377
7
817
51
27
1095
5
1111
367
1039
295
623
875
551
309
17
349
307
615
55
297
87
33
383
619
793
853
1123
845
879
1075
1063
261
557
357
379
79
19
1143
597
257
829
603
633
281
527
269
305
863
335
833
101
1127
303
275
23
851
1037
273
1131
1135
515
15
11
71
1099
1107
127
1105
341
369
1061
85
103
277
585
57
83
825
545
841
543
259
631
49
575
639
59
113
321
333
347
599
783
25
569
561
637
39
317
1149
37
1049
883
125
327
29
35
871
123
813
563
9
827
1133
535
345
589
521
263
271
105
67
363
861
801
823
525
519
65
815
1041
1129
857
1087
613
81
1043
283
843
1073
573
3
811
111
1137
1151
625
789
1027
359
315
1115
539
91
1071
119
1025
371
1145
777
267
323
1069
559
43
1077
787
279
121
807
617
1125
13
587
591
343
1081
621
547
1109
839
1101
821
301
47
1141
375
1047
819
859
299
1103
339
1065
355
285
891
797
537
1113
373
571
553
605
799
1035
1089
1
45
1033
881
89
1051
771
41
99
847
63
1057
895
21
329
795
629
73
809
1055
1067
785
291
1147
325
381
835
1085
583
893
593
1117
293
531
61
869
581
1093
331
265
311
831
549
783
1085
261
293
1125
271
847
865
1087
553
1061
327
521
297
613
857
381
31
7
123
309
343
111
575
97
305
337
1097
617
843
637
41
47
863
275
519
1077
561
29
107
101
601
125
341
837
63
43
51
835
87
289
565
1109
819
795
9
579
57
555
117
891
1039
301
895
1091
127
307
527
585
849
781
1035
351
845
45
567
851
823
27
1041
285
259
1121
291
615
69
263
885
773
1111
1103
543
821
325
1029
583
1053
1073
523
15
625
779
563
817
19
599
1055
1027
1099
1127
867
103
855
1093
1037
1101
1141
349
339
559
333
621
365
295
539
811
869
871
95
635
1135
1045
607
1069
537
541
1095
39
545
1079
1143
65
1089
1133
549
873
875
331
1107
515
525
375
551
881
377
89
99
11
55
1049
879
1067
23
877
887
529
893
75
257
283
889
3
623
1033
1129
1071
629
119
803
61
1119
53
793
775
1115
371
815
71
1083
91
787
771
277
1149
13
569
1145
17
83
839
859
801
1137
1047
367
1117
631
25
1031
605
531
67
77
105
1025
345
313
373
355
513
799
593
809
329
273
1147
1057
791
311
35
59
1081
1139
1075
379
883
1151
287
109
789
841
807
93
323
37
279
319
603
1065
589
113
861
265
369
619
769
1113
281
517
533
797
1043
1063
21
49
299
335
303
633
1059
597
115
639
1123
805
833
595
33
827
267
357
535
557
81
383
577
353
317
785
853
347
1105
315
573
591
1131
361
1051
825
73
587
609
359
611
831
547
5
627
1
571
79
85
829
777
581
269
121
363
813
321
25
625
1059
37
79
349
895
1033
1083
1065
331
111
1097
359
525
1123
527
321
817
341
1135
867
1143
1051
99
1085
1071
597
279
1099
319
377
1101
1137
617
53
633
287
335
799
81
881
109
1105
841
577
803
13
257
17
793
19
93
573
85
333
515
383
265
851
843
1149
887
115
883
375
1067
273
579
301
623
615
813
635
807
347
619
605
69
567
67
1079
519
603
303
1115
261
65
61
1057
73
555
1147
771
523
277
357
1041
521
583
541
1075
621
325
75
45
609
365
531
297
859
581
781
1055
575
337
533
83
1089
847
295
369
613
95
1031
101
51
863
309
627
587
839
795
811
607
351
121
869
611
267
103
1027
47
33
529
805
775
565
591
889
787
293
783
371
797
5
1107
589
49
23
35
815
7
825
1119
885
1117
831
835
117
373
305
819
1091
1025
329
1039
43
785
353
547
1043
849
113
1113
379
845
381
877
599
535
271
809
307
875
263
539
89
879
861
55
275
281
631
123
893
537
557
291
773
9
827
1131
57
77
857
119
561
289
259
569
871
105
545
15
855
1109
1061
1081
317
1133
355
639
823
791
97
1093
789
769
543
517
779
1
1037
59
39
1145
269
41
87
71
367
21
601
801
1053
637
891
1029
1103
63
595
125
593
1139
315
363
323
1151
91
513
285
299
1047
1063
1141
821
127
777
837
1087
553
829
311
1049
11
31
29
339
1077
549
361
1121
1045
629
559
327
1127
833
585
3
343
107
853
345
1129
873
283
1069
313
27
551
1073
1095
1125
1035
865
1111
571
563
111
329
527
127
1061
43
877
351
851
1137
1097
367
353
777
1145
1143
89
51
335
621
45
343
797
23
41
871
881
879
561
887
557
795
1107
309
611
773
257
619
587
269
855
79
635
857
523
525
869
3
307
285
595
1053
333
261
515
833
321
623
1111
1125
809
49
283
103
311
363
295
579
775
259
633
513
639
317
1123
63
55
1099
1151
821
281
313
107
123
1117
1133
607
553
601
883
825
841
781
1085
1049
1077
27
599
823
593
1039
787
845
53
861
57
81
1045
1139
115
535
263
273
1065
837
265
331
1089
581
297
521
1073
91
99
1105
811
1033
65
19
807
347
5
109
85
371
277
339
1101
1069
1029
383
1121
637
1037
293
617
47
537
355
325
69
17
33
569
1035
627
73
629
1059
571
585
373
793
785
77
573
113
341
361
7
267
9
59
25
839
577
1147
93
769
889
323
121
345
39
1113
815
319
567
1071
349
545
31
817
583
565
365
117
539
275
1149
859
865
1027
799
1141
541
847
1
575
779
1127
359
271
801
843
369
1075
625
315
83
37
97
875
13
299
783
377
95
279
381
1131
11
1083
1063
1091
605
835
529
829
1115
1093
357
615
531
791
589
849
591
771
1103
1067
1081
1031
613
597
303
603
885
559
1041
1087
1129
1057
35
327
1043
813
105
563
609
519
125
301
337
895
101
1025
15
375
533
1109
867
827
631
789
891
291
517
87
547
549
1051
119
873
21
29
555
1079
1055
1047
819
379
805
853
61
305
289
543
831
863
893
803
71
1135
1119
75
67
287
551
1095
859
873
1061
367
3
103
39
639
539
1059
829
629
27
805
95
793
775
1027
799
365
605
9
785
343
105
299
843
1151
577
583
71
781
349
91
37
73
857
601
531
83
375
815
329
17
883
1119
825
1147
517
525
317
121
93
817
77
553
585
1145
335
821
259
895
589
887
1149
847
845
377
1055
633
1101
853
295
835
1071
1109
617
43
1079
69
879
1129
827
787
111
25
1065
807
51
783
1105
75
871
29
373
567
97
867
1093
587
309
809
119
339
19
1057
801
637
287
267
371
615
619
837
609
513
863
1039
277
779
79
635
59
631
321
379
7
293
297
1107
551
325
533
625
819
49
263
1135
1091
33
865
301
279
61
515
549
1031
1053
529
621
115
333
87
1115
1113
285
557
547
893
1073
877
581
323
869
305
1099
1133
813
5
603
337
777
623
53
885
89
1083
521
1103
563
269
1089
331
1127
861
109
1025
1043
851
1047
569
1143
839
117
289
545
841
41
1125
345
1077
565
347
359
519
319
273
107
597
23
855
1045
81
1037
303
257
1139
315
311
265
47
11
803
15
307
1117
833
613
561
523
281
1123
591
67
363
31
627
45
355
99
383
57
291
261
1137
13
341
1111
55
1067
599
1069
1041
1095
1063
791
607
1087
611
369
1
811
1085
381
351
773
1075
595
849
559
353
769
21
571
535
1033
555
593
881
1131
85
275
831
113
527
65
1051
1049
313
543
875
573
1035
123
771
797
789
357
1029
101
823
541
891
579
35
1121
575
537
125
327
889
795
1081
63
1097
127
1141
283
361
271
123
345
317
333
1063
599
15
839
23
773
791
841
91
1031
871
581
367
305
783
293
843
383
845
631
847
361
527
613
867
83
513
125
1089
851
529
895
785
1083
343
315
819
1067
551
771
47
1121
1115
99
1
601
59
301
793
1149
539
1091
341
579
267
373
893
1037
637
1131
585
95
275
795
319
525
311
635
775
821
313
781
569
81
859
869
883
335
547
69
805
5
277
111
583
595
295
587
807
357
1143
777
87
17
285
359
817
1093
633
349
355
639
365
303
11
375
1061
1099
833
1035
887
1119
1081
1151
1085
1111
65
369
41
339
1041
615
79
3
891
787
265
331
561
809
607
557
27
1047
1043
577
73
543
309
879
337
353
1033
563
329
1079
853
831
1049
101
67
1145
873
857
29
827
377
105
37
379
1139
307
1123
33
1097
1077
1107
7
619
127
1105
9
877
89
85
835
53
1141
323
881
517
593
591
263
77
1127
575
49
1025
113
815
889
107
61
837
327
39
603
541
1125
321
1055
119
885
865
1075
825
555
537
1053
573
769
629
545
271
1109
351
521
97
625
31
281
103
823
115
57
1129
71
55
273
609
259
1135
1133
13
1057
1101
597
363
1117
381
571
347
1059
553
1095
289
257
789
829
21
519
1087
621
623
287
117
297
1137
1029
371
1069
1073
51
565
1039
515
283
811
1103
291
567
45
611
559
1051
93
605
63
279
1045
1065
19
535
1113
325
627
875
797
801
299
855
589
109
1071
813
803
523
75
531
617
849
533
25
121
863
1027
269
43
35
261
779
1147
549
799
861
1109
125
103
579
1135
1053
319
559
15
57
533
347
595
613
519
371
41
119
117
867
799
1097
285
293
355
869
1095
557
1121
779
331
281
29
353
261
625
51
307
45
325
531
859
1141
279
787
843
1105
295
1127
603
1025
1049
607
297
1075
605
817
803
623
633
853
629
101
847
99
63
857
637
619
383
381
1137
7
123
543
617
891
309
359
23
367
365
69
303
1131
537
593
1091
849
575
291
1081
375
815
1133
837
789
333
1107
873
871
351
1031
863
1085
1151
317
1059
887
875
1
573
283
1117
313
1083
893
87
601
631
1143
21
829
777
1129
363
1125
79
269
77
263
321
585
97
535
31
879
855
581
1037
71
785
1065
1115
337
275
1145
627
805
835
1139
1033
301
577
825
9
833
865
379
43
513
1057
361
33
1043
1073
793
323
267
1119
315
1147
335
61
571
1039
549
299
889
639
555
287
885
1149
113
17
839
271
25
1111
807
89
65
523
525
841
527
1077
311
615
589
609
37
517
529
587
121
823
827
327
1101
5
19
345
39
349
797
877
821
809
81
547
553
47
305
791
783
55
67
539
1089
851
369
515
1063
115
1035
583
53
341
845
1055
13
1087
621
563
781
795
1047
343
27
1061
1123
127
545
49
1103
109
813
259
73
373
1051
569
111
91
811
861
1069
1071
1045
1067
881
3
377
819
775
895
611
35
257
277
831
1093
597
883
1029
635
599
565
567
93
771
551
357
1079
85
107
1113
75
95
59
1027
339
1041
83
773
561
329
289
1099
521
273
265
769
591
105
541
11
801
611
323
1071
41
311
577
353
335
1043
791
1103
101
1111
315
279
797
803
849
831
77
845
887
599
37
617
113
107
1115
807
519
1033
1051
813
833
891
371
1141
639
1081
1147
1065
529
351
1085
1055
29
53
43
99
637
819
365
357
555
793
7
1091
341
377
607
125
571
841
1077
805
1067
1149
325
853
293
1123
1131
851
13
631
333
1
317
85
109
1035
67
587
1089
855
531
889
1073
265
33
345
563
1117
771
575
1097
1057
567
1047
91
1107
557
591
17
11
373
633
885
1101
1129
383
379
1053
869
527
1109
795
1029
343
381
827
119
579
779
1027
581
619
327
875
561
75
305
81
785
867
363
1135
1105
263
361
1037
1049
609
1119
273
1093
789
21
321
811
605
521
1083
871
291
271
281
57
593
355
261
257
515
621
559
769
781
19
1087
339
25
613
837
39
275
1095
615
517
809
589
347
105
1069
303
97
857
847
551
821
307
297
5
865
259
47
349
545
65
3
1139
863
1075
55
597
893
287
309
1079
375
127
859
1145
51
1121
79
69
1039
285
1025
523
63
1133
15
603
329
319
299
817
1099
71
313
595
627
1041
783
1113
625
537
95
9
1127
73
539
331
93
1061
283
289
815
1143
1045
277
823
23
1125
121
835
829
123
549
879
115
825
1063
881
775
569
49
843
83
301
535
873
799
111
629
573
45
583
553
103
883
623
773
367
369
513
543
117
267
61
565
877
801
839
31
601
547
269
89
27
861
585
59
359
787
1151
295
35
895
1137
1059
337
87
1031
635
541
525
533
777
807
383
1067
271
875
355
29
773
601
97
521
529
315
325
31
345
59
1121
307
881
623
91
1095
1103
67
73
793
781
591
1145
63
857
93
841
347
361
7
1135
599
43
585
99
797
541
1039
291
629
823
517
1051
85
867
1065
583
1113
61
375
49
1073
365
845
115
527
619
55
331
87
855
775
305
825
639
615
1127
105
1151
1105
777
865
309
837
821
349
1149
357
593
319
1089
575
57
1045
39
863
369
15
635
587
299
1119
1075
603
1129
801
1049
551
1061
883
625
557
351
273
1085
811
117
27
515
111
595
859
339
1041
11
559
1031
573
107
885
819
79
533
101
267
565
5
771
783
1069
51
549
1125
809
871
77
1047
287
269
531
279
367
1033
519
581
633
877
329
379
13
285
579
543
23
321
833
69
123
103
113
317
523
371
1029
779
257
839
1093
873
847
1111
561
1
795
303
785
323
301
95
297
381
829
637
81
1063
1097
17
1139
567
613
827
893
1025
337
265
21
1053
597
277
853
611
817
75
513
537
1109
547
789
1037
803
1055
1027
617
65
41
799
359
887
609
539
563
37
295
1107
127
631
555
769
1099
9
275
815
71
1059
47
813
1091
33
289
1141
313
791
849
843
293
879
577
787
1043
19
119
895
627
353
1081
571
363
377
1087
327
805
261
125
89
1083
621
1071
343
869
335
607
1035
109
45
3
25
545
341
1057
1131
1143
281
835
851
1147
605
53
259
1101
1077
1123
525
121
1137
831
889
1079
1115
535
891
35
263
373
569
1133
283
333
589
861
311
553
1117
83
1085
821
369
531
363
1133
547
289
51
1115
1123
379
1025
3
27
1089
381
333
53
1117
611
607
1101
881
545
521
375
1033
57
351
589
357
805
591
779
769
567
111
359
5
827
605
817
613
9
579
615
107
319
323
533
127
341
291
639
343
887
1077
1035
609
1049
857
321
273
1055
1031
889
575
799
1121
365
1
93
285
349
587
317
885
803
629
617
1041
117
859
785
329
633
627
1037
65
561
527
311
595
37
103
841
1071
1127
791
263
99
55
839
597
77
631
35
783
1113
23
271
59
295
335
771
543
83
599
831
635
1093
71
873
1079
97
1045
573
815
877
637
11
283
95
287
309
861
1099
535
79
849
525
1103
835
15
109
551
829
793
623
549
811
113
327
585
105
293
325
1039
301
781
17
303
307
851
1149
823
355
517
1109
259
563
91
1027
119
569
773
305
1107
87
1083
41
81
603
85
801
1105
269
619
277
809
865
69
347
25
1059
855
1111
879
867
625
883
797
813
513
837
895
39
353
1043
377
115
583
361
539
13
845
853
557
1057
61
1125
515
593
787
1063
279
19
297
807
1129
621
875
1067
559
125
1131
373
893
1061
553
383
795
371
315
1135
89
565
1073
313
555
1051
1053
847
73
299
601
331
1145
261
121
775
1047
43
1095
265
529
541
63
339
281
1151
1069
1143
1097
31
267
29
537
337
123
49
67
777
1147
101
1137
523
257
345
577
843
1141
833
869
45
571
519
819
1139
863
1087
367
21
1091
7
891
1075
789
47
75
1119
33
1029
581
825
275
1081
1065
871
515
541
569
13
345
791
1149
623
895
1063
603
1035
291
879
855
65
87
1133
1071
845
619
5
559
89
1047
309
529
803
829
31
537
1135
539
777
575
835
887
75
81
363
629
863
61
891
1045
323
1117
591
35
819
15
1033
1055
609
117
841
787
365
581
21
343
1131
823
1
525
1057
1119
893
103
779
625
271
519
1029
277
821
1151
1141
631
1079
1075
53
375
7
1087
1061
805
597
531
299
59
547
79
49
297
311
1107
1123
1095
545
69
861
57
1031
383
1083
85
573
831
23
369
1049
1103
327
115
793
305
607
873
113
565
1067
1139
321
583
605
347
97
91
107
341
815
293
317
1129
543
101
11
77
587
279
1137
785
533
3
771
381
807
43
41
1109
813
9
295
555
859
781
601
313
585
801
1125
627
599
319
809
27
817
523
275
615
265
639
303
635
513
1113
579
83
883
355
827
307
1037
315
881
535
119
329
301
19
331
811
571
335
517
289
123
45
875
857
1147
281
25
333
371
1127
1093
889
589
1143
73
111
1145
1065
1091
613
285
1097
549
799
567
17
283
267
577
849
273
1039
1077
561
359
257
71
851
357
521
121
773
99
825
1101
367
847
1053
1069
337
877
839
105
617
339
93
37
797
563
1105
1027
67
871
1025
127
1111
1121
551
55
783
353
1115
269
361
373
527
29
1089
95
611
1051
637
795
349
377
837
595
869
557
351
843
789
833
325
769
1043
633
553
775
109
287
621
593
1073
51
1085
1059
1081
125
379
865
47
867
33
885
1099
261
63
1041
853
39
259
263
545
577
299
1133
1
93
583
601
289
269
125
1129
623
1109
781
1029
19
111
835
515
57
541
87
319
555
815
1033
893
1057
333
589
587
357
1073
335
569
1059
771
369
65
117
777
871
839
359
71
53
5
875
633
805
371
585
293
311
377
527
355
1139
259
1143
379
617
89
1053
573
799
855
1027
1113
811
837
809
625
841
523
851
113
621
775
791
783
39
627
533
1049
1025
297
575
1127
1135
615
45
869
313
29
1091
607
823
1071
553
1047
1119
295
55
801
285
31
381
519
787
891
279
873
1039
879
1069
567
365
43
361
99
619
17
551
59
1067
287
103
1051
51
305
827
257
521
535
119
895
1141
1041
339
889
779
383
277
123
3
15
1035
529
33
107
283
571
373
785
595
321
593
773
307
291
865
109
1097
1151
1117
261
1079
1125
849
543
1137
1147
887
263
11
1115
13
795
1105
81
35
331
1085
881
41
803
817
1063
1149
563
789
591
79
37
877
1037
309
845
831
549
883
1075
49
597
631
95
303
9
807
1081
121
1107
351
271
69
127
265
1101
1121
609
557
819
353
639
7
885
863
101
61
547
561
637
517
75
861
1055
27
1131
847
73
1111
853
579
581
605
301
63
347
1043
327
513
115
813
1045
1095
77
1099
83
635
323
797
91
859
315
599
603
531
97
1065
825
857
21
317
1103
1145
267
1031
843
769
793
559
341
821
25
343
867
1087
611
325
67
375
1083
1089
539
367
105
1077
1061
1093
613
525
349
1123
565
833
23
345
363
85
337
329
281
47
275
273
537
629
829
63
855
69
67
875
79
553
23
1103
1131
383
547
9
313
103
295
537
323
561
545
1129
1071
21
839
1099
317
369
1083
11
1141
807
529
1089
1029
527
877
1087
57
517
879
1111
1039
825
639
285
863
353
853
269
81
61
567
267
629
59
789
279
883
799
627
787
315
857
823
589
381
513
887
363
593
795
39
343
827
17
339
1061
265
351
609
287
1113
1081
1041
117
1047
867
809
123
539
373
801
261
869
849
113
101
617
325
1035
125
47
95
515
1033
519
97
861
349
843
1101
613
1
33
551
45
1145
817
597
311
31
375
43
797
275
293
531
29
321
631
573
3
331
379
309
1091
273
283
841
523
611
1105
51
1137
1067
335
819
1079
1073
1077
871
13
885
555
565
53
365
793
307
25
289
1059
299
347
341
873
577
377
859
595
831
1045
371
1093
1139
89
521
105
5
1097
1051
87
783
7
1151
355
637
811
845
1119
865
37
847
837
615
569
805
619
599
1135
891
583
107
27
19
1043
1057
889
833
1085
775
1037
367
121
769
835
1063
1123
625
1027
305
93
803
83
533
587
591
1133
127
605
1053
109
781
35
115
581
543
881
633
73
1117
291
603
821
621
635
55
319
1025
771
357
815
1143
777
277
345
851
1149
71
1121
607
301
579
361
359
893
75
65
257
1065
271
333
813
327
895
571
1055
263
623
535
773
525
303
259
281
119
49
337
1147
1069
563
1075
15
1125
41
549
585
575
329
559
77
99
91
557
785
541
1107
111
1031
1095
779
1115
1127
1049
829
85
1109
791
297
601
369
89
339
803
1059
583
837
61
27
639
863
569
5
265
35
317
885
261
17
1125
771
59
807
783
859
319
547
1045
119
29
633
567
271
371
559
41
521
1069
887
1119
289
63
377
1101
565
105
285
629
543
51
113
817
1075
787
1147
125
621
591
11
847
1039
1029
287
613
309
537
1113
345
73
1037
1047
835
1077
293
833
805
513
273
1057
1109
585
777
1055
257
555
373
7
1145
83
335
375
527
625
843
1131
353
1083
821
19
347
295
519
849
1107
81
775
1089
355
1117
9
361
1081
343
97
297
839
1043
1031
517
581
635
851
869
363
883
331
545
275
1033
47
311
1051
259
1085
79
1133
333
305
277
589
121
1121
357
1061
291
13
541
1067
53
75
381
599
615
1111
1143
827
379
1
525
337
1135
1049
773
107
857
33
809
631
605
269
791
831
55
607
893
115
267
101
383
793
1123
889
593
1093
1127
65
785
313
103
855
571
627
813
1035
595
1129
67
579
769
299
1137
57
617
801
1149
871
1073
815
111
877
91
351
523
853
1071
301
367
845
95
1079
563
1027
637
557
587
609
865
611
3
879
873
127
323
87
1063
553
1065
45
795
1025
39
529
819
1091
575
327
279
365
779
1095
861
123
69
539
875
1097
43
25
37
825
881
597
109
93
21
797
535
85
841
307
1139
573
891
1105
281
1087
325
1151
603
623
1103
823
799
341
359
781
867
811
23
1141
1053
49
321
895
549
77
1115
15
1041
601
31
619
1099
283
515
263
531
349
117
71
315
329
99
533
561
829
551
303
789
577
21
1079
1093
347
297
595
791
519
121
93
517
303
607
1029
1139
613
277
801
1063
535
619
881
1089
813
1121
1037
259
837
49
287
815
553
269
281
849
859
367
19
1041
871
55
33
1143
1053
805
257
1125
637
1137
1043
101
569
1105
25
561
1103
383
565
623
9
833
513
309
263
1133
85
379
1
73
345
605
339
41
273
829
799
349
1145
809
89
825
563
777
627
111
831
329
795
803
315
365
1111
593
267
97
1031
331
1119
1085
531
7
31
555
381
1149
817
265
313
537
625
1039
39
1035
855
873
867
99
529
545
851
1069
81
1045
47
879
557
617
119
583
291
325
597
541
579
861
51
883
301
109
275
633
333
283
335
1099
823
103
17
323
877
893
15
807
875
549
125
29
337
363
1033
1081
341
1067
543
1151
769
1075
353
1083
1091
369
1097
629
45
351
371
787
839
889
811
525
827
567
43
635
639
299
585
793
13
895
1059
1057
853
63
91
609
295
1123
621
3
783
819
53
357
293
845
843
581
1113
577
1147
305
1095
781
1077
571
35
1027
1141
533
575
279
115
589
359
57
847
375
69
317
83
1065
113
377
361
521
11
1025
79
67
611
841
779
797
821
355
1047
775
835
117
307
95
1101
289
261
615
863
65
1115
891
887
1127
587
857
1107
869
603
1117
373
515
527
321
59
285
559
27
105
631
61
785
1051
599
1087
5
1055
1049
865
343
539
127
573
1131
107
75
23
789
37
1061
311
1135
77
523
71
319
87
271
551
1073
123
591
1109
1129
773
601
327
547
885
1071
771
579
825
539
1043
537
1139
293
869
105
315
87
617
567
891
349
31
793
847
113
1137
1121
63
549
1095
337
525
353
363
867
1065
1149
1117
289
329
631
529
333
591
853
621
873
635
581
29
795
61
1031
623
299
1111
41
583
577
789
859
305
265
35
291
275
1141
65
849
1037
773
71
845
379
51
831
67
613
57
563
15
377
637
257
827
1075
879
23
1073
11
605
1055
21
109
799
381
1103
9
1061
281
557
49
365
813
77
555
7
1097
301
829
1033
519
273
127
19
627
607
99
303
553
111
541
1077
535
97
523
603
1107
1119
335
807
117
95
103
1041
895
857
283
551
863
1029
1071
1105
769
841
1113
107
269
597
261
331
547
1091
45
1093
279
1109
347
25
285
85
787
883
121
355
595
115
839
311
267
515
569
811
633
17
861
309
79
3
277
587
27
639
585
561
5
1143
371
599
1133
341
59
823
877
259
55
887
1025
361
373
885
771
357
1047
1081
775
843
69
321
835
615
1045
81
1057
75
1129
317
83
73
513
805
571
629
1053
295
803
39
1101
307
521
351
881
1027
779
101
47
13
1035
1049
37
625
889
543
833
369
1039
297
593
263
1083
531
327
589
375
89
1059
1145
517
319
611
383
533
817
91
865
1079
287
1051
1125
893
33
125
1063
791
1123
93
1
871
1127
359
43
815
1151
851
809
1147
1135
367
781
123
609
545
53
1085
1067
565
339
345
1115
527
1099
783
837
797
573
313
801
785
875
325
1131
855
777
819
271
559
619
1089
821
343
601
323
575
1069
119
1087
89
863
71
895
39
311
537
11
1141
521
587
635
317
607
597
633
1087
1125
1071
571
1097
43
91
547
73
611
819
1031
113
541
605
337
29
1061
565
81
15
883
125
119
857
783
13
343
593
1145
847
797
1143
839
1133
291
815
367
563
333
1135
791
867
275
303
533
1091
79
825
527
69
269
893
27
891
299
1107
513
323
1105
47
775
525
107
1039
1029
117
549
1109
1041
851
1043
523
53
7
349
25
369
329
77
603
339
371
345
1
875
545
573
561
105
85
829
359
1079
99
1049
21
83
569
381
789
615
325
853
59
1149
543
627
877
279
855
1099
289
285
3
257
1119
267
315
805
801
263
845
1063
1103
795
1123
1113
1117
1127
109
313
515
557
1089
307
9
1083
793
1147
555
259
1131
281
577
837
841
297
865
17
773
5
833
1137
779
559
531
261
93
33
1033
617
601
585
625
873
567
519
639
1121
575
1081
1055
771
31
35
87
51
827
885
1067
831
351
287
539
55
271
613
803
327
357
595
817
305
849
529
1037
553
365
881
887
769
1093
377
777
355
809
335
1057
75
1075
623
1045
353
127
1095
111
823
631
361
1047
889
97
879
347
1151
363
579
115
375
835
341
37
265
277
621
49
1111
1025
123
1069
1027
843
581
383
1085
1035
379
309
1065
619
637
871
869
293
599
61
785
629
67
781
57
295
1059
583
551
591
45
517
1129
1115
65
63
283
1139
813
101
1101
799
319
301
273
331
807
19
23
103
121
1053
811
1051
589
861
321
859
1077
95
609
1073
787
821
535
41
373
35
813
369
781
63
805
113
543
283
893
1119
775
1147
377
595
125
833
117
1049
605
1051
1027
363
859
85
263
1043
1029
45
609
281
631
97
773
91
1033
347
853
299
549
79
305
791
15
581
849
375
49
1079
817
329
265
371
307
567
557
341
287
1127
311
271
877
1129
521
829
23
77
1125
599
101
95
5
325
591
343
71
121
1047
539
533
99
633
885
1143
27
361
1123
33
67
261
1075
797
809
819
855
353
373
615
895
1131
1105
783
803
869
257
559
83
37
293
345
65
31
883
267
535
1085
115
365
789
823
93
1081
785
635
349
1041
21
295
75
351
843
1061
1133
53
531
1137
339
333
861
29
541
777
55
1067
69
857
771
607
383
1055
563
555
547
583
1025
61
1149
315
851
1139
1071
815
123
593
3
289
585
847
1037
41
569
611
1083
601
827
589
799
1121
1063
793
561
835
821
59
1107
1
579
277
337
269
273
321
613
887
25
331
1115
291
313
51
779
1101
519
259
513
103
891
837
1135
9
875
871
87
335
81
285
525
39
621
275
119
553
1103
1145
73
17
787
577
527
1087
1057
587
1099
1111
1053
629
1077
107
639
571
573
603
889
619
13
1039
807
1065
1097
19
309
841
1141
11
863
1069
319
1095
1113
545
317
1031
57
7
801
1151
529
517
575
327
597
825
1045
111
1059
127
303
845
89
879
1089
109
617
323
1093
279
43
515
831
839
1073
367
625
565
105
301
637
379
795
1091
359
873
1109
811
627
523
865
355
867
769
623
1117
47
381
297
537
881
357
1035
551
1059
383
285
857
51
59
585
31
545
1133
513
773
369
805
543
27
569
81
621
1103
1055
99
1097
353
885
1151
21
769
835
43
1085
1053
563
517
875
311
1045
83
1041
313
261
1101
567
893
1113
49
321
111
1095
89
591
103
581
1123
1081
575
289
629
829
345
799
819
115
69
109
1137
35
325
1125
781
105
11
855
787
317
281
63
771
593
797
293
561
305
301
601
375
529
843
605
9
525
61
337
15
71
551
865
379
279
635
1
125
1079
329
879
589
817
335
1063
1131
121
619
789
53
521
527
47
571
779
1129
863
309
119
23
347
271
541
91
297
303
811
1065
1067
377
833
363
1025
523
827
107
1069
101
847
57
577
55
113
613
39
33
891
597
275
887
1051
877
331
1109
1107
869
367
29
515
579
85
269
825
883
343
801
1035
373
519
603
19
1031
1121
815
307
25
277
611
3
895
627
1089
1105
1093
349
1061
565
839
617
1127
841
583
851
17
813
803
533
1039
1149
327
287
555
291
1083
775
1139
263
13
795
873
1117
87
323
595
257
1033
845
1047
823
333
315
67
299
1073
859
1143
283
849
1147
637
339
785
1141
623
1037
535
639
273
609
97
553
631
1135
355
809
77
791
1057
1091
265
1077
341
381
1115
881
831
351
861
539
615
37
1145
587
537
557
1071
1099
1027
359
79
319
1043
793
559
295
65
547
837
357
531
783
365
1087
41
7
127
867
599
5
267
1075
549
777
1111
853
361
93
1119
871
573
45
807
1049
259
75
607
117
371
889
95
1029
73
123
633
821
625
27
37
623
859
615
783
1061
547
809
29
291
599
625
519
119
537
285
769
323
57
35
569
1057
331
53
287
257
545
567
21
1091
329
817
1111
855
1099
789
631
891
895
109
367
851
539
1117
79
841
1027
15
1139
581
59
1115
889
123
1035
95
1097
1065
19
887
821
87
9
43
1073
883
597
77
25
611
1055
7
113
551
857
1043
805
1037
125
797
357
361
613
281
543
269
105
1077
629
571
309
591
621
315
777
525
299
835
335
93
1039
345
1085
5
383
1147
557
515
807
1145
617
1135
69
637
71
881
41
583
839
843
1025
793
1045
127
1075
103
271
633
1047
579
595
861
575
51
31
65
771
1107
263
561
811
1123
845
321
359
1095
1071
1103
791
61
81
377
279
773
1131
787
273
1133
327
375
871
1125
549
825
1041
267
531
1063
101
879
559
1029
867
365
1067
563
347
47
1109
869
1141
1087
339
1119
589
303
555
39
1149
277
877
1129
593
33
317
107
833
609
73
573
117
527
45
1137
1083
333
639
635
259
17
283
343
885
293
779
355
371
379
781
863
351
111
369
1151
535
627
847
577
13
521
341
785
91
587
275
827
313
1093
1049
289
337
23
319
619
1053
607
67
363
99
1089
823
1113
829
265
1127
865
89
799
85
1031
349
307
1
63
553
1051
533
301
3
813
893
585
815
603
49
121
523
605
853
295
115
1105
517
875
849
837
1069
1101
1081
297
1033
801
261
373
803
11
601
1143
305
873
381
75
513
795
831
775
325
1121
565
819
1059
353
83
529
1079
541
97
55
311
847
611
1095
375
869
33
53
785
1087
1
633
577
561
1131
115
1147
1069
69
297
591
1037
305
89
71
605
579
575
783
121
531
827
331
599
1077
535
871
5
597
337
45
85
609
625
565
527
107
267
821
1141
787
1081
1063
875
789
857
841
1025
269
819
39
301
623
815
335
1123
855
553
371
261
59
829
293
303
1133
345
49
881
845
309
271
799
295
311
317
1145
771
369
127
1065
543
893
859
533
1053
363
1035
17
823
557
105
339
867
551
273
769
67
545
35
1083
333
585
1137
277
571
831
1067
283
365
1093
825
1099
837
359
291
521
883
839
807
381
537
101
319
1027
793
517
1085
383
1121
779
265
57
1105
343
617
1033
559
627
865
1051
379
19
13
1057
791
775
77
323
1091
87
351
257
1047
891
357
1039
567
555
519
1113
11
1049
51
75
1041
7
79
31
279
637
259
1107
515
525
55
513
321
23
797
263
1149
1061
601
895
773
289
1045
781
811
547
861
573
1089
281
613
361
97
1029
1059
603
805
879
631
539
113
43
593
65
73
1097
1079
1031
99
877
549
15
315
287
529
1071
587
329
313
347
1117
9
833
887
795
103
275
889
569
299
307
1073
853
885
83
367
63
1043
81
583
377
639
1103
621
595
117
1055
1135
523
813
843
589
581
615
1129
109
41
21
91
873
37
373
619
93
1125
125
1139
801
95
327
1151
835
817
803
1115
119
355
123
777
61
629
1111
563
27
809
541
863
29
3
1143
607
325
353
849
1109
1127
47
851
349
1075
1119
1101
25
111
341
635
285
307
107
565
779
579
309
853
113
275
261
545
1119
537
123
517
1117
67
525
1105
77
801
873
1147
581
881
29
363
1129
267
855
559
283
103
1133
299
83
625
793
553
1077
1083
843
1111
1141
1121
13
73
277
287
329
339
1089
849
841
317
879
607
1
15
365
321
35
49
885
51
1035
631
127
785
43
347
1127
529
361
273
379
17
831
37
541
783
887
893
1057
351
3
573
533
587
1025
1145
791
331
311
61
577
623
373
91
1101
1131
1081
269
1065
31
1139
635
531
817
1039
523
45
319
63
1067
807
1095
105
627
25
601
359
69
279
47
639
1045
1149
619
809
575
95
323
871
561
305
583
543
1093
821
85
315
117
1151
1031
777
337
851
877
895
539
1043
569
513
341
549
837
861
799
835
839
371
109
865
285
115
357
595
803
563
1069
1027
297
1125
629
781
19
1073
383
57
633
291
823
603
519
805
585
87
889
1047
23
589
33
527
773
343
815
293
1115
1079
615
59
375
617
289
1033
535
89
367
1107
891
597
825
265
875
593
81
829
1037
259
797
325
869
1087
55
819
301
1075
857
1053
845
27
827
281
9
335
121
775
327
1143
611
93
99
789
811
345
75
369
599
555
605
125
271
883
97
1091
53
7
867
381
551
813
295
1029
1051
303
349
119
5
377
11
65
1103
847
1097
1137
1123
1085
521
21
41
1109
1049
257
621
1063
1135
39
591
1061
353
769
613
1099
609
1059
1113
1071
71
859
313
101
547
567
79
771
355
787
833
263
863
637
111
557
515
333
571
1041
1055
795
359
517
377
775
1045
67
277
103
337
549
1061
635
1083
855
891
893
7
43
1119
1151
515
537
1059
869
109
121
1093
41
1033
1057
111
355
887
87
1123
1027
1117
307
311
1039
577
47
617
339
607
603
27
69
1105
283
301
333
1051
79
1053
373
579
819
785
1147
833
843
615
591
379
35
565
1125
1043
321
609
625
53
273
297
31
597
25
539
1091
563
33
75
29
813
875
527
1095
523
61
127
637
1141
1097
519
583
567
287
1065
853
1079
817
1087
1075
1037
1107
367
569
5
889
793
265
1029
629
829
851
269
289
281
65
59
521
331
77
303
1069
295
571
1135
279
873
115
3
773
117
561
323
325
601
821
857
357
271
19
883
807
39
611
381
581
101
1131
1113
95
835
315
85
343
613
49
789
93
827
9
555
541
573
105
867
1067
1031
305
119
335
369
881
73
383
787
257
1149
605
123
1063
319
21
309
837
1101
275
771
313
847
865
1
547
559
595
797
89
51
11
1099
23
293
1109
113
1071
1073
71
341
895
633
45
525
861
371
849
623
1137
347
871
533
1081
841
531
619
361
1049
1129
1115
1103
107
631
1035
353
267
99
1143
801
259
285
15
329
57
1145
557
823
81
877
809
831
799
363
553
37
535
805
599
83
1127
317
593
859
1121
627
125
839
1111
1085
791
543
1047
513
327
587
263
351
879
17
777
1055
1133
63
795
639
551
575
365
815
825
261
1089
783
585
845
885
1041
13
1077
1139
55
299
1025
91
811
349
803
779
769
375
529
291
589
621
781
863
345
545
97
573
831
285
1061
1145
577
545
609
825
637
1051
809
619
615
1047
313
1127
1141
853
1027
1111
27
1103
819
57
883
519
1067
851
567
363
1105
283
33
295
513
565
337
1059
537
339
125
41
813
639
127
893
261
43
369
1035
273
539
523
575
613
863
895
1025
1151
307
361
1099
587
303
889
875
107
21
829
769
89
329
83
17
1053
11
65
121
603
1093
31
861
293
357
633
37
1121
87
63
119
873
1097
531
611
867
569
797
833
785
837
1129
19
91
109
1065
1095
9
267
279
311
35
287
1131
847
327
277
1081
1101
265
359
55
97
859
617
623
781
1055
849
771
1039
371
887
1085
23
1115
855
787
113
1083
101
271
67
839
783
815
77
85
1091
631
877
79
625
521
29
75
345
103
807
1137
543
39
547
1147
355
1041
881
1109
45
517
885
811
585
557
1087
529
375
61
879
599
367
123
81
325
1113
343
835
1139
1043
321
347
1079
115
263
799
1143
301
579
535
1045
563
803
1077
49
1033
773
1031
551
789
275
559
843
779
605
1089
383
291
1125
541
793
105
53
601
379
95
111
805
775
597
365
1073
13
583
1029
1
1135
373
629
381
827
571
351
1057
791
317
1069
331
257
591
635
561
69
99
269
73
581
299
309
1117
1071
525
1107
823
869
845
3
51
595
801
1075
555
607
117
305
621
47
5
353
377
589
1037
527
1119
333
871
857
593
7
281
319
315
59
865
1063
15
71
289
341
795
817
1123
335
25
553
821
515
627
549
259
1049
891
1133
93
323
297
349
1149
777
533
841
71
29
23
1111
619
1073
1027
821
531
1033
67
115
603
637
1081
895
797
125
289
35
519
259
53
589
117
597
297
265
119
271
3
1135
11
591
1041
1119
275
785
1129
1109
829
1031
1043
109
869
573
879
1069
1045
1071
355
123
849
55
607
891
533
805
1125
1039
331
523
1025
361
639
547
609
1093
847
583
77
791
835
5
865
1123
853
795
841
855
329
799
381
783
833
343
601
295
561
291
375
315
121
7
623
863
301
99
831
1151
811
1133
75
893
333
569
371
575
545
1063
1137
299
1141
351
885
527
65
513
79
803
357
633
337
1029
37
1059
97
1067
1091
1115
883
9
305
341
1055
1035
605
83
379
1053
1065
851
889
363
823
1075
267
525
47
349
773
839
563
309
787
529
617
807
1049
101
789
593
339
49
39
281
537
31
1047
1077
373
317
45
615
93
557
87
1107
1079
1121
577
837
859
283
1051
1099
1113
85
1061
307
793
81
25
105
871
777
1087
559
595
555
565
781
359
599
1095
303
89
809
1
1105
1147
625
551
1085
585
613
771
549
319
611
383
581
517
587
63
873
269
369
107
541
27
539
311
1101
277
17
825
323
61
13
1089
59
1103
345
867
261
347
21
779
365
19
1145
881
567
775
801
103
57
325
535
543
877
1057
631
1131
367
263
769
279
635
627
1083
321
1097
41
15
33
113
353
861
1037
327
1139
621
827
815
91
69
887
1149
1117
73
521
629
285
313
335
43
1127
1143
843
257
571
515
875
51
553
273
817
579
819
287
845
95
377
127
293
111
857
813
1133
1147
261
271
845
333
83
1131
125
1041
37
583
1095
1037
871
547
573
819
1025
299
629
1061
99
277
89
335
865
281
611
841
849
829
625
603
1113
847
559
1089
869
1039
615
1057
571
35
359
97
117
851
837
1125
619
87
265
893
383
1065
1105
785
21
121
7
301
3
617
565
29
1055
1111
891
809
353
521
101
5
379
875
1093
881
873
613
773
15
569
787
337
1139
79
561
519
1151
1107
791
609
621
341
325
339
885
309
805
371
823
1109
347
821
599
853
1045
361
343
53
285
103
817
59
543
363
859
25
1099
293
71
303
329
591
1067
1071
541
119
537
1121
1103
273
879
815
533
1117
49
553
563
275
377
1053
1127
287
637
369
517
557
289
291
887
1059
1
549
769
883
279
67
627
63
47
27
305
529
11
1123
779
123
95
1081
867
1033
843
1135
631
55
317
93
581
555
111
633
523
835
57
39
1027
527
105
877
585
365
607
357
1143
311
795
267
1091
813
351
799
777
579
863
567
297
1149
639
601
381
781
31
623
1079
515
889
45
367
41
345
577
1069
69
775
793
1087
839
283
513
319
327
259
1085
75
43
1073
535
373
803
807
263
825
575
525
33
539
1035
127
331
85
789
1137
23
855
115
551
597
593
1043
19
257
605
589
107
801
635
1077
1145
91
1075
1063
1029
811
77
895
833
65
73
545
113
797
307
349
321
1047
595
861
1141
783
51
1049
323
81
315
531
1051
1115
355
109
1083
831
1031
587
1101
1129
61
827
857
771
375
269
9
313
17
1119
1097
295
13
