1122
314
1248
1054
1016
1130
606
1138
968
774
558
420
164
122
156
916
952
712
510
1168
74
388
374
648
144
1074
1082
1220
282
1232
432
1086
756
496
1188
1008
306
322
818
350
752
912
1042
660
354
1022
834
878
1012
574
448
310
778
22
1180
802
932
148
1026
1184
2
1176
1200
940
740
1034
692
132
996
874
184
732
110
992
704
594
640
980
908
900
1110
1272
294
136
656
1030
58
1260
790
1152
106
78
464
1244
200
10
626
1046
1208
838
188
460
1098
676
172
400
408
634
370
1192
1172
530
192
216
62
396
736
644
1062
98
1146
476
290
806
1224
38
378
684
1106
252
152
1204
248
258
1160
1000
936
440
504
764
358
42
492
384
854
944
618
842
254
728
286
522
444
1050
538
858
220
224
118
208
1276
988
886
1156
904
928
724
1268
342
212
1058
1142
82
1066
896
102
534
1264
168
924
744
716
428
326
862
1256
882
1094
1038
688
652
204
1118
760
346
330
602
622
262
1196
404
244
566
392
956
278
586
514
70
472
46
160
830
664
814
1070
546
1020
270
274
508
488
770
180
228
920
598
810
720
90
240
518
822
114
590
948
436
362
562
34
236
366
526
50
468
866
550
708
630
66
6
542
14
870
334
960
846
416
554
456
782
794
302
140
1134
582
1078
452
196
570
26
424
890
1126
1114
338
266
1278
1216
30
798
1240
786
18
1212
412
826
86
298
128
972
766
54
1228
1164
614
668
672
976
480
1236
680
318
850
984
964
1004
500
610
748
700
1090
696
578
484
176
94
232
1102
1252
62
676
220
46
90
1244
1160
1228
140
290
680
412
704
282
1026
10
928
830
806
810
192
484
510
578
1126
1220
952
1050
976
782
1212
1224
444
1030
1086
786
440
1074
940
972
82
688
172
136
744
102
1062
728
984
306
270
878
1046
266
874
618
94
518
716
148
814
630
760
432
924
168
980
1184
594
322
890
452
14
262
870
184
842
216
1196
1114
834
496
436
236
1102
724
1138
1004
156
562
26
1016
570
1098
748
732
554
1078
634
696
964
114
1110
1130
1034
460
640
766
920
1276
1156
252
850
152
818
508
110
652
542
558
582
314
318
1070
992
1020
408
38
86
586
160
886
500
1094
672
346
70
254
334
22
1118
106
118
900
58
342
42
626
566
648
778
354
362
378
590
610
802
798
1146
326
1180
350
366
1252
1152
1260
1176
720
526
388
400
756
1208
774
224
310
1054
1236
1248
1278
248
668
1042
30
826
298
66
1204
684
550
428
1172
866
546
644
1240
622
240
480
1164
370
232
1142
968
1188
188
904
472
358
78
396
1200
1000
278
180
996
896
286
956
74
128
204
196
330
448
530
488
274
374
1192
258
144
1090
882
838
1264
98
514
404
212
384
456
492
960
948
1256
294
1022
164
908
598
936
1008
464
574
700
1058
176
790
764
932
740
736
416
708
6
752
468
606
420
1012
988
302
770
916
794
1122
476
912
54
34
1066
1038
712
338
522
660
534
1272
854
1134
538
1082
424
822
244
602
692
656
504
862
1232
858
208
944
664
2
614
1268
50
1168
18
122
846
1216
1106
392
132
200
228
806
1090
752
302
1208
992
1022
782
648
232
634
510
640
188
274
1142
944
566
306
144
98
46
932
1020
468
1016
842
838
258
542
428
948
680
156
354
818
870
1030
802
1004
122
374
904
936
342
764
924
1236
626
988
996
1138
278
396
810
432
262
416
664
574
114
952
252
208
770
464
270
62
562
606
42
676
586
176
70
244
1110
436
444
602
610
1066
1094
106
488
452
420
504
814
78
878
160
94
480
558
1276
538
900
248
798
862
54
972
912
1070
212
132
740
1078
720
294
362
766
708
34
128
1264
26
790
630
598
38
82
310
704
86
184
102
1062
554
968
460
1054
1278
928
370
1176
496
1252
448
964
886
484
110
200
1196
1118
1102
290
282
1000
672
66
1272
1204
668
1026
456
74
644
298
22
1082
1200
1046
1058
774
744
330
400
1224
476
492
700
1106
164
830
534
1114
920
408
960
140
500
412
956
1240
392
1130
334
688
890
322
684
220
794
756
388
546
1260
846
736
318
378
940
236
1126
1232
1038
192
530
874
90
152
1122
18
716
366
656
514
1188
1172
866
590
350
240
286
896
728
326
1134
578
6
1012
614
582
168
10
822
692
440
1156
1034
224
228
358
594
266
984
314
696
850
346
622
118
1216
508
1008
384
526
1184
618
204
778
1074
826
1042
148
1160
196
660
858
172
980
916
1164
254
760
2
854
1228
724
908
748
30
1152
518
216
652
136
1168
570
834
712
1098
550
732
58
180
1192
424
50
472
14
1212
1244
1256
882
1180
1220
404
786
338
1086
976
1268
1050
1248
522
1146
432
164
1050
1180
748
50
716
948
240
1074
192
708
156
1030
656
668
30
334
282
374
270
1016
896
862
992
1114
188
1248
412
890
510
298
6
1244
952
128
908
728
660
944
692
530
278
574
236
460
248
82
720
114
1098
258
854
66
1276
964
70
770
196
586
1008
440
562
1172
1090
78
858
384
254
732
1204
1126
1042
436
314
200
144
476
542
782
928
262
1102
1110
1082
58
1142
1004
830
534
420
842
648
626
176
216
786
326
508
452
302
38
220
1188
664
1146
10
810
744
822
1022
956
676
346
976
924
408
122
62
500
378
1184
602
1228
550
1252
684
472
1026
760
834
984
814
1134
1256
228
968
98
110
818
538
74
1012
204
370
244
680
618
1070
232
838
448
1224
1138
1152
26
1062
960
1240
724
290
1034
1156
504
1212
1106
878
920
1200
1038
794
136
522
468
34
54
152
168
464
148
774
640
306
496
882
1066
1192
936
388
350
582
696
1000
310
900
940
798
598
634
274
1078
1268
866
456
700
1094
578
428
400
1208
912
118
106
492
932
874
354
160
850
688
1220
90
132
22
1278
756
594
480
886
424
396
294
1130
14
18
740
1054
644
46
1236
362
554
318
342
518
972
94
1118
1216
286
172
208
672
622
1272
404
42
252
416
184
566
1168
764
916
802
180
444
980
606
652
1260
826
1232
366
1058
358
1122
392
330
546
266
338
904
558
736
630
806
140
1264
488
1046
766
988
996
526
1020
704
86
790
1196
102
1176
712
614
610
778
570
514
224
1160
870
752
484
322
846
2
590
212
1164
1086
152
814
270
606
760
700
928
858
838
626
1146
90
1082
436
192
1066
1000
952
818
850
342
920
388
156
692
1260
1256
766
740
546
448
424
18
240
396
1204
668
484
204
744
362
806
404
590
314
684
598
574
294
802
1026
102
940
1172
248
992
278
956
384
492
980
602
326
900
514
1168
30
550
408
176
1216
1236
798
180
216
944
1180
94
886
464
634
566
874
912
200
996
882
704
346
878
984
518
1164
358
890
306
54
640
488
530
656
988
972
172
794
1220
1078
728
1012
282
870
1070
1240
936
366
26
1102
460
370
1176
752
830
782
1086
618
1110
168
1188
866
676
1212
614
1004
1208
1152
452
318
510
110
1050
652
74
252
38
570
1134
228
1094
144
392
66
1244
1074
1276
334
212
338
790
732
554
224
290
644
236
1030
924
1184
504
1228
258
254
904
432
582
810
846
932
476
664
842
86
78
322
136
1106
1196
1022
948
578
1058
354
562
826
456
1224
118
908
188
262
122
1200
98
208
1122
1062
82
1264
688
1252
310
428
1272
1020
508
862
14
736
1038
1268
630
420
538
196
660
708
412
2
22
770
42
976
716
964
834
496
1114
1248
896
586
610
6
680
672
968
696
468
34
480
416
232
786
70
1054
1118
10
1192
594
1098
244
400
1160
622
712
1232
140
526
720
648
350
756
778
748
960
1090
1142
1008
500
822
50
106
128
542
164
1042
378
724
444
160
440
916
132
558
1016
266
534
62
58
1034
330
1278
220
114
774
184
1156
374
298
472
148
46
1046
764
302
1138
1130
274
854
286
1126
522
728
266
408
236
1240
542
766
514
366
712
10
326
904
358
6
286
1172
672
228
370
862
798
14
1074
1160
224
122
850
302
1082
732
404
534
1078
790
1058
1046
1196
582
156
1272
1070
484
1232
188
200
184
774
1152
1188
1098
794
830
102
110
1192
858
140
916
1248
594
504
334
644
1244
258
988
1012
128
106
854
778
704
1118
1000
136
924
452
936
882
196
586
144
1016
148
192
1114
526
550
818
1278
248
692
1146
874
570
1216
54
94
782
1008
114
886
668
1094
70
932
472
810
1050
508
676
424
476
1276
1086
764
696
342
338
492
318
374
972
240
1138
574
554
760
400
26
744
74
610
294
1090
622
38
1126
496
432
1200
254
160
736
500
460
244
274
724
878
960
82
822
330
1260
444
1054
648
634
842
216
1122
1224
62
1184
384
992
1204
346
866
412
1066
1264
984
488
656
578
282
46
448
1034
322
1038
1228
1106
996
208
1130
964
362
22
164
740
1168
846
652
980
90
416
546
890
1256
756
940
614
118
720
2
948
1026
464
518
132
976
530
378
752
1268
1164
606
748
220
298
98
176
278
912
1062
700
1156
896
1042
664
152
436
480
680
838
350
18
688
538
716
826
310
1142
956
802
968
396
1020
30
34
1208
806
440
510
262
630
1134
168
1212
58
180
428
270
252
590
78
420
204
562
172
1220
834
290
660
1102
1022
602
354
786
708
908
1030
640
456
944
1236
468
232
1176
388
566
928
50
212
306
920
598
618
870
314
392
770
684
1252
1180
952
42
66
522
558
900
626
86
1110
814
1004
66
468
944
790
886
392
830
1050
878
54
1142
764
740
444
720
460
404
992
160
534
1180
1240
152
266
1212
704
594
252
314
1236
90
416
1168
672
1122
338
1078
508
652
814
1054
956
798
1272
578
976
850
984
58
610
908
912
700
424
476
6
62
1188
184
334
626
132
1138
550
1114
1004
928
346
774
660
452
366
204
1172
220
980
240
122
692
1090
176
1086
46
736
496
676
1074
996
164
236
684
294
244
562
82
854
258
1102
1196
274
78
1026
200
440
542
370
924
254
34
1030
728
136
952
436
712
196
1126
614
212
782
1264
374
882
484
128
298
766
826
1216
1098
1152
1204
1082
18
756
180
10
1208
896
656
396
582
964
1062
1000
1046
1224
566
428
590
1118
936
1134
262
86
618
960
752
948
822
118
488
216
870
70
464
1192
1094
140
1146
1020
1220
1106
362
778
510
916
988
668
806
322
448
890
342
1156
232
1164
920
622
420
634
1012
388
412
286
1276
522
708
350
546
1228
810
500
1256
148
748
1016
818
554
940
932
248
598
1042
874
558
1110
794
518
1022
358
1184
606
1200
400
310
972
1130
156
526
968
94
1248
224
30
770
14
188
1066
786
408
1278
696
432
326
842
1058
1176
570
904
472
630
802
900
318
270
1038
302
1260
144
1034
846
172
228
574
504
514
602
384
378
22
1252
688
38
26
834
110
192
1244
744
354
42
74
98
2
1008
724
680
664
838
114
1268
492
208
282
480
538
102
716
278
858
648
50
1160
866
586
1070
760
106
530
1232
456
306
290
732
330
168
644
640
862
228
366
188
890
1268
1046
944
578
1252
716
1228
712
648
874
66
286
766
326
586
1160
672
1244
26
428
656
924
128
416
496
1110
1152
1180
530
554
882
1054
290
1164
1034
492
1172
500
212
1026
232
590
878
968
216
1094
634
814
278
960
1196
420
834
384
770
330
700
338
342
164
1276
1126
196
640
1260
78
696
618
900
760
1200
110
1168
1240
786
456
908
932
274
350
870
362
464
1098
1212
448
294
1050
370
460
184
1156
396
444
538
1146
86
102
248
346
680
602
562
598
374
992
830
334
614
988
220
916
244
582
806
18
846
388
46
1008
1122
514
972
1106
744
30
798
1208
168
956
644
118
378
302
1016
778
62
1192
724
1086
1134
1118
850
606
1078
508
14
984
424
480
704
1138
1142
254
550
546
122
476
668
140
74
736
708
1256
1082
838
50
822
1102
298
258
1130
660
38
826
810
1058
412
732
180
818
794
208
1248
452
314
136
1062
488
252
756
652
510
558
156
144
106
664
176
266
1042
948
1030
928
1038
1264
728
1232
1090
440
522
886
1020
610
132
224
358
526
6
1070
952
2
200
354
1022
392
70
1012
42
1278
720
964
996
782
22
270
10
1066
518
920
152
842
82
204
896
936
748
90
318
322
1224
1204
858
1236
282
1188
1272
408
1114
622
436
630
1220
862
98
764
676
976
484
626
1216
160
1176
940
854
980
468
1004
54
262
58
688
904
1000
472
306
774
114
432
594
1184
802
534
1074
574
866
684
912
236
740
692
404
504
172
542
570
400
566
192
790
148
240
752
94
310
34
78
94
252
720
248
862
878
200
826
188
90
594
1114
716
1184
330
1106
1244
444
586
570
428
964
1122
30
378
270
814
622
6
70
1278
712
542
38
728
404
510
488
534
388
114
598
644
1168
212
952
822
384
1058
1066
294
830
504
358
148
1248
924
770
874
1260
936
988
408
854
680
760
756
74
1110
274
1268
1156
254
172
602
424
748
1012
1204
440
1142
838
932
1086
168
1180
2
290
1276
346
664
656
1054
786
1078
160
904
578
1090
554
870
834
180
350
1034
900
948
818
156
1046
42
310
794
590
1236
98
530
322
1042
732
1126
306
266
208
240
244
614
1000
752
286
468
374
184
846
798
500
782
204
318
696
660
370
26
50
436
736
1176
912
928
668
476
10
1264
550
806
136
1026
1098
1130
448
1212
916
302
412
62
1146
810
464
566
1004
492
326
420
546
626
216
196
1220
232
1070
106
1074
648
1252
1208
1118
1094
562
452
1232
944
1022
1062
1240
278
1216
1082
996
14
192
866
640
1030
46
1188
764
1228
480
704
1200
34
1020
1196
842
432
1152
672
22
688
610
122
1138
582
538
362
956
558
1272
518
338
968
992
314
886
692
508
920
456
634
228
778
976
1224
850
140
472
392
1050
514
258
890
342
132
334
790
262
176
102
630
724
858
128
496
354
118
152
700
882
164
708
1008
484
1102
526
774
86
1256
396
972
1038
82
1134
522
298
908
220
652
684
144
574
1192
1164
676
282
606
940
54
416
1172
366
984
766
802
1016
110
960
66
58
980
460
18
224
896
1160
744
740
618
400
236
1118
1196
996
468
802
86
290
602
664
724
928
1000
302
760
1260
988
444
480
440
692
156
558
1074
452
472
208
1152
1122
562
164
1070
38
192
2
908
652
912
538
306
1220
22
114
696
1164
630
976
838
626
412
1102
1026
1248
534
716
136
684
744
622
732
728
672
488
354
1272
598
554
310
232
144
1256
1034
322
1264
384
176
1012
1086
960
1020
1142
1268
228
886
1200
248
50
420
448
1212
62
648
188
42
262
1146
570
944
370
236
644
748
1216
244
764
46
972
200
460
1134
172
712
818
614
854
1252
74
294
1180
240
904
770
82
952
1082
224
778
1176
810
30
798
1192
1184
756
594
984
1130
428
794
66
1228
258
318
968
846
704
932
1172
1204
128
522
378
1138
858
708
1168
688
1042
168
1038
992
484
58
1244
106
196
350
326
1030
1046
286
212
830
1110
358
366
1236
184
586
936
464
1094
374
1160
676
518
252
1004
496
1278
1058
1232
826
882
640
834
582
618
1106
510
266
1208
956
456
980
432
408
314
948
254
1126
1066
110
700
610
436
1098
900
526
574
1022
508
668
330
78
842
216
782
1240
752
148
70
720
656
740
1008
118
940
814
550
862
850
774
334
476
1090
1188
680
140
204
220
18
492
964
54
1224
1016
180
400
790
1054
822
122
766
282
566
1078
578
404
530
1050
338
504
546
1276
34
94
396
278
870
590
924
806
346
102
660
98
274
298
14
270
132
362
500
1156
786
160
26
606
416
342
736
920
1062
1114
90
896
890
634
916
152
878
542
10
866
6
514
392
424
874
388
886
1062
1094
1030
270
920
522
370
136
66
1004
510
830
652
806
220
298
1264
318
538
736
866
200
258
354
936
1000
110
756
184
428
350
1228
1090
1020
712
656
252
1160
58
366
610
1232
900
508
924
1110
460
1196
476
606
180
472
846
826
822
696
384
374
802
518
216
484
302
408
676
334
1026
432
314
118
1176
504
196
240
1224
160
834
228
870
786
798
684
212
274
294
54
1200
1236
1086
874
720
1008
488
286
1022
664
614
550
1212
1272
818
388
18
952
248
618
1192
542
748
770
172
1152
514
944
70
192
904
322
850
1142
1130
1122
412
700
10
1146
586
1220
306
132
416
392
842
546
976
932
468
400
1256
992
224
232
1070
630
558
106
86
988
578
78
358
890
896
708
204
574
908
530
14
1276
766
164
582
774
420
1260
980
82
810
6
778
1188
1208
480
152
554
964
760
74
1180
740
1126
290
838
176
794
42
188
972
404
996
1184
1278
854
732
244
1134
34
262
168
648
500
928
30
22
602
960
50
594
1034
704
790
140
156
814
724
1244
526
1164
396
1204
362
94
282
1050
916
1054
566
716
1138
956
1118
1114
1038
2
570
338
208
622
90
492
1102
38
634
236
626
562
1012
436
660
1016
1156
266
1042
144
1172
452
912
878
688
1058
254
640
424
1074
1106
752
672
1078
1240
728
534
326
378
1046
1216
598
948
940
1268
1082
440
984
680
456
1066
114
444
46
668
1168
590
62
310
128
26
968
782
692
1098
1248
448
764
1252
744
148
644
496
858
122
464
102
346
882
278
342
330
862
98
172
500
928
428
216
668
232
240
770
1208
128
1232
526
1236
358
136
1102
708
1134
594
34
160
732
400
1212
254
384
388
38
960
338
1118
208
366
468
728
156
408
440
622
1130
676
948
904
140
278
228
346
342
626
1078
1156
1228
1020
618
518
976
1026
248
270
716
164
62
890
660
282
1180
1062
764
152
1094
630
558
1172
504
522
634
1012
744
70
236
354
180
1276
854
448
534
1110
188
778
1164
184
322
980
838
1160
6
752
562
610
168
956
46
968
672
114
614
756
936
900
798
1268
484
262
786
1016
1200
774
1000
1034
924
656
1086
314
1082
436
748
1264
1224
1058
252
688
598
1248
826
696
452
834
866
456
42
1090
1244
740
652
782
122
510
566
862
1070
704
944
582
416
570
1066
1074
22
196
392
882
806
514
1260
1114
378
794
1138
224
420
118
54
760
1008
492
476
1142
26
644
574
82
1252
1176
326
274
192
1126
554
602
306
374
822
2
724
58
680
550
302
1098
334
830
78
1204
586
996
286
992
1122
546
1184
110
444
736
30
1216
1022
74
404
1004
908
98
412
1278
640
878
464
814
896
508
10
712
106
1038
102
86
720
870
940
1152
480
200
294
132
1146
66
472
842
176
1188
952
14
916
606
496
1168
318
310
1196
244
212
350
258
648
460
858
144
1256
850
790
370
846
362
148
1042
432
932
50
1046
886
1030
396
1106
1054
578
424
818
664
802
988
94
1272
920
1240
542
266
1220
330
530
90
912
684
1192
1050
700
204
290
810
692
874
984
220
298
964
972
18
538
766
488
590
1098
1102
464
818
514
566
896
874
1236
664
802
496
1000
992
330
838
960
1196
156
656
1264
996
554
224
1204
1224
1180
1212
176
1130
282
110
416
756
212
964
1082
1220
290
688
160
1042
606
1260
618
944
484
412
862
1256
630
984
770
1054
86
900
90
492
774
274
244
708
358
1192
696
184
598
1168
936
42
968
1164
452
310
582
1034
854
1094
716
38
404
66
94
916
1244
1016
444
526
500
952
1114
70
728
1122
326
700
254
62
46
476
354
882
558
1252
510
672
778
168
188
988
432
114
660
1278
1090
590
928
140
744
782
1110
240
388
542
148
530
1248
790
538
192
814
1156
1200
748
180
870
786
428
1142
834
760
306
396
1038
200
456
420
1058
676
334
652
1272
132
266
2
128
1232
216
172
298
346
980
122
270
810
366
102
1188
680
794
1106
850
622
766
1070
920
1008
976
248
806
720
350
1026
972
878
924
1066
602
668
1004
1152
74
408
610
904
1208
908
1012
940
468
626
956
1276
6
54
640
1240
578
228
374
1086
866
50
574
30
14
314
18
362
1184
448
440
424
144
1160
518
614
204
1046
1216
1176
712
692
34
1134
342
704
736
948
830
164
262
644
570
1020
252
392
534
504
550
890
740
294
1126
196
586
1022
912
648
1074
152
764
546
488
98
1268
846
220
1172
258
318
1118
480
236
1030
322
460
562
384
842
1138
752
58
378
232
932
1078
684
1050
400
826
10
286
508
634
798
78
472
82
886
1228
302
858
22
370
278
338
732
522
106
436
822
136
1146
1062
208
594
26
118
724
1114
1184
492
1268
350
184
878
436
976
822
956
932
732
254
164
778
1240
542
834
58
1188
1200
62
102
200
652
680
236
1110
1134
1012
298
558
310
1146
1034
984
244
224
118
574
472
912
30
476
900
1102
428
1228
1026
764
610
326
740
122
634
802
724
602
940
94
1164
748
306
774
1016
712
262
538
302
404
716
464
1192
2
960
988
850
886
318
508
396
282
648
550
1122
514
286
866
862
278
640
874
1130
1046
920
1094
760
128
830
294
34
854
1118
704
452
1260
204
160
618
444
412
1058
496
948
630
440
1256
928
688
374
468
782
1248
672
86
1272
1216
330
752
258
488
334
1252
944
736
342
290
78
554
1000
408
826
1264
1180
664
882
14
432
54
172
1126
518
644
1212
668
566
846
582
90
1196
74
794
534
274
744
972
790
952
370
1276
656
504
992
700
858
594
570
1004
46
696
148
98
6
144
810
1062
908
590
500
366
1050
140
546
916
176
338
1220
266
692
1224
598
626
22
384
614
996
1030
586
192
522
456
362
1022
314
896
270
156
798
66
114
416
424
354
842
106
38
480
968
964
622
1204
388
26
1176
806
980
484
180
216
50
400
460
720
220
1066
870
1244
42
786
1232
248
1152
1038
240
1020
728
212
252
1106
684
904
606
1042
1236
82
818
1082
1208
1156
838
136
578
1070
1278
18
188
1138
814
530
890
70
232
378
228
10
1098
562
1078
708
1172
1142
346
1074
1168
936
1008
766
660
770
1054
132
448
924
756
358
152
110
1160
322
392
1090
1086
168
510
420
676
208
526
196
944
354
396
6
1164
1126
838
42
1110
794
274
514
1256
870
114
882
326
578
14
1122
790
258
1188
700
18
1134
1220
278
526
874
22
1114
724
1050
102
656
266
404
1172
244
826
408
208
302
610
180
240
456
90
1240
774
996
756
160
204
236
122
744
46
254
1130
992
294
1142
618
452
862
472
188
314
614
736
444
106
74
440
232
814
1268
598
2
374
1038
1070
574
1020
1034
964
460
270
400
680
10
464
148
770
1168
338
782
34
802
70
192
948
358
1252
648
728
1264
306
476
696
362
318
972
140
952
1248
1208
1278
412
282
518
582
810
1016
176
522
976
184
534
350
1026
496
566
468
228
448
766
1094
86
538
492
1228
1004
432
806
1022
1062
676
778
684
1046
152
1054
164
346
78
606
298
480
558
936
1152
1078
554
156
940
94
200
640
740
1160
932
1204
594
854
622
644
878
732
570
420
342
378
310
128
1236
886
1260
900
248
1180
586
26
1232
144
1176
786
602
216
704
1196
928
510
630
172
1098
428
1224
660
846
30
1184
912
760
764
748
118
262
220
1042
82
720
366
1138
822
634
416
550
1244
1276
668
908
830
392
692
1156
858
212
916
626
384
712
1086
920
1200
50
1146
752
322
1106
1102
924
58
508
334
1090
62
136
196
1012
168
834
1212
54
562
1058
1272
1000
1118
132
590
890
850
664
956
286
688
842
1030
1082
980
716
896
542
968
904
798
818
110
424
988
98
484
38
488
1192
290
708
984
672
370
866
504
960
252
1074
388
1066
652
546
1216
224
1008
330
66
436
500
530
78
634
484
664
1062
700
1278
504
602
266
764
54
1012
752
886
964
440
262
756
208
70
1256
1232
374
298
452
976
1046
400
740
1022
1156
668
870
50
760
578
542
6
1184
140
358
1082
1122
854
704
164
456
1272
232
1216
240
692
798
724
196
728
118
252
1248
302
188
148
680
770
644
102
294
464
562
1030
944
1086
566
270
928
122
220
1106
1196
594
472
392
766
830
980
1130
630
912
500
1228
172
546
810
838
330
1008
354
732
176
1070
1208
58
258
1268
550
362
106
890
342
152
778
952
1020
1220
920
326
244
46
866
110
476
826
248
640
684
200
648
968
1200
720
168
984
346
1094
424
1042
2
204
480
42
786
26
90
1054
144
510
614
1180
652
18
66
254
508
98
530
874
1126
932
904
622
1152
492
744
996
322
948
802
656
1252
1160
160
712
590
10
1026
14
432
1004
782
534
62
818
314
82
878
672
416
460
1240
1066
1172
444
708
716
618
518
228
132
338
334
940
420
184
900
488
526
396
350
1192
660
736
790
960
696
554
274
814
598
1264
30
388
34
806
606
972
1142
468
850
1188
1138
136
1016
114
94
180
282
1000
1098
236
1090
514
366
882
558
1102
916
384
1118
1058
1224
1050
286
858
586
216
428
1260
748
1236
992
1204
278
412
1078
1176
1276
1110
626
676
936
988
1134
436
896
1074
408
378
822
1038
128
310
224
774
496
86
1164
156
908
610
834
22
924
370
74
290
1244
1146
794
1212
1168
448
212
538
574
846
570
582
192
306
862
404
1034
522
688
956
318
842
38
1114
896
156
164
1066
50
326
644
842
18
1118
770
748
1114
220
400
562
62
346
1248
988
1110
920
314
188
14
248
306
496
106
334
1000
728
870
526
652
1138
510
1256
640
916
262
782
270
692
508
392
1070
830
1188
940
1016
984
928
760
550
554
912
98
90
358
1220
236
1176
1086
136
168
972
774
944
1046
176
1236
948
590
6
740
444
404
530
484
1278
968
952
504
582
408
38
294
10
354
1034
140
152
1008
1038
252
282
1078
94
196
338
1204
122
1264
716
764
128
278
420
102
70
932
802
598
1062
904
1224
882
1050
144
366
566
274
370
890
58
298
752
1252
546
476
696
1030
688
810
630
66
1122
668
578
862
822
766
1134
254
1200
1152
684
388
992
1156
736
676
436
200
2
378
428
1208
886
416
432
240
488
184
1232
1168
460
1272
610
452
924
1192
322
172
30
228
1184
980
78
786
456
374
224
964
790
1212
522
204
794
956
514
384
732
720
976
448
826
874
148
704
480
1196
216
286
1074
700
464
594
26
846
878
534
1102
618
558
1160
74
724
1268
1098
440
996
664
570
350
500
908
258
1090
468
1012
46
118
212
542
648
362
518
1094
866
1022
1180
900
1172
1026
22
814
110
244
318
290
660
606
858
1126
232
680
1240
1228
42
160
712
1082
396
614
86
34
132
1042
960
936
492
1244
634
472
1106
656
626
1146
586
1216
412
854
330
208
798
756
342
82
1164
744
302
708
622
424
838
310
806
602
1020
1054
1142
192
538
266
1130
54
1004
574
672
850
180
1260
834
778
1058
818
1276
114
132
716
874
14
744
652
558
136
984
920
684
282
318
976
660
10
110
114
1224
846
1016
1114
806
322
254
384
692
400
1220
802
404
696
492
1130
74
152
1046
274
408
728
1160
866
1050
98
18
794
656
1134
1004
46
164
1138
480
896
1204
192
704
956
258
886
578
676
964
82
626
294
708
526
1078
58
436
644
140
66
936
1188
420
1228
106
534
266
1260
204
842
640
456
598
216
1122
602
972
290
488
306
968
1062
94
668
740
680
574
302
570
228
510
78
1126
1142
594
1106
468
1066
1208
440
1252
748
988
378
148
338
1022
756
830
1216
980
928
122
252
1000
1268
834
1090
42
22
550
1180
1196
1054
448
396
870
724
610
62
932
822
212
790
412
184
606
514
180
1074
452
1278
618
472
546
992
310
700
172
1110
358
496
508
814
1168
1272
996
622
1030
1264
200
634
916
34
504
128
736
90
314
86
900
484
766
712
330
774
582
770
346
370
1118
444
538
1086
428
878
388
566
236
530
630
672
1240
1152
882
38
1176
862
156
6
1042
562
912
102
664
904
798
720
500
810
286
374
1248
424
948
196
232
54
224
1212
432
248
176
960
1244
1192
342
924
648
1156
2
1200
1164
362
464
1232
208
50
1058
1184
476
1038
826
1236
366
858
940
590
1034
1256
752
160
614
392
334
240
416
786
782
760
518
1172
1008
244
350
1146
1012
30
854
1082
168
522
688
542
908
778
764
298
944
818
1070
890
838
1098
354
586
732
460
270
554
188
1094
278
1020
118
1102
1276
70
850
26
144
220
262
952
326
1026
644
258
972
384
118
176
1074
558
554
578
1216
148
1268
890
464
184
944
504
378
1200
850
814
826
766
570
374
400
432
1020
610
1062
882
18
838
858
396
216
1188
488
1106
1012
460
634
2
854
744
626
904
1146
78
248
606
1130
172
444
968
1094
1054
810
1008
346
388
38
794
192
46
562
102
1000
1256
648
354
342
716
1034
574
752
1026
492
366
1192
988
1086
436
188
208
830
314
282
756
128
370
1122
94
1050
212
1236
160
538
1058
456
144
1168
98
270
1152
672
244
790
956
720
618
736
1220
136
818
1042
822
412
1212
306
862
640
614
932
334
514
224
140
106
1016
74
484
948
1272
1082
696
676
286
6
1228
1138
448
1090
440
1278
802
132
920
546
54
582
960
326
82
846
886
294
298
542
274
1172
196
782
566
534
1046
594
1180
664
1156
416
774
50
688
1160
420
1038
708
404
152
1142
1224
1070
204
622
1164
1066
468
668
842
114
510
62
908
278
1098
392
724
1110
168
940
500
984
290
1276
996
976
1252
362
866
870
1126
26
896
1004
70
1204
656
350
874
900
476
704
602
660
760
1264
200
1134
42
508
180
232
692
586
740
1232
590
1022
310
1196
728
252
764
322
22
318
530
1176
428
952
240
1184
408
302
652
928
496
806
424
980
1260
518
1078
1208
732
936
798
34
778
90
330
228
1118
598
266
220
1030
30
164
1244
156
912
122
786
262
480
10
550
916
684
254
14
700
452
834
748
1248
86
680
338
1240
236
630
964
66
58
110
992
770
472
358
1114
522
924
526
1102
878
712
480
14
204
1264
18
830
570
302
184
1004
728
656
688
802
310
774
740
1278
1122
1026
346
956
270
244
492
1008
476
1200
890
224
936
598
842
948
1042
1130
1012
928
444
882
1110
1078
886
676
82
1256
1164
342
744
10
522
1134
208
648
582
220
732
940
118
550
1212
668
274
952
1022
508
156
652
232
912
228
858
1156
456
1268
846
1168
1192
1046
1176
286
298
1272
606
6
980
664
338
1074
196
122
1240
590
366
594
1260
350
50
764
1244
1094
70
1086
818
530
396
1188
22
766
464
98
806
254
1172
460
1070
322
826
794
566
448
782
168
354
854
236
1160
996
26
164
1118
1062
1220
452
526
66
574
306
420
262
172
1196
392
834
778
736
1106
790
810
640
496
1204
634
500
436
192
1000
972
440
542
378
878
252
400
756
180
924
428
1102
1138
240
546
1184
212
114
904
692
128
314
630
290
558
334
282
920
1030
358
1126
602
514
404
1180
432
626
136
622
704
1034
752
374
862
1098
908
148
318
518
944
1090
838
504
34
74
1208
258
798
716
866
992
2
696
874
132
472
188
1058
176
680
1016
140
770
1252
976
900
748
724
984
618
266
78
534
786
102
38
1228
644
42
760
330
700
1146
578
94
1020
46
1248
968
814
106
1142
248
144
964
510
110
424
672
586
326
1066
216
960
1114
30
160
850
610
988
660
1224
1236
278
916
870
1152
708
720
1050
896
62
488
468
712
1038
932
614
484
538
388
1276
1216
294
200
408
822
684
412
58
554
384
86
416
362
152
1054
562
54
90
1082
1232
370
