1261
190
218
1046
456
263
723
1185
872
101
198
504
291
388
534
772
602
105
464
379
711
931
512
53
884
558
138
804
303
763
550
824
1003
723
751
1157
150
1209
138
142
638
888
480
218
899
113
719
512
1185
1138
1181
1150
33
1269
130
1086
69
832
784
751
566
1237
723
1114
456
25
25
432
1153
315
307
1253
1074
1217
1225
1066
158
955
396
538
1102
1090
154
186
279
538
25
327
1134
504
739
69
931
852
955
254
903
707
452
335
254
1011
715
626
412
105
546
1153
1265
1007
622
1205
468
1273
424
1177
488
109
767
935
1094
1003
534
731
1122
206
444
1269
190
727
667
61
170
550
554
884
89
824
792
174
359
9
1201
1185
1241
97
671
667
335
888
1114
1249
1090
947
404
979
492
820
1177
840
796
97
468
526
832
307
643
170
246
93
647
570
1177
295
880
1181
651
283
190
1074
963
496
1209
566
512
804
755
518
1249
727
404
279
919
420
522
951
174
178
480
1205
1007
17
85
359
840
363
546
1165
951
1201
1122
864
759
626
436
242
550
971
375
796
259
53
1209
1046
884
1102
1213
230
230
452
655
57
1173
983
142
919
303
484
1019
480
558
109
101
1229
1169
586
1090
820
1078
347
999
784
719
263
598
651
432
943
947
1130
647
1153
1225
967
57
367
832
41
254
772
287
428
554
743
174
759
602
464
1034
586
1161
190
963
987
412
943
530
759
751
1181
259
518
1134
1003
1229
776
339
550
412
69
1134
667
951
1197
630
1150
999
283
876
963
359
848
319
279
130
275
963
279
755
999
1034
343
655
73
375
840
343
1015
319
214
542
836
178
283
210
367
1003
719
138
85
1189
339
1003
1157
1106
504
1062
776
880
194
999
947
355
1205
610
420
800
363
522
400
1157
971
218
735
622
667
420
1015
452
234
1265
1007
931
97
1019
335
117
125
347
546
134
210
436
146
452
848
788
655
1241
303
275
371
166
594
876
166
1038
1007
550
146
1042
570
440
416
178
61
5
1161
868
198
788
923
194
812
412
339
1126
41
452
355
81
1003
622
731
347
659
113
1181
186
500
1245
113
65
667
634
884
230
1050
955
590
109
979
983
113
880
679
554
939
530
254
117
919
554
1213
1233
1126
1261
222
514
484
1011
65
651
512
420
570
671
226
610
816
383
1241
743
1165
788
1130
444
21
359
202
142
735
1126
991
687
1201
735
860
1257
719
643
626
371
65
538
1082
995
1003
808
995
480
347
739
1221
138
1106
456
880
659
492
735
222
267
73
448
896
899
800
715
923
927
25
931
472
1237
707
546
1023
1098
1011
1090
602
456
436
1114
1015
899
1213
574
1011
643
81
440
832
81
836
307
440
428
379
125
899
1134
634
1
514
594
1138
230
210
311
923
21
77
1090
967
570
1090
824
530
983
892
691
828
927
287
33
375
170
504
518
1269
57
214
683
643
138
1237
675
723
452
622
186
899
542
295
263
424
1153
1007
824
81
45
804
17
41
939
250
816
1181
683
514
931
315
622
271
375
880
683
440
643
554
408
911
1034
93
812
776
542
408
679
37
97
727
800
975
967
109
582
339
291
659
226
182
65
739
634
283
81
456
820
951
979
1130
182
484
323
331
1253
254
335
967
1126
279
864
995
9
339
622
113
267
1157
1034
776
367
767
1249
420
707
170
468
182
554
500
899
1213
691
371
170
820
1253
1193
1177
275
586
327
323
606
1217
812
558
1130
594
695
808
1019
480
121
1209
586
21
1118
788
492
1003
610
832
134
860
1118
299
967
610
1106
347
772
800
598
643
238
1054
460
1257
876
888
17
1201
230
319
271
824
408
77
679
691
679
388
880
836
852
37
903
935
460
1221
582
234
287
125
699
995
1134
1102
711
33
1169
899
675
460
983
480
460
759
85
800
1122
1229
602
331
643
983
1173
464
1165
602
679
436
987
351
400
1062
939
1261
222
927
392
1026
166
667
1011
1086
691
452
598
864
1273
383
634
351
1066
1019
448
542
105
1233
456
852
1193
518
134
1209
820
190
546
590
1074
142
299
375
420
1134
542
404
1173
259
614
1026
363
218
1189
1153
424
246
1023
307
1007
602
150
371
1026
1233
13
359
420
792
647
436
49
1273
311
1122
432
388
412
1157
679
230
1161
1090
1110
1209
1007
226
743
355
287
792
868
379
1078
880
359
432
1233
812
504
876
287
504
931
999
190
291
186
860
484
1217
931
375
896
456
279
1003
1173
109
1030
840
735
856
472
1122
602
755
1153
1177
379
412
1157
999
1090
1253
1146
41
194
999
796
432
355
339
558
796
61
735
1221
1114
154
562
935
73
472
1193
1042
780
1153
892
472
606
456
538
307
518
17
691
444
452
1102
504
259
65
804
1165
1277
1026
899
1066
125
947
963
1142
1277
121
73
574
1030
1003
412
351
1007
522
804
671
218
816
375
610
202
896
606
776
1026
1173
751
687
375
1213
383
1015
347
13
872
400
1042
784
947
1098
1030
61
480
1086
951
1114
747
975
1023
655
154
1062
105
194
1257
967
852
259
1146
158
683
190
707
987
808
170
626
101
323
1054
594
610
840
271
911
73
1165
1142
190
234
323
514
1169
1185
194
606
73
339
250
375
844
331
331
856
1138
695
154
206
1189
1269
456
1233
347
647
416
796
840
899
939
392
804
832
1106
1169
379
53
931
534
319
1217
759
1142
939
1106
379
772
1019
723
618
275
291
444
1150
804
911
951
570
963
117
1265
186
586
1011
1142
33
130
792
472
638
634
727
727
408
327
412
1118
1138
37
464
780
174
651
113
530
371
747
77
1213
514
77
49
57
295
1185
699
412
412
190
687
33
174
448
703
868
896
832
899
514
667
1241
679
991
343
876
343
546
1138
638
331
512
590
586
275
218
1157
432
739
1015
9
45
562
1062
634
1185
959
93
598
1150
1007
999
202
186
158
707
73
1062
1066
788
259
500
975
880
630
440
530
1269
1042
363
97
194
508
214
311
739
923
61
178
206
582
884
113
967
1026
1213
134
626
550
130
150
975
1130
379
542
667
614
1038
971
715
202
37
667
1161
955
97
880
202
113
643
343
500
1249
154
400
214
13
1026
134
456
202
432
679
49
440
566
230
420
105
1026
759
691
880
303
89
476
287
504
307
404
634
117
319
1030
647
868
142
424
29
987
283
1197
695
800
927
955
363
1217
182
125
687
125
130
13
876
492
1023
105
476
570
9
832
1126
852
1
186
319
651
291
562
166
1233
872
202
1098
788
812
355
420
142
1126
574
951
351
888
566
856
947
117
935
1225
89
1165
424
1086
347
983
198
574
81
210
1019
448
927
1269
971
1273
663
1253
480
85
1058
800
582
691
1237
41
1201
512
1253
935
295
408
186
1046
554
582
9
287
1225
1030
816
484
892
888
214
279
492
347
538
860
963
242
618
89
492
518
582
876
359
392
222
586
522
194
347
995
254
198
703
892
1277
518
367
586
416
1229
383
158
699
194
444
884
691
275
606
230
947
943
1142
142
121
17
69
379
614
1110
860
719
311
396
763
570
81
634
675
182
1062
598
460
566
1007
1173
522
816
1038
448
105
562
1161
1019
655
514
388
868
526
363
1269
699
512
1038
29
1233
1213
554
440
335
800
242
1003
1003
987
238
1134
468
69
667
931
574
492
514
723
41
699
452
518
1050
1098
33
85
1221
17
836
687
359
291
602
1185
562
339
939
263
81
1225
383
699
1146
1277
89
530
1066
484
574
238
186
772
739
522
727
550
872
602
238
311
1019
598
1142
472
1030
1050
428
1161
33
351
812
283
1038
287
174
444
263
824
275
1193
420
896
955
622
1078
691
687
335
796
109
939
218
840
800
331
1213
424
836
375
371
546
186
182
1118
800
254
659
927
951
663
888
1110
848
464
125
558
667
630
812
198
214
679
263
412
508
250
1074
351
1042
518
37
530
1074
400
367
456
1221
512
25
836
13
214
896
194
206
598
590
234
1181
504
788
33
347
1074
170
388
210
9
727
343
1042
275
182
687
755
1026
174
49
606
109
1269
464
512
963
651
460
719
263
1118
484
923
81
1138
218
767
727
971
586
759
554
1042
1269
130
784
963
134
17
840
93
735
735
659
1122
546
238
836
1003
558
1054
303
512
667
73
452
81
9
85
1161
590
21
1134
991
41
162
335
29
254
1241
259
339
1126
33
699
375
1003
983
440
767
1130
892
995
911
1241
1273
299
424
259
967
408
1094
383
1197
404
915
711
804
101
820
715
959
468
113
647
1134
594
634
125
634
679
570
1261
388
860
1265
1146
379
476
1261
121
81
1217
432
683
504
97
101
836
206
1114
840
647
703
186
226
1161
238
319
488
121
542
772
1142
784
1050
392
53
375
586
1078
488
880
93
1090
1138
671
755
1003
739
638
355
947
21
731
1090
339
947
586
880
955
190
162
121
323
923
1034
534
452
287
530
586
1142
1058
999
999
400
927
375
242
81
715
383
687
202
951
218
731
1062
655
81
939
125
1011
158
1213
643
570
1046
1050
1098
884
242
1070
53
675
975
844
852
699
755
343
1245
731
101
33
1094
117
146
166
1205
675
1082
1241
514
1249
130
1197
772
512
1181
1225
9
1042
1110
844
1098
500
844
363
1146
1213
1038
1038
488
210
468
1070
271
246
824
1062
77
594
9
113
1185
610
759
1245
484
420
404
739
464
888
1082
351
578
1015
1142
896
109
392
1161
907
500
566
182
488
327
1237
101
500
178
1233
923
892
1098
1241
408
975
146
444
844
13
1185
1153
331
808
1225
614
512
1
675
291
492
37
335
355
1050
1074
21
496
1003
105
146
206
1193
1034
1110
307
800
1241
254
1086
456
37
880
375
93
1007
105
440
1098
975
643
1221
162
347
1130
339
178
259
538
683
396
77
222
315
1038
1237
896
731
89
899
396
57
963
1177
939
739
983
484
218
335
440
198
396
622
796
508
991
1038
17
488
93
271
456
647
896
1205
371
1150
512
166
375
416
562
424
416
1134
101
440
606
210
440
947
1030
983
134
1098
1023
614
1086
250
735
61
1098
416
121
424
1277
844
416
460
448
162
622
723
1177
1066
892
796
824
1030
488
622
440
383
610
860
943
1090
226
562
911
1225
311
194
13
69
351
121
146
379
947
546
554
558
303
896
339
162
279
703
1213
776
1253
727
113
194
323
691
37
267
1138
699
49
1026
542
703
743
214
57
61
1142
496
73
959
546
915
1046
230
113
452
602
554
687
634
347
125
1142
1118
919
456
812
602
150
772
464
840
578
860
876
134
522
125
275
1126
1058
816
939
311
963
484
659
1273
246
347
154
299
860
772
464
472
1229
844
452
452
1102
492
759
41
711
69
1003
1233
218
428
776
919
230
1197
436
448
530
279
61
864
85
780
1181
727
424
33
396
1181
13
530
1153
158
554
1026
546
464
1261
408
259
327
860
327
759
206
275
655
526
927
500
230
776
884
448
550
388
792
872
534
311
1030
198
562
37
832
574
307
626
1150
170
492
263
1181
222
911
967
923
327
651
590
347
679
436
1205
727
166
367
538
1
751
562
1146
776
138
915
242
456
234
1257
73
271
542
731
622
1126
210
428
13
808
234
651
174
816
1225
683
546
396
566
41
440
832
995
683
638
1185
230
504
1169
5
408
751
671
860
444
408
1269
311
113
884
287
643
820
1086
1011
727
359
872
65
1257
1142
1003
73
1011
396
5
291
582
812
182
154
1150
1201
939
41
186
1253
1161
590
1011
283
182
436
755
991
1086
574
1146
146
971
812
554
1130
880
947
275
868
371
178
246
452
911
812
246
1209
65
355
134
911
1042
25
275
271
448
448
512
29
731
598
101
784
959
408
784
53
610
1070
1094
178
1082
512
150
602
884
367
530
412
146
1070
860
1062
983
1070
1225
812
820
1122
558
150
174
1130
315
359
800
1201
880
45
464
804
17
659
534
1233
1273
638
65
1249
432
150
170
218
943
1003
13
796
1253
1273
142
707
89
105
751
546
526
242
739
1098
1042
836
1221
45
767
800
1086
947
186
319
37
1261
1261
1157
347
142
1090
335
1173
899
45
1209
651
424
594
884
943
892
93
150
1122
77
392
731
1038
832
45
246
464
828
299
1007
747
955
287
1277
919
125
514
150
480
448
33
880
558
570
695
198
808
472
65
876
113
323
1082
214
323
848
699
359
166
1201
1142
311
41
1130
739
355
1193
852
134
388
311
1011
1134
174
214
1229
987
711
546
812
907
335
53
295
291
562
848
1150
723
1098
1261
339
162
582
880
383
1126
1233
323
267
476
424
13
935
1134
452
951
154
464
295
554
1221
89
888
522
884
93
1058
1046
776
1102
500
1225
995
987
735
142
935
492
618
65
250
691
667
1011
267
1015
546
959
808
747
1078
659
73
73
198
1118
81
975
41
554
150
428
210
999
788
174
651
939
400
1026
987
852
21
226
767
1130
1181
339
915
1177
630
444
751
1241
150
931
130
1038
206
731
618
17
1086
404
371
287
49
383
206
614
17
1046
872
695
1078
299
703
1257
117
963
1205
81
178
299
1026
162
1277
206
755
1253
735
416
647
1181
959
983
1126
323
57
1217
776
715
29
1177
1197
1185
963
1173
404
1011
931
1050
614
582
959
1177
61
979
812
876
190
987
1090
279
146
959
1233
915
1134
796
618
412
939
1094
892
542
504
719
178
460
534
41
892
416
93
218
1007
101
590
800
130
222
614
375
420
844
759
226
1086
371
472
89
763
307
808
800
1122
1114
134
1205
679
880
554
472
931
804
113
1253
911
1122
396
468
1058
739
488
283
69
77
210
492
343
931
355
691
500
162
767
856
1181
1146
1126
392
347
339
49
995
307
174
1146
1007
727
29
1229
283
109
1110
884
880
218
359
550
1237
1249
21
1082
675
29
182
1253
460
347
739
695
1277
400
671
222
408
884
363
630
739
864
943
586
263
202
558
1213
1229
158
715
283
747
1130
1173
1066
134
715
134
655
999
1078
117
448
715
995
1114
594
699
134
1118
931
121
436
93
508
923
1233
884
538
751
1019
77
735
182
1030
1003
1197
979
214
154
275
392
923
134
158
214
1177
796
174
13
186
907
444
979
1221
634
347
464
1015
899
832
496
1225
731
767
85
939
1249
907
610
355
1066
1257
343
17
1249
691
1130
707
359
1118
864
412
1138
844
963
784
472
947
1209
388
363
792
971
355
65
816
963
1030
542
602
1142
113
735
311
699
1173
667
174
1138
371
860
238
671
699
655
57
73
351
9
267
687
440
226
1102
719
65
979
186
776
130
41
392
1245
1062
836
1030
971
888
49
1050
955
125
1122
1241
1213
1082
400
65
113
1094
254
983
271
1173
170
472
1011
206
226
259
840
763
1050
824
1122
404
884
679
566
971
267
101
404
1090
767
618
735
659
959
476
121
679
367
97
1257
170
550
626
496
804
416
832
508
840
400
1062
327
162
174
763
29
1177
896
630
246
1217
651
424
1082
759
432
408
979
522
468
671
763
963
1142
856
190
77
214
896
594
1094
919
1185
1118
89
1221
955
1050
1106
202
291
1181
408
174
424
41
1253
81
327
476
456
683
480
699
1229
1233
626
396
558
283
379
101
622
400
138
848
1070
848
671
1142
719
860
468
1269
614
113
1150
25
1221
888
1122
496
13
1205
955
1233
1082
1269
468
1205
89
1146
899
311
566
812
142
1086
1015
915
508
699
1015
667
283
206
903
836
331
888
776
767
1
158
1090
880
776
927
852
955
1193
927
1
907
416
896
824
408
396
562
687
464
194
1161
739
1070
522
582
37
1241
570
856
428
170
1066
1253
582
1197
61
832
383
671
331
1066
687
896
1118
808
659
412
776
355
1118
138
1102
150
844
1253
570
190
383
963
166
1225
1169
747
622
351
884
1054
1019
182
683
319
1058
614
530
703
1213
65
939
93
872
492
49
400
1118
574
113
1003
796
472
903
522
911
29
77
796
840
776
375
504
202
1078
1074
1070
1185
1213
943
792
711
408
800
327
81
1161
1026
1261
1102
214
472
134
1030
113
170
355
743
109
590
41
1
987
13
1233
166
844
158
1098
400
776
931
263
400
943
355
1265
987
1261
947
971
174
995
586
824
379
424
1019
840
375
1
162
404
1181
638
452
472
331
170
1261
1114
804
618
751
975
691
622
1110
41
1058
246
263
198
1173
303
41
598
327
1142
1074
647
1245
267
182
488
590
691
723
1098
643
448
500
935
868
400
130
424
432
663
339
1146
751
335
420
29
1086
275
109
226
788
763
647
93
327
45
1269
975
307
150
85
896
456
375
1245
275
602
586
915
335
186
675
283
1030
884
915
1193
667
476
1161
105
388
218
263
546
267
699
424
614
699
295
283
89
735
323
1221
983
614
206
518
480
1122
436
464
41
242
379
1189
105
146
97
210
808
1074
723
767
836
432
117
379
1221
404
359
363
1078
538
820
647
663
602
379
995
840
1030
707
999
73
856
254
9
772
796
339
634
947
630
610
860
97
267
504
872
1054
518
643
542
582
695
77
1233
1054
53
158
1066
77
626
222
448
117
412
522
824
542
468
522
400
1086
570
570
186
170
1225
1229
1165
500
400
504
1217
125
496
138
146
911
436
935
915
460
1011
460
755
907
1130
711
1185
582
508
808
751
37
683
1273
1269
955
488
923
1114
476
840
598
876
1134
538
719
182
45
113
1030
707
751
943
166
522
747
691
154
622
81
5
436
379
125
5
884
33
65
1058
432
315
492
792
480
121
448
105
37
892
452
29
907
614
97
480
864
1245
735
935
931
530
735
812
271
943
1026
456
659
49
1197
602
1177
1011
967
9
125
283
218
456
460
518
33
828
226
335
1030
888
643
868
634
971
1165
1261
995
21
480
1054
715
476
1062
488
1
198
1221
480
915
263
747
214
667
1086
383
586
1038
679
367
542
1015
550
860
927
468
1217
331
1209
166
526
13
33
606
1245
975
190
514
371
428
796
303
1007
1034
371
647
464
1237
1078
546
1007
911
347
1134
896
496
943
856
500
230
518
492
959
606
214
1106
852
1225
755
951
951
919
1146
134
663
464
610
81
444
170
480
911
134
359
37
222
41
983
311
194
1142
1185
283
832
772
512
279
186
295
202
267
1253
492
1038
331
903
931
1213
93
1205
343
1189
991
194
500
456
1122
1177
707
226
780
1217
800
287
840
5
1102
943
590
876
404
1273
911
1023
719
1269
1241
460
347
598
1189
1225
174
13
1237
935
1130
49
594
626
606
1185
792
1197
828
896
1157
731
1201
667
1130
339
800
683
444
820
464
788
888
975
504
307
448
416
158
784
1173
923
178
967
113
392
991
408
1205
162
1114
492
703
663
610
61
630
727
570
182
899
343
643
659
820
142
679
872
1213
101
772
935
1146
1241
707
715
323
400
618
500
816
955
594
472
1070
731
634
134
1074
138
947
772
93
1026
182
1142
987
1034
864
947
259
1134
951
448
242
125
695
81
194
1150
367
504
899
816
1142
1157
13
755
715
146
37
691
299
396
530
844
1038
351
943
1265
1106
456
707
150
566
792
210
643
784
1015
283
37
987
53
150
626
951
1015
117
1173
816
81
17
125
683
29
379
1209
1153
888
1015
1213
1213
1130
719
550
250
396
1030
1062
1106
1261
1046
651
1197
1142
963
283
154
723
1229
598
955
927
1034
230
343
1078
780
840
117
1269
852
763
1134
715
303
955
130
37
995
614
899
371
206
759
73
1098
864
1094
578
109
586
17
526
1130
759
468
1054
643
61
158
488
508
731
759
53
1007
868
963
89
456
61
1019
919
1249
820
907
101
222
703
903
655
715
1015
105
546
472
500
943
275
679
796
508
675
707
65
1177
1086
570
250
1185
138
182
939
388
279
880
679
675
963
93
1261
1130
703
73
464
101
379
820
1201
41
522
1070
1213
448
554
514
1026
999
29
927
1042
1253
396
347
808
663
307
1050
776
97
1078
170
947
404
602
743
534
125
460
121
468
820
121
526
1169
727
707
1169
1165
747
606
259
375
1090
146
695
162
987
1019
452
880
759
860
788
77
440
683
508
162
558
959
61
327
1003
1237
186
1225
400
538
355
5
1054
230
121
590
594
271
444
888
671
339
1157
995
1007
1173
522
566
530
824
45
464
41
1142
796
1197
751
351
679
1078
526
518
574
1261
1007
951
1277
404
911
142
77
931
81
711
21
868
130
931
562
29
375
1
832
691
1177
472
868
522
719
1193
1062
796
37
586
234
21
371
514
476
53
514
772
396
53
468
1110
492
1122
1034
472
780
186
404
1023
238
1034
1142
130
614
299
1201
194
182
134
780
888
554
711
780
911
1146
125
562
832
1249
963
230
1153
73
432
9
1054
508
808
1253
951
1157
283
351
1134
222
836
1146
715
242
836
85
238
1161
796
89
1019
512
699
899
767
884
105
1225
17
1094
715
331
1082
65
53
651
534
101
254
194
759
772
1015
1169
428
675
85
242
903
1003
476
755
602
1205
1273
113
1249
488
327
1094
142
1201
1098
311
630
130
751
923
142
820
484
699
1114
983
1046
1102
1007
307
1157
614
238
367
508
634
852
651
1070
610
558
776
582
117
574
130
1082
500
1034
315
947
1126
832
618
884
134
428
138
675
800
590
440
907
927
534
582
1098
719
452
363
1265
275
719
250
626
1157
816
939
522
339
1050
530
892
784
1034
836
723
987
194
1015
138
1070
158
864
1098
614
1205
73
983
647
530
45
939
283
1157
1201
892
727
1209
25
979
105
800
259
919
1054
844
339
1169
550
995
295
37
134
1193
1074
1098
1241
146
943
420
1193
534
1265
735
759
158
860
29
1201
1221
25
1261
464
29
432
311
1257
1082
113
931
659
530
546
711
630
182
117
796
999
991
93
975
999
259
263
582
1066
896
271
202
955
1249
586
751
1161
598
1078
824
500
178
1003
763
1185
242
1217
408
33
534
230
299
230
1189
424
683
299
983
570
170
17
971
538
1193
735
283
61
683
614
291
784
1209
1189
97
1146
618
1225
1161
999
456
606
210
1122
1046
416
1249
61
892
1185
1150
508
687
792
679
134
566
792
343
1098
554
5
57
1241
558
1189
1046
452
967
514
238
65
472
554
416
695
420
1233
331
711
955
5
412
210
659
747
1046
999
1122
1007
436
582
856
1007
347
602
808
1257
983
13
186
508
134
911
1011
1150
979
695
287
146
65
776
1102
61
1177
319
89
1118
526
903
892
731
500
327
590
319
1070
182
530
1150
675
1102
788
1181
872
538
279
1229
1026
500
400
1015
428
1197
967
89
105
174
347
1213
776
784
983
542
480
983
315
367
703
614
963
1197
832
246
1229
121
315
408
508
951
1070
130
550
472
804
480
1138
416
45
1126
97
182
117
788
1153
892
518
991
888
484
534
460
1030
178
404
448
1098
1126
77
598
29
45
951
991
287
832
45
550
162
436
804
1070
1042
1015
432
759
991
836
77
81
303
892
263
182
836
166
943
1126
800
452
73
250
339
134
1225
935
1261
154
440
174
230
1019
983
1110
711
428
194
150
142
307
586
339
1146
238
1042
884
222
170
1042
210
77
484
530
1205
323
343
518
1034
57
1122
222
436
1086
508
436
675
570
492
836
158
784
41
643
856
452
512
606
1277
81
331
763
484
53
1273
1042
1153
508
647
1026
53
788
1090
731
448
1086
1110
1110
154
109
1153
1213
550
1157
512
504
943
174
1062
804
130
512
359
983
739
892
246
939
995
923
162
1229
1034
351
755
49
246
1213
113
53
444
1046
162
291
1030
222
335
319
534
812
267
1122
927
751
820
1237
1046
675
566
935
1102
85
142
1003
598
1102
210
1122
319
1185
1181
792
41
436
860
105
254
776
307
1054
436
911
856
17
254
578
808
1217
452
125
476
719
695
468
190
1150
1114
1062
719
995
1177
263
452
198
872
1181
1165
550
355
484
971
492
630
25
125
884
594
1
772
1130
872
375
1106
1023
339
162
392
436
1213
1241
1209
622
967
876
719
598
339
1277
860
518
17
412
283
134
412
876
967
1070
971
1026
518
836
784
408
1241
134
566
476
971
218
963
1090
675
1130
339
1034
1082
963
1193
1090
444
1074
1185
594
331
1003
125
919
1066
667
832
562
388
558
606
379
1034
530
65
1038
1130
840
747
963
432
291
622
125
508
335
158
812
259
1034
667
154
872
1205
69
512
130
784
472
852
647
979
939
743
1173
158
73
49
610
1042
1209
1007
1205
780
707
526
911
872
1
951
1177
1110
530
73
1150
872
723
1122
299
1130
101
856
142
679
218
1197
93
638
1241
695
194
77
880
230
242
1019
323
351
1050
876
1153
178
1197
514
335
566
416
1090
800
49
1034
214
711
691
45
1157
134
1007
396
226
840
931
29
691
496
1257
755
788
1118
146
991
542
1038
610
45
1241
9
979
979
566
1034
594
840
1253
307
432
836
392
379
772
526
1118
1082
896
943
1221
1130
911
868
983
500
643
546
162
582
61
703
1233
492
1015
307
590
263
876
1209
864
618
1034
683
307
166
134
659
622
647
971
1213
428
1241
174
210
464
1217
1249
634
1134
727
65
1169
375
1102
1209
1023
610
335
17
25
158
1
53
1034
1070
1090
1034
331
687
731
1237
542
739
618
667
484
218
1229
907
400
198
254
679
271
1245
1193
804
1193
719
303
776
840
476
522
444
178
1011
590
546
21
751
626
578
542
194
323
788
1090
638
226
903
81
959
101
1034
687
808
1078
234
634
919
663
138
1181
723
1173
848
1011
396
198
319
331
864
444
1241
610
460
440
896
671
81
780
472
530
1229
804
967
250
784
404
715
784
287
679
13
1070
250
339
967
1106
610
254
134
1126
1146
852
291
428
105
1197
622
81
683
707
1074
923
460
162
85
1217
1114
351
864
707
448
939
138
899
375
755
606
872
291
424
61
1015
45
991
29
634
428
392
1023
295
1126
1118
915
594
983
518
808
436
864
343
852
991
154
727
154
134
311
61
683
202
508
1046
804
436
226
1185
158
675
687
53
162
586
828
250
174
578
476
218
832
1062
468
174
1217
77
1150
1169
1225
472
896
880
630
1114
166
1011
1046
468
1019
1221
226
951
468
1019
508
1277
747
943
41
836
534
404
1146
719
242
915
424
408
1165
983
283
667
291
202
105
472
259
574
492
691
888
788
923
723
651
1142
1106
190
780
158
1126
747
663
412
57
939
146
1241
230
1209
37
323
739
202
888
923
452
759
1090
190
267
780
259
554
610
85
138
134
263
643
975
848
1157
1030
667
500
711
214
41
1094
999
1201
594
134
614
655
963
1003
412
226
1138
695
1015
643
546
1241
1138
138
57
283
947
371
735
767
250
343
347
504
1011
804
162
371
915
1026
456
57
667
659
614
21
61
695
1201
89
335
739
792
375
1245
1090
432
440
1138
840
832
1138
703
1114
836
800
1134
1177
400
1102
460
651
526
1150
784
598
979
892
1150
174
150
594
1169
379
1189
496
514
796
1193
295
1019
45
343
1241
492
142
1229
667
392
927
1122
800
840
518
634
1066
170
699
566
618
331
1150
412
1253
1189
699
29
33
1118
1201
375
29
755
723
275
355
1201
37
915
1110
1177
951
1153
85
868
408
1233
81
1106
892
412
476
546
1015
915
371
1261
816
1273
816
271
158
630
1034
182
121
526
138
130
840
250
638
1134
1094
263
166
182
558
538
534
311
331
614
444
618
780
570
9
707
1261
979
1122
776
638
719
884
1229
53
331
743
820
327
804
375
1269
711
242
971
291
911
206
534
1221
154
1023
1237
1181
150
1026
271
927
1257
800
105
210
154
703
375
178
896
1015
142
33
464
331
967
776
852
1221
715
903
480
911
142
77
400
41
864
436
1205
1161
731
1181
1153
1229
1058
158
820
101
1102
1030
683
315
25
512
1205
351
538
518
456
1094
719
739
432
1038
947
1074
69
53
687
1046
21
522
416
663
1177
93
279
1261
1118
85
643
844
500
202
182
142
263
1138
979
675
707
872
852
1245
594
1221
759
319
755
919
287
456
73
703
534
759
1074
315
522
923
1237
436
85
331
101
919
671
1038
404
1094
590
1150
739
1273
594
1118
512
1213
246
1106
351
836
65
1205
299
37
327
840
1066
323
792
9
190
1233
17
1
1015
767
69
1273
460
691
899
1090
468
1023
472
134
392
424
943
975
496
113
1015
566
967
991
655
800
715
643
291
884
622
971
404
991
267
923
832
739
907
97
9
81
222
915
492
1134
1038
25
772
856
792
963
983
983
772
267
444
1106
283
955
1062
651
299
884
412
392
194
113
1023
263
480
41
542
747
295
780
582
263
271
81
259
582
33
606
655
1086
679
472
1003
93
311
1054
113
1058
9
299
53
416
263
472
311
174
214
915
602
888
687
562
1130
73
130
667
1122
594
166
158
534
759
416
85
311
755
150
1165
234
190
848
468
174
788
1030
715
343
1277
1245
776
522
719
101
347
707
626
355
412
915
1189
174
884
303
138
880
606
844
820
512
1157
331
804
1173
1050
45
1118
763
707
679
860
343
622
202
319
872
432
492
812
271
1046
598
508
776
1241
121
1142
896
134
500
723
727
460
512
444
1142
903
1078
638
250
1245
1245
238
963
130
1042
626
570
1261
526
947
804
691
359
504
1086
1106
5
1169
307
436
1233
299
1062
699
643
586
931
359
546
1269
45
578
351
492
383
907
1098
412
820
651
404
291
687
788
383
408
1177
675
279
440
626
856
816
935
1269
796
1058
230
1058
363
250
25
808
820
759
903
1181
935
947
29
279
659
1098
1106
546
1177
1082
222
939
836
955
283
864
29
747
1070
1173
1098
202
1050
868
582
392
1277
89
1082
1122
892
1086
776
1094
1110
776
9
1241
1110
1007
311
85
1019
622
715
77
896
339
105
1261
651
671
1094
101
939
836
659
1011
931
562
472
735
311
428
230
590
1138
1253
1122
872
971
880
230
182
772
1034
1070
915
367
17
226
117
1114
186
747
776
683
1074
371
530
683
5
868
392
1233
1253
1102
97
903
359
1146
29
983
456
691
792
89
416
508
959
1153
428
1229
13
1074
967
634
367
975
492
138
755
856
186
1038
379
967
935
150
154
538
355
939
1249
723
614
117
1229
828
93
436
1197
884
299
1074
852
892
840
234
1134
915
396
339
534
522
142
610
546
606
991
927
542
864
643
1011
432
371
671
1066
1062
174
331
872
550
1241
1094
872
351
1273
824
788
550
554
1229
476
659
816
931
49
190
1023
359
614
923
538
546
903
396
45
41
687
975
222
796
727
460
238
359
860
868
534
492
1130
808
464
379
723
323
432
840
772
1161
691
763
816
323
947
218
476
711
840
824
1138
852
456
987
250
876
428
667
1177
113
323
1193
504
755
259
598
85
570
788
109
125
1193
287
995
484
534
626
743
468
388
659
259
396
1157
1142
804
303
1146
311
1245
275
667
1197
538
1138
29
1193
242
267
1034
1086
170
651
715
1086
105
667
242
359
872
379
1173
967
404
230
735
816
69
186
1213
522
1126
259
939
800
492
416
832
25
41
1094
751
1253
101
776
1090
379
606
81
311
73
299
1015
1181
1015
1023
178
526
999
1161
687
311
1050
792
33
643
254
53
1173
896
267
852
711
29
1269
142
763
444
125
1003
832
1161
731
408
496
41
1221
872
1011
1177
947
448
955
903
1026
1046
856
496
1038
899
117
311
995
663
695
856
287
210
335
186
162
1165
291
49
412
77
1058
743
178
983
190
667
295
218
955
69
1007
683
800
610
363
808
1142
943
307
1050
400
999
238
138
864
530
1078
162
884
1
919
963
