3521
2262
2117
1225
3967
1285
1951
874
3687
2207
3539
3675
1638
2188
1917
1833
896
3100
1363
2444
491
3706
3928
2351
555
2120
2131
937
1347
1325
476
2894
2033
2899
3417
2592
3557
873
3855
3315
2544
2037
1677
1641
1282
246
3954
2121
2018
1288
691
1535
208
3077
556
1651
521
776
1576
1700
3128
3034
1708
2702
265
1645
1906
2833
485
1992
777
1069
2254
2828
3923
628
3883
1093
1089
3016
3094
1482
489
1220
2358
387
323
2814
428
3774
739
2014
2895
805
964
3505
3947
840
702
2951
2386
2724
332
280
529
2164
3836
654
3595
2903
1654
900
2189
957
1004
3514
551
3697
3680
2784
542
1064
912
675
3376
701
2954
2990
1294
1411
2761
497
2163
837
676
878
3490
3920
2182
2356
2136
3792
996
192
245
3332
328
3613
2584
3736
1450
3824
2374
2792
778
2125
3766
3918
2149
44
2866
2746
2152
699
1834
1589
2208
467
1425
276
2056
2646
2929
52
533
2641
1838
933
53
4007
513
3390
2856
2375
2322
1008
3327
847
2170
3177
3499
2044
1256
366
3007
3089
2606
1736
3355
3252
90
2141
806
1150
1073
104
1739
1583
3979
2184
102
201
3773
1922
3925
3818
2297
3124
2573
1324
2832
588
2161
3120
1253
2829
3352
2900
2654
3033
2816
2515
2203
450
2618
257
1527
816
2491
3284
2256
3927
3711
2568
1413
1273
559
1200
3441
74
710
3799
164
2963
2800
1390
3608
846
2545
3519
412
2615
1174
658
1901
1218
3778
3060
2972
1268
2181
2496
616
3735
2259
3760
3346
3150
4030
3850
1898
940
2975
2390
1023
988
3758
1444
1103
2706
2870
3743
2067
188
1742
597
3119
2412
2093
180
2050
3340
81
1884
4020
3247
2718
2159
2530
612
3541
2528
2860
2285
426
2670
3906
3408
574
226
2505
3009
3074
1564
2268
138
2142
2957
3586
1697
2514
2027
709
2323
915
950
1623
3080
767
1204
2084
482
2845
3026
1456
1796
1393
2519
4093
1186
3266
1470
769
1931
2414
3020
66
938
3821
1321
3604
494
3392
3231
2272
3837
3511
347
3630
153
400
3731
2927
4025
445
2776
1172
3832
2456
4091
361
1863
2075
2063
2941
1594
1647
1630
3526
1557
563
2070
3800
1849
1861
3689
1350
3380
916
1277
2548
1120
2226
3234
682
198
2267
3993
1924
4090
1679
2242
205
1841
1184
3432
3619
3097
186
1987
645
2104
1530
1091
2732
3987
4028
3131
294
3977
2331
3831
604
1698
69
3030
1818
1095
753
3749
3474
3542
18
3248
2055
2498
3573
766
3894
2636
3151
3463
1403
1381
1937
2158
2144
3714
393
703
2423
1373
2880
1437
2348
268
2570
2667
885
1180
1192
3885
923
319
360
2661
1683
558
1615
1412
1210
1686
1943
2531
3127
3643
2851
3469
3385
469
1656
2427
2361
1462
389
2727
845
793
3125
2778
3746
941
1936
3268
678
745
1738
3206
3919
3804
1724
724
2857
2878
1118
230
2311
1164
2258
781
3156
4080
1366
3796
848
3051
3768
1754
79
2064
3382
2264
212
1261
1689
1159
1874
437
1458
3099
2639
3192
961
3479
122
721
2767
3677
242
380
2863
1417
2355
2143
1128
3916
1083
1066
1215
118
1625
3354
3933
1726
4004
1028
4040
1798
913
3602
2367
1244
3318
2333
2821
3942
2802
3634
955
493
1252
2330
2905
3445
3371
1116
157
2009
3037
419
249
561
2059
3625
312
95
546
1866
221
217
2790
1441
2199
2110
1194
1825
2918
3063
2048
2710
3092
500
448
2072
1058
2452
537
796
3868
718
1626
1963
3217
2492
1691
2935
1473
794
2840
1329
834
1554
2234
1593
3162
1575
1484
635
1302
3279
3951
2791
3317
3684
2982
3958
3270
3660
3001
602
751
2517
1749
1525
3755
3497
1750
2795
383
2644
797
2758
455
3078
2740
1591
3447
2250
21
502
1687
2869
420
3616
1051
3825
3639
3298
1763
1102
4042
585
2082
2150
2191
2415
939
618
411
1071
2630
1317
1993
2884
2100
342
1512
2602
572
2097
365
1079
3211
3269
3666
2801
3545
1427
175
1546
3139
2206
1443
3699
3188
2978
2304
168
822
1208
819
1801
3428
3682
3601
1503
1671
417
968
540
3752
3806
672
842
798
3438
3718
2428
1335
2424
2232
2804
4008
443
359
1830
73
1190
2995
1476
2733
3351
139
924
1131
1960
3533
3360
3500
2921
3410
927
1613
1786
3633
3203
3291
3580
148
3719
2783
333
3072
4056
2852
3400
2398
248
4096
716
2693
2948
3106
910
1260
3214
3168
854
3183
632
3907
4016
3829
3797
3944
752
1221
213
1162
1784
2728
3171
520
438
3840
2245
2586
2835
3387
120
457
989
2393
506
3862
2674
3129
2209
2499
2940
2109
1500
199
3537
292
1419
734
2204
2970
1039
3056
1729
3890
1142
3729
3565
3082
1587
3554
1877
1847
1803
3507
185
3570
2599
2865
2276
3813
1275
3715
3517
1303
3791
1005
22
673
3209
1787
1298
1695
3230
2652
3335
891
3071
1213
3329
3434
3312
2741
1086
2078
109
351
2053
3655
3218
163
1371
1840
1570
4045
1199
1568
3235
2080
1235
1761
1599
1158
51
239
194
1027
3857
2617
2118
75
3685
3473
3494
970
2243
2166
1388
2810
453
1673
1986
282
2691
2888
2036
2413
1893
4036
1947
3138
87
3166
4084
1542
3562
1991
386
302
170
2281
608
58
1932
544
1019
759
1408
600
1550
3628
2016
1108
887
3530
273
3047
2626
730
4062
1331
625
3814
1665
1536
3325
2588
603
2955
146
3022
227
3323
1892
1846
296
285
2005
3973
3593
1927
1240
2409
1154
1359
1559
331
741
2781
1084
424
3443
2193
1660
3274
2628
390
1517
1921
385
2077
339
3122
3816
3691
3272
1155
1340
3524
3861
2354
1855
3306
687
3134
133
1179
1553
1031
1885
1770
1894
1145
1045
704
3229
2598
2620
931
857
1762
1374
290
1628
1400
2607
2235
2221
3492
3484
2572
3739
1001
1605
1311
2811
237
344
2198
3289
2368
826
1669
1428
2936
3578
3175
195
206
1802
3436
334
1436
953
2765
982
369
463
2366
3389
3843
3459
3405
135
976
2263
2924
623
2697
487
642
785
504
3784
1794
2313
1022
3721
3285
40
2435
362
2730
1759
149
191
1239
2799
174
525
2011
3326
1953
3196
1565
850
2847
1337
1367
125
368
1558
2595
1670
693
2798
3462
2786
1580
707
3787
1012
2357
144
3645
2536
2744
2260
3245
2344
807
3877
2065
173
3659
1212
3450
977
1999
1548
1528
1959
866
1844
1806
464
980
2448
636
1879
3265
1620
1514
1228
3867
1486
1176
584
2708
1772
3636
1807
3446
2466
2454
1377
2601
1859
4000
1105
2679
2812
3054
314
3015
2179
1135
522
647
1767
2735
3516
3700
1976
2558
944
1780
2389
2753
1292
3159
1007
3582
607
3096
2961
2713
2566
1481
748
1396
2223
34
177
1141
934
422
881
3581
396
1643
1344
1634
3348
3782
1099
2533
1435
3988
1251
3109
3104
1730
541
2874
1519
3163
832
466
689
3911
256
1053
27
1522
3215
789
3644
3058
3587
1657
2384
1122
803
3793
2137
158
4053
3365
1914
2843
818
1362
3888
1171
176
1168
4069
3232
2666
2907
3895
918
4037
2803
3239
799
259
808
530
2913
2964
3952
3667
1886
1129
3017
456
3342
2145
2742
2469
3470
813
1980
3759
3010
3610
478
536
2475
3724
898
4073
614
2981
2160
2504
1814
3044
1121
1590
1904
3785
2115
2089
2410
1970
2850
1752
1018
1940
1153
952
405
1962
2441
3881
2891
1941
2897
3174
141
516
994
1000
291
349
3460
1907
637
2178
3381
1254
2028
3449
2058
1741
2298
1948
1909
531
3250
889
2999
3014
3848
2659
1041
686
1966
3415
1713
1474
2911
2682
3416
2938
2175
2219
2289
1828
3946
1237
2045
1036
324
599
3263
1271
3535
986
3486
4035
1448
2464
2046
289
2134
3431
3950
2690
42
2559
985
275
3640
2168
1354
2218
2404
3310
2503
3045
65
2959
2793
2482
800
3905
193
523
2215
172
384
4059
1800
1790
1368
2007
2593
1862
315
2487
3300
3040
2278
2967
747
1915
2451
2035
1710
3577
3898
3489
3198
299
2862
3812
2669
2889
2214
414
262
3429
96
3765
3621
3029
1138
1034
147
1824
1896
215
1776
449
4076
1395
2335
209
38
3383
1033
2631
2555
3567
3241
2306
1230
2651
2420
2138
2561
833
2883
431
2062
3283
1013
1378
1035
1134
2859
3854
1383
3910
1631
1602
660
2547
3465
1985
743
2510
733
2310
2977
61
2113
3334
1067
3606
1223
571
318
2392
893
735
580
3702
2902
1668
2292
715
3273
1202
3311
1870
2341
2698
2611
2300
1945
3004
2284
1322
3694
3242
3204
1193
3972
2236
123
3959
3553
2472
3350
2532
1266
356
2949
1666
117
264
1603
1094
244
2520
979
3975
1464
1617
1744
1693
1639
2478
3770
94
992
867
3698
3356
2838
2370
2343
2979
3243
2274
3872
1684
1856
2288
24
3491
1259
510
3663
594
1843
3147
1166
2834
106
2468
1748
2625
1341
2026
883
1607
1837
3614
1357
1201
1454
3903
3651
2494
2174
2952
1111
3108
3193
1632
3091
2946
1561
2155
1151
156
3638
62
2909
2102
737
2825
648
3472
2394
1460
695
1075
1688
2156
507
1010
3802
1410
2552
3292
2238
2634
2657
1397
909
3809
1062
2892
662
3772
1733
340
2988
2211
462
3398
3296
1115
3504
2229
2462
1305
959
2660
151
3425
1494
2525
1911
501
2553
3938
1769
1
3997
305
1810
2750
2332
2716
869
727
4079
2135
1977
783
2854
535
3395
2576
2474
929
161
511
3225
3984
2577
1299
1954
610
3775
3653
3222
1433
3378
1205
167
2711
461
3236
145
3738
2509
4067
3780
3477
3671
2989
712
1597
233
1304
2379
3468
3559
2820
684
573
2699
3502
3981
2251
2040
3609
398
3870
1957
1361
1854
2904
1198
474
2922
394
1889
3599
895
2324
3930
309
2307
2030
2074
3551
1791
3101
998
1185
1595
471
935
1652
3287
3475
1872
870
626
2436
409
2581
824
2722
260
3992
229
2438
3143
2132
1241
1994
2315
749
1124
179
251
327
3548
3197
404
378
1816
3563
3705
2023
235
2647
3534
2709
4060
3624
3726
1385
3295
2822
3133
1572
3737
2455
3656
1183
2222
839
859
2352
3201
1661
3622
3276
2489
2678
674
8
2019
2277
2885
3466
2167
688
1052
2719
3024
1845
12
3421
801
3841
1913
1955
1352
1979
2411
4064
1365
2293
3852
483
1440
2446
353
3547
2495
863
3962
1636
231
644
2685
3189
3936
1495
653
440
2736
350
1821
3257
220
470
1424
160
1276
921
3373
2296
1188
2500
2823
2622
973
183
1097
91
3575
1338
3240
326
1706
1507
2969
2788
1996
1415
2360
2780
2771
1290
3891
131
592
1196
2714
143
1883
37
4010
1038
4014
1878
2476
3113
3926
2418
2507
3324
787
3956
1813
888
56
224
2757
1493
1391
2589
2337
2925
3181
2692
2818
2249
270
791
2001
756
458
3281
1234
2943
1100
3320
3084
1471
3953
3179
2965
3170
2395
2516
3185
2550
815
1728
2095
3649
1868
3067
3579
1888
1178
589
1720
1143
1663
2372
2508
441
3555
865
1295
1829
3251
3440
3493
1910
112
2127
1446
828
697
3960
2380
901
1676
1376
2171
2934
1264
2382
3594
3673
2638
2326
3088
2024
2301
3002
1309
2867
3422
2663
2689
1327
3244
1586
2407
1584
4095
1406
2612
499
2619
3949
28
2919
692
50
4003
2481
423
1655
1681
2140
2632
2984
1569
3851
1973
1216
1398
1873
1573
1046
382
3115
838
3039
2406
126
1318
3875
1491
728
492
1764
3404
2756
1902
2610
2762
287
1890
1618
3961
844
761
2624
1703
3871
2447
2968
3884
1025
2471
1788
553
1353
3642
515
1333
920
3549
2567
2486
1714
3370
949
306
3717
1631
2011
1208
2628
2872
580
83
2219
3745
3998
1008
431
1787
3742
3829
3903
3642
2708
947
3846
2984
860
1231
599
1444
430
1854
2087
2445
3114
122
2595
323
2236
2740
3222
102
3001
1962
1540
2394
3020
1100
3087
3019
3699
2844
4060
719
1532
168
2378
810
1193
225
314
1027
3634
3132
3572
1177
3749
1215
1225
2202
3308
320
2281
1211
1559
436
1818
1221
3237
3738
800
2717
983
2995
1556
1050
3228
1802
796
2981
1110
829
1205
3912
3582
739
3835
1768
500
3918
3800
434
2751
2935
3909
3542
2240
3655
2870
18
2946
2499
811
2728
2475
755
176
82
1094
3698
1901
935
1470
1805
1155
1728
3639
1500
338
2793
3090
459
1829
2271
3691
3418
1507
3178
3947
1843
710
3937
3689
651
3508
1361
1068
2592
2721
2527
1181
1688
907
1974
1023
1045
2104
1695
3082
633
204
919
595
846
1995
2663
3900
2819
1898
743
1210
3854
952
1691
3206
259
672
181
1287
789
3489
2978
3295
2510
4017
2069
2070
3371
1434
326
581
521
1201
1552
2857
3924
404
361
2706
329
2804
3890
879
1064
2137
1013
1426
1296
3616
2752
2912
126
2025
2596
3906
970
2244
3436
511
1124
2062
1014
3975
4018
753
400
2665
1964
3173
120
3437
911
1446
2619
2917
3565
1973
936
485
1662
2298
1709
1071
391
2309
3999
1685
1622
340
1826
1554
2484
2163
166
1362
3181
629
3472
2770
987
1512
1098
2146
3527
3030
925
3878
2635
1641
955
2006
3135
1128
3833
1106
379
2255
1260
3118
2159
3755
280
519
3079
223
3528
2047
107
3553
3174
3811
4086
4005
706
2864
157
3636
3804
2741
316
704
1151
1236
582
1321
980
3715
195
1235
1648
1753
1433
1730
2975
834
1380
3665
3479
13
2183
688
2141
767
1910
189
2603
2249
2308
1140
958
1676
14
2714
274
3412
3628
3251
1813
1484
1239
1945
1633
895
946
3095
1790
662
2250
370
1338
3449
1650
2763
365
2999
4042
1821
2347
1365
3507
3852
2207
1697
2602
2956
3152
3625
3194
1902
2577
869
720
639
2275
626
2988
3822
3232
1823
190
3454
717
2258
707
2743
2808
1046
1030
1473
3772
3702
1920
3488
2983
2349
1044
778
3445
3104
3799
1991
1795
1453
726
1450
516
976
2643
229
3156
2514
2579
749
2938
1386
1680
1113
1566
3533
1754
843
1394
3820
3895
1884
757
3089
3414
1264
3379
2586
2790
1588
4088
1150
3208
1091
453
3788
4087
3813
3429
3485
3726
3795
1634
805
3395
1684
1707
586
2155
1859
3661
3301
3313
1678
1465
2145
1781
1775
4062
2473
3826
3743
2267
3184
2821
2605
2066
2483
242
3293
3893
380
1175
236
2037
3620
2194
2224
21
1157
2941
2616
3503
369
2573
2487
2613
1916
3013
1652
2358
262
1414
3048
3577
2543
928
3677
3518
3198
716
3021
183
1257
480
1280
1839
3853
1656
2684
2834
3361
3498
2063
1918
648
2212
3840
1111
3257
1295
2071
3664
592
3966
1759
3942
1926
3027
3225
1228
2407
2911
1682
4015
342
2904
2221
1191
4024
2897
194
1242
337
3329
2093
1255
543
2489
2795
1942
2280
1610
1752
2241
3190
3868
1637
658
3786
237
1932
3411
3067
3431
64
2108
2749
701
4066
3773
129
1618
1724
2326
2075
681
514
1204
1454
1771
3718
332
2565
2495
3105
1391
2117
1371
3967
1658
3428
1326
160
953
3530
777
1784
418
283
2668
3720
1520
3723
555
3388
253
3831
2119
4089
140
1756
158
1076
1404
2858
1594
393
1489
2909
3183
3131
1628
2766
461
2915
646
3632
1514
2143
1423
1065
1745
3209
2133
2967
173
3055
3940
1649
1130
2699
3375
318
1240
927
2380
3653
1967
1019
3736
2482
3535
3981
631
2776
3768
2580
3345
2055
87
551
3003
3758
2848
2972
3790
2501
1934
3392
3974
1693
1947
3834
712
2415
425
1070
836
3555
2209
3495
1468
2539
3922
2626
3917
2674
2711
1734
1528
2884
3317
2634
1246
3993
1141
2549
692
833
3734
3240
1001
2237
552
1041
1243
2302
548
3134
2604
3077
1998
1178
3787
456
1491
2534
2454
163
684
3037
2187
487
3060
1671
3204
2002
3607
1860
2186
344
172
1560
872
1437
1917
3560
1348
144
887
2399
1621
2789
3016
2369
2696
1604
2865
3140
1590
1372
2007
678
3111
3908
2710
106
2768
1640
2405
3871
4011
741
758
1132
3980
2526
178
3808
2561
2126
3891
1834
3058
3351
634
427
991
3162
1425
1060
3777
2816
2861
695
1186
697
2754
3714
2996
2132
530
856
254
1337
3446
1929
2687
1138
3596
3258
2815
2180
4063
622
1458
577
745
54
760
1405
448
1702
2760
3289
3338
267
3450
2651
3888
3766
1483
32
3253
1307
920
3512
356
2973
345
3147
3604
590
2125
2838
1206
2120
1700
2042
1511
37
2551
2600
2882
2589
524
1148
1674
1653
388
1250
1272
1341
2576
931
1593
3848
2084
3400
311
1937
3964
1987
3904
373
2656
3369
1332
2307
2293
1960
3525
2497
3638
844
3073
1890
809
1613
3226
466
2877
3578
407
569
1223
884
1565
2310
2352
2283
3378
2325
3684
3229
3230
2888
3340
3803
3882
2942
2813
3288
449
296
2428
828
2641
3353
2160
3774
2469
497
2990
2910
1270
3074
2238
2794
234
3275
993
2758
490
861
3424
3335
889
708
1746
193
3103
674
1139
3050
933
2383
2448
3685
3645
150
1953
4033
618
1809
3054
2903
1683
996
2381
3554
637
3091
1845
1908
3869
428
1298
22
3798
3291
1794
2647
395
921
768
1273
2980
1742
3659
1038
3390
3460
1875
3370
1456
455
2931
1486
3921
2961
2520
2827
3864
3192
3765
1533
1583
1517
3899
1067
2425
416
46
2541
812
2223
367
3155
2020
2154
814
2016
2874
364
1762
3234
1487
2330
3347
2508
374
1580
1026
1972
1335
960
1102
650
313
2314
1207
652
1480
2801
878
3506
382
4014
2418
35
2518
3307
4078
2970
1197
2876
2591
2503
2272
3561
1463
3461
1330
1384
3120
2189
2158
1891
3458
1811
735
1961
2782
292
3828
3422
2034
1410
1578
1392
625
161
3292
128
1276
2803
1125
2805
3962
1766
949
2987
667
1711
3061
2842
818
1704
1725
3214
2916
1881
824
2097
1568
3327
1800
2264
2466
3910
1977
546
2459
1488
2822
257
3568
1592
3521
3951
2088
1161
2393
2774
1440
3270
3417
2610
3541
2077
1824
788
563
4079
3092
858
923
506
308
2103
2702
2401
2431
982
3439
2879
2919
3797
593
2346
270
312
495
238
4085
3816
533
1430
4083
324
2200
2124
3062
2233
3583
2128
3026
3009
187
3933
4077
2977
2286
3121
200
3469
2685
850
3505
352
399
2167
3706
2533
3128
7
3244
4021
3245
751
3493
3705
3897
2303
2664
3470
3513
1029
1213
2639
167
2376
1940
305
3210
2387
574
1820
6
3646
3260
3629
1504
3794
3397
3564
3227
467
1373
2607
97
2364
1134
2859
363
1032
3729
3695
2609
2669
903
2099
2724
873
3792
358
3366
781
2311
2584
221
488
607
1438
1885
643
171
3235
1325
3129
4048
1114
376
2954
2622
2779
2012
724
1837
2621
572
2340
525
269
591
3657
2229
642
3986
3052
276
656
3861
2106
2829
2082
2958
2637
941
3219
2313
3779
766
136
1969
3116
2650
1867
2039
2962
26
3191
1388
1378
1718
2312
1644
3603
1546
351
2542
967
775
995
1903
826
196
3885
899
2329
3619
3601
1985
3331
1021
1865
1081
3821
2968
3265
2442
1471
1630
3113
1733
3873
420
3532
334
294
1066
1381
2544
3652
3549
1595
557
1672
2332
58
3984
2337
2289
3099
2927
2572
1154
2736
1828
1714
1121
2413
3672
3298
411
2557
1399
1054
2757
1199
1168
2389
2764
1036
1913
1101
220
1951
394
3943
3304
2644
508
3647
2205
2320
1732
3231
4092
567
1574
261
2598
2530
1983
2112
3416
1061
1571
1544
1174
1606
2762
3784
1723
3867
1115
3574
3898
1912
1369
1074
2053
1419
2331
1428
1835
3752
1842
3024
256
3297
1350
119
3166
2690
3179
3842
1117
1475
3838
754
2410
3544
3153
666
2338
3680
686
2772
155
1743
1502
647
75
3271
2288
865
3242
310
232
2478
699
3367
3033
2785
2353
2498
1048
1660
871
2745
3522
992
3681
693
184
3255
2123
2257
124
2524
1301
2773
4080
2423
2179
1669
3929
1383
561
3464
2360
2384
3076
2928
1989
1042
1092
3832
1866
2148
3057
2279
1331
3810
2590
635
2078
912
2321
2742
3348
3404
1608
25
2471
421
2562
3855
3005
1524
76
2334
3167
3477
34
2121
1816
3879
1655
2169
1397
2680
1007
3697
3612
891
3982
2355
3465
3158
1494
3850
1958
560
3622
1328
1997
797
1906
147
803
602
2947
1165
3815
527
4039
1002
408
1876
1609
2682
493
1104
3722
1088
2502
1477
4044
1692
2045
2851
1346
1599
3627
3593
1575
1334
1777
2507
432
145
450
3857
3731
1312
664
801
1741
2343
1285
2136
1923
2247
2144
890
945
2060
3325
3399
2323
479
1055
3580
3875
614
2672
1748
1162
3434
3316
3410
1797
1084
1183
3727
1229
2222
2436
1188
1016
1584
1349
4096
1431
604
804
3374
3690
1981
1288
2319
3480
597
4058
2278
3536
3730
1626
2832
2162
3860
2646
389
839
3349
3484
2965
477
3278
2080
3040
355
2456
3679
747
1163
1097
2067
2678
3354
1122
3011
1459
851
740
1760
2652
2261
1283
3845
3407
2114
609
177
670
1831
1646
2010
1925
904
1314
965
286
1729
3956
2061
2417
2435
2538
2420
786
2726
1713
3863
3716
3071
360
1034
4061
3248
317
978
2777
1146
3267
2230
2218
2083
1395
2898
1899
3364
1848
137
409
1323
1420
134
1570
690
1612
1037
841
1217
3837
198
3881
279
852
2846
179
3119
9
3171
3977
4050
2227
1238
2317
132
1300
3326
3150
3012
2840
3889
1764
1320
1852
117
2411
2688
1897
1941
1343
986
4055
566
793
1687
413
696
3305
3482
1262
3570
79
4051
2177
2555
4070
3310
3806
2809
792
620
3202
2747
2516
330
1515
246
939
2692
2324
3276
1873
3452
770
2058
1189
2268
1005
2828
2385
3590
2833
3193
3598
892
3486
2429
2390
782
2211
3678
1085
1290
2043
3606
2906
2532
202
3737
3448
2787
2783
3218
2171
2722
1887
2659
3065
573
2300
2371
3844
2615
347
1422
3143
679
3042
1249
1550
1194
4069
1625
2152
3754
503
2732
1727
309
243
3953
1664
3287
3246
468
1690
3523
1022
883
1553
1868
213
1345
3444
3391
3567
2263
780
2049
1462
2695
3996
401
2274
2735
733
1720
764
322
3342
585
2569
1089
1105
2944
1905
1638
1180
2174
3579
2567
3703
2697
2424
2422
2372
2021
3216
169
901
3824
297
2901
2893
1772
2811
1402
588
3538
2892
3160
3491
218
1385
354
3613
1289
1647
146
24
3186
3467
209
3023
2855
1589
3403
78
657
2618
3085
386
3443
3196
1078
876
3124
583
491
1864
3591
675
2788
483
4029
1855
336
2959
2676
240
1116
1467
2824
3925
1895
2597
1254
2491
1166
272
1893
3778
2480
2921
654
1677
175
3547
2156
862
3380
2213
3548
1248
1354
1715
1847
133
293
550
4003
3047
661
100
2632
88
1095
1144
302
951
1017
1541
1564
4073
378
1496
1304
3673
98
415
3386
3269
2050
3483
3383
470
1342
1666
2566
3097
2716
549
143
1227
2023
1368
1776
3334
2231
2184
2670
3154
1136
3046
1536
2100
3667
2494
2929
3341
2798
1006
343
1585
2235
91
1943
728
1057
537
669
1518
1970
1681
443
2753
2392
531
1808
3125
2265
131
60
2443
545
3409
3930
303
2463
2940
3600
1996
2867
1736
1979
1324
3145
729
2116
1616
900
1705
277
3643
1357
682
908
2880
2994
1153
3687
3360
816
3686
86
3509
2086
2199
3273
600
2688
2272
3809
1688
137
2107
1117
4012
2622
3209
439
3898
550
1172
2970
1760
2148
1053
3475
2577
3890
657
531
929
1083
2555
3959
1175
3528
803
2976
1879
2788
1695
615
2060
738
3467
2744
658
2882
1131
3408
3066
236
2282
3476
2315
3814
192
2626
2210
3791
3894
1859
2324
2937
3062
2434
3223
3363
4064
1300
1184
964
2794
286
2450
1969
3325
1113
3897
2927
1749
3252
2497
358
1170
2001
1736
3246
4009
972
3618
3715
1662
3518
3852
3785
280
600
331
1412
2101
2716
3031
2613
2426
3205
3778
3835
1278
988
115
2789
3746
1654
300
2113
1306
539
2495
41
1429
1554
2124
3907
1592
2358
2415
2377
921
2346
2034
1507
221
660
3499
1623
3222
3680
3296
3401
1355
2600
827
3022
3954
700
3564
828
3738
3108
1308
666
1419
1384
3552
2071
2534
373
1524
3515
3880
2934
185
3480
1694
1871
467
1651
2182
1575
197
1900
1416
2815
757
2234
2469
3303
413
772
2900
895
2353
3051
1986
2639
2061
3458
1146
1826
694
2871
254
102
2690
100
3293
3061
3260
2620
3784
1125
1515
3512
2914
3064
2689
444
2053
1177
950
585
703
1465
1855
2072
1792
1967
970
1149
448
277
3459
3725
913
2683
144
1450
2960
3307
2295
3054
3844
3730
1417
1690
574
1936
410
2465
677
1382
1107
1395
3606
958
1972
3990
3916
559
3367
3984
570
3539
1343
1823
1683
548
3024
3190
453
2609
1658
3294
3987
485
3322
579
2822
168
651
1479
2395
1821
2758
3466
2435
2239
4062
3538
3870
1056
1444
2336
2057
1595
257
1850
2776
3748
290
204
1638
2993
2675
1894
2939
3212
2411
2414
3941
1410
2363
2905
3085
1116
1156
948
874
1176
2403
867
2023
333
15
20
3591
2025
2513
324
1997
2565
3074
3379
3711
3151
1071
2050
3117
3288
2382
2928
578
1369
576
1579
3721
901
1079
3378
2405
872
3507
1664
613
649
3547
3713
3920
3593
196
3284
138
1666
282
2178
1375
2557
2289
3006
1838
3021
18
3359
3918
4045
1126
971
1233
3881
499
952
3250
905
3986
2380
898
2732
1885
2258
170
3180
816
1110
2762
3963
406
502
1747
3708
3520
284
2749
1580
3453
2838
383
2461
3096
3155
2700
2802
3402
2538
2820
2948
3578
1955
3832
2592
3228
2909
1351
317
3434
2257
3360
3364
1373
3554
2335
1887
3469
2337
12
61
1255
721
1938
3566
1264
240
880
1508
3675
2503
2319
2984
911
794
25
3346
1130
1015
983
1530
1042
2173
2612
1968
3196
1265
2570
3328
2327
461
4058
2527
1606
581
3014
562
2296
2974
2003
2285
1573
2300
1065
2416
865
3671
2598
1631
2472
3953
2105
3083
2203
527
2339
1786
2120
2242
2423
1399
3639
2603
1353
1963
2841
3913
1285
339
3640
2973
3071
3731
2885
184
3574
1231
3389
2259
1431
3241
2853
1364
235
3735
146
639
3636
1586
2509
759
375
3701
3532
475
3687
3962
2530
887
750
626
547
3040
1647
306
3428
3586
3497
370
1492
4071
3331
3171
2884
2401
2366
2968
3655
1045
1370
1234
1904
802
765
3999
858
1661
1525
3126
2424
2977
1787
1040
3186
715
2624
3833
2703
445
2264
2888
343
3502
1883
351
594
2397
1215
1220
1814
1719
1597
3327
3936
3414
1572
1491
1907
1693
2859
3121
829
3335
944
3248
353
291
2632
3958
422
2764
695
1715
699
669
956
3206
178
763
2111
2452
2
2730
4089
1738
114
3802
2253
348
1436
2065
2636
3082
2112
605
969
2004
1594
5
966
2355
645
2648
2009
3140
1230
1843
3726
2512
1563
1139
1953
954
1020
36
915
48
223
1828
2328
386
2303
2238
3546
2074
963
2540
3405
3542
1744
2208
3244
1846
23
1636
2650
3789
3183
3889
693
2966
437
2048
224
2508
3723
2839
1012
723
3672
882
3341
3090
3561
1909
2158
879
2659
1150
3654
3265
3860
2243
875
447
2682
241
4085
2792
2595
1773
3145
3904
145
1608
1757
2340
568
508
1195
2168
2055
4020
1916
364
906
1582
2016
3147
1985
2953
3027
1929
3508
3744
440
2901
98
2546
1641
1472
3091
281
1714
489
1769
3845
1884
3067
3737
400
3008
2359
1552
14
242
477
2388
3931
734
85
2406
165
2944
2279
3628
3385
2906
1940
3324
2721
3345
2537
2981
1870
2224
1798
1678
1675
3176
984
1408
1589
2321
3728
2265
267
2829
462
425
1121
1440
2018
3477
219
180
3001
3427
1745
1216
1611
2077
3259
862
1240
3018
638
3588
3648
603
3035
3550
3286
2204
2694
2067
1988
3219
974
2847
3316
1517
2046
1295
490
2979
249
1912
340
1602
1976
1509
3969
1960
1290
2629
517
199
2761
729
1442
2506
1452
717
1881
514
2567
635
1790
2069
806
1483
1624
3371
360
1903
3225
2297
945
2857
2184
4029
2996
1019
2752
3673
748
3329
3983
1780
2790
3439
2589
1229
190
2873
2584
3340
330
1391
3592
3004
2189
3115
804
965
1367
1605
904
1758
564
2658
186
1341
2293
1781
2150
3923
2835
2489
1497
3765
4015
707
1333
3230
2156
909
2364
3494
3619
2610
469
2146
3817
2896
2042
1236
2217
3057
2935
1108
2642
2408
1698
1481
1923
1600
160
2828
3318
486
1352
134
3661
4078
847
2206
2870
3050
3766
1142
918
3822
708
4076
1447
3354
2739
1522
350
664
563
2063
1874
1192
981
2587
4065
465
684
903
1503
769
2566
3580
2499
226
542
3291
1226
1392
1244
436
1338
3393
3087
3381
2990
1643
2311
4023
2692
1095
276
397
2352
2094
2608
3733
3029
4032
3240
771
2399
4044
1504
1328
1965
202
744
1093
2536
1320
2615
3830
2045
3693
3584
3388
3473
2586
1914
3198
3448
2277
672
1489
691
2373
755
3853
2579
2096
3404
2013
3763
2674
2092
2924
4080
365
2085
171
428
1068
1809
2412
1576
1404
515
252
1470
884
714
712
2741
3970
692
2313
3220
1199
2519
520
2035
3825
3761
3517
1816
2862
3492
2718
2255
3290
1778
2347
3946
752
3391
2568
1730
2892
1136
3800
1696
1932
1414
3034
1298
4063
1687
2571
229
1212
1210
2972
1276
2964
2032
28
251
2387
1872
2396
994
3417
1961
1080
2737
1224
3649
3644
1090
1728
2429
3308
2290
1746
799
1365
1865
3534
1644
1253
3938
2663
3972
2767
3107
392
1284
1134
2451
1443
1439
2448
2283
3020
3111
2573
1599
1072
1100
535
3757
1339
328
2132
4075
4048
784
1274
3632
2379
1070
870
1740
3928
214
3652
3119
151
3306
3383
1514
1157
1545
942
3301
321
1673
3929
818
3942
1725
2056
1824
1420
2757
3506
998
2831
602
3192
1931
2842
3488
2833
616
4002
577
454
1614
2187
1378
1952
3482
1380
374
3900
3059
1741
309
51
3794
1898
154
2617
470
741
162
3207
2381
1135
1174
2526
195
1487
2390
611
589
1613
3461
619
1849
1587
3943
193
1560
3069
3256
3203
110
1201
552
2713
653
1844
174
3665
1677
3598
1516
4090
774
747
2474
2738
3373
1055
3979
3123
711
2427
253
4094
2533
2652
2161
2726
2517
2942
1086
81
2230
402
2883
3468
831
3876
2476
3312
260
3026
2926
1377
356
2781
3782
1619
3326
1187
2943
207
1682
3773
620
466
2445
378
3590
3823
3038
3030
3663
3130
685
1449
133
1007
3848
2832
2398
513
3774
2117
3444
825
1699
2456
1291
2755
2142
1768
391
3185
362
894
1453
2826
2837
2722
429
3633
2073
91
2097
3431
724
2750
3978
3549
1548
1196
3976
2276
2181
423
3043
2212
4095
3914
2231
136
1807
1423
431
1501
617
131
3267
315
216
2989
2144
2705
2773
3143
2667
3167
335
1544
990
925
3460
569
1128
1088
588
2392
1340
776
3754
408
1394
1330
2051
104
2889
3237
2930
3739
2457
1709
3128
2079
778
1920
1505
1309
986
3813
2147
1569
789
3048
1251
31
3698
900
770
2646
1537
355
1268
960
3826
247
2038
1829
3501
1634
1245
890
3871
1037
530
1720
2940
2725
2772
1207
1237
939
817
1831
809
380
2995
2312
2747
979
93
2446
4039
720
1096
795
322
4024
598
3000
2128
1435
1833
2247
143
2606
2817
3811
3803
3656
3262
545
1311
1085
1161
1326
601
3525
3179
4038
2523
2695
3208
3037
3333
3831
996
173
3060
1123
2542
1669
1993
2850
2867
3139
1511
3956
379
1179
2808
2805
997
1962
567
2198
1684
4007
66
313
1794
2487
2342
3153
2430
1182
3093
4052
359
3810
3948
943
1048
287
2903
495
1834
1348
1433
175
472
1980
416
2507
1200
1463
1926
1238
1106
1755
2916
646
3859
3847
2482
1946
234
1994
87
2541
2547
3137
2680
4
2250
840
1159
1390
877
1437
1456
1267
208
3103
1626
1863
1239
1299
797
2214
1102
289
2349
3924
3927
1877
2029
4010
3772
1977
361
1188
2911
663
2019
2771
2783
1716
1550
1387
2316
2775
1407
3647
1680
2562
3854
3415
3709
932
1427
496
2223
504
2852
3484
1895
334
1120
3944
864
510
39
2735
30
3949
2041
728
3629
3903
3485
3441
3883
2270
264
2220
3216
2922
2933
1852
3052
3623
886
318
624
1098
1485
629
3553
77
1155
1933
1296
3837
3968
1081
1880
3625
3257
2345
718
1446
1959
2134
2967
1878
3603
3804
464
3002
760
3828
3981
21
3297
2219
2400
3899
4036
1990
3498
2947
1800
2241
2384
3849
798
2251
2442
205
1185
262
841
1459
2039
1062
1802
1076
2686
3282
3679
1893
3231
1006
805
2505
976
1803
2800
2418
2578
3694
3781
1371
643
1036
3865
3442
1945
2227
1288
1974
3510
541
2957
1257
3513
3933
157
3234
231
2143
396
127
3125
326
419
3727
345
1077
3530
3838
3616
1998
191
742
3937
883
1581
3343
3472
782
3951
2671
3556
292
3133
188
1646
710
3097
1991
1604
3045
3422
1689
1401
3113
3310
3886
2281
2679
749
310
2402
3273
1640
2098
2868
1840
1861
1154
3523
2894
3577
896
1711
1558
1660
3787
3197
3479
1389
3407
3370
3080
1221
341
2135
213
2389
860
1708
2878
3181
1783
1189
3227
801
811
634
3609
4092
1784
2524
2368
2248
3337
3558
553
3795
3314
2804
139
2171
346
2558
239
1441
3339
3688
1026
244
3394
2185
3896
3752
3759
1566
2637
1246
1796
2460
3749
3622
3454
83
3210
2192
4054
2793
1539
4026
3621
2458
853
3419
3585
3166
2669
922
3011
1889
834
99
2677
2140
3226
1553
2710
3805
4067
2919
1152
622
1168
609
3496
246
237
1158
3283
732
1346
2436
1765
3642
1868
3032
1294
2640
2583
3801
2941
3287
411
962
2310
555
3398
3875
727
2122
2678
3926
2193
584
558
907
142
2657
89
3218
299
2891
2130
1114
3278
3691
2863
72
2886
587
2246
1275
2823
3793
268
3100
2618
399
654
59
1368
1701
3174
2516
3662
2623
4017
2544
1061
1133
2233
3490
1648
3659
152
1910
3056
891
384
1691
3796
726
1141
1947
2305
1484
936
1016
2715
2913
1951
2307
1542
1556
1939
2138
4005
3866
3878
2159
3432
1902
632
3921
3065
405
3168
735
2236
1593
2685
3078
2673
686
3463
296
10
3684
3531
1021
1627
1854
275
166
3742
1104
3514
934
1178
2502
3869
3555
2334
3934
810
623
1101
2746
3348
3429
1763
3104
2785
1534
1051
544
725
2199
3505
2777
3906
683
3705
941
679
1335
3991
2955
2194
270
1717
610
433
2037
830
2070
2215
3136
3009
1519
2987
1767
1111
4000
3280
479
854
1302
561
3614
2983
394
2356
2591
3707
3449
850
1543
3041
2420
1561
3046
1975
2500
1203
1248
53
522
2723
1761
1292
1937
2022
505
2780
3650
999
1529
2350
3413
2728
1490
1209
385
2897
2483
3274
2320
1393
1422
1162
3911
1723
3575
753
1598
2109
1140
432
2026
2969
2467
2394
3269
3741
4029
545
2219
1425
590
1778
1588
1088
1954
1866
577
1317
3208
3707
2386
531
2720
3076
2600
2217
2777
2691
43
3670
2327
3962
2250
340
2158
3285
3491
1098
2430
3939
1235
1552
621
3406
424
2131
2101
1911
850
872
1931
3226
3038
3442
3271
3105
1566
1243
320
2348
1326
2482
3050
3082
3175
1442
3718
251
2155
215
3667
636
386
483
1140
237
1936
486
2177
683
3715
3634
450
3200
696
3531
2276
1843
712
2567
1635
2097
746
878
500
3792
337
2067
3991
1120
3198
311
3305
2214
566
3329
2308
1878
144
642
1497
2211
307
924
3604
2204
512
19
3192
1039
3861
3365
3165
1821
2651
3984
455
968
2665
1390
367
159
1160
3042
1150
2190
1840
3648
2463
473
976
3334
662
2071
324
3623
1835
3450
3235
557
2048
1063
3841
1466
1950
869
1517
1170
2804
167
2004
3362
2794
3627
1562
1237
1319
3231
2871
1061
651
3710
692
4006
3714
1518
3269
1350
2173
3025
1373
1276
1281
1074
225
1247
1047
1760
129
3735
701
3977
2020
3003
374
3759
325
3309
3970
3972
1629
4091
2907
2527
3666
516
2053
3973
918
2925
3932
1744
2656
2360
2834
2143
549
519
2388
2909
3410
740
2595
2460
1100
3785
3228
2886
2811
526
3520
1209
3575
848
1569
3415
929
661
2017
1167
2698
1394
1439
2964
3750
3373
1279
704
3127
3849
1474
2363
1974
1534
2883
1382
2841
503
2425
1681
2264
3690
399
802
780
2298
2083
3775
78
1214
1817
786
1159
1085
2128
3097
527
3136
2588
2417
3894
2701
1269
2532
3937
3784
2634
2012
1336
2355
3880
1330
3073
291
3314
495
4089
2344
264
510
301
3609
2184
3681
3096
2205
3768
1036
2983
2368
3288
3023
1386
742
3523
3633
2212
3108
1157
102
1649
2137
457
834
3724
2484
693
3199
2520
1965
3828
2000
909
3252
3013
3263
3618
1194
2216
2896
2420
700
572
2605
3995
935
773
932
2837
3624
3988
2657
1836
2992
191
1891
2864
3933
825
2660
1262
3034
988
2160
3049
1571
2752
3917
2636
1348
377
3497
1399
3716
967
3355
2316
3075
3354
3459
1293
1019
1814
2615
2626
2827
3694
830
2658
710
1241
3594
2773
3686
2149
360
1625
774
2950
1054
1303
1143
3246
2539
2141
4
1773
2917
942
1007
3669
1850
313
880
1539
3405
2972
3855
3408
558
1750
957
1463
1555
1823
671
3597
3057
1707
1899
3840
1570
53
116
2932
1643
2541
75
2485
800
1955
1709
2713
2087
529
824
1291
2564
1856
874
1532
1192
1909
2032
1455
960
1051
3844
3364
1852
1797
592
2904
2414
269
196
3484
1842
1540
2247
3413
1653
3790
736
1119
2076
1580
79
3142
599
2114
1928
670
3544
1310
1978
4042
134
2079
1205
338
1364
3058
650
2325
524
3673
1897
3430
1935
396
14
1881
862
3468
1477
1934
3257
623
3219
2328
543
3549
3207
981
513
1524
3155
1215
1587
1012
141
3980
275
4002
2104
3621
3500
3900
844
999
1694
3311
911
2002
610
155
857
2064
186
59
1494
3031
2566
1256
1501
220
1251
2346
3765
1638
3114
1443
1621
3224
3823
2898
2202
258
3377
4021
1218
3239
631
1877
64
3343
3081
741
3237
241
38
1154
2427
112
3274
3651
2449
2978
3151
3926
2059
2253
761
4037
3461
295
983
2940
938
1270
635
2944
2043
1139
3728
2854
3957
1134
1903
1655
2933
3788
229
1961
66
1224
253
3895
3006
3806
1173
163
732
1461
435
1713
3154
61
2045
2903
2639
158
1331
3826
3011
782
600
737
3949
1972
861
2581
1471
2340
2937
1606
3345
2916
465
3702
3123
644
351
1049
354
1067
1999
1097
3953
30
3036
2240
2849
2118
1127
2621
4056
2946
3065
937
3642
2602
1161
292
57
1556
281
2553
398
2377
2112
3148
2661
2892
4019
3403
3622
2339
41
152
2243
140
1136
2529
1641
1227
2100
3955
3102
2039
2982
3466
1022
756
2715
1599
1180
1240
1658
3705
2617
613
3645
3272
4046
464
3117
713
2199
1298
716
4060
3020
1563
922
2609
2423
3576
3889
580
3602
964
584
3401
1267
611
2534
1122
3692
851
1260
979
846
4069
1223
3094
3301
440
614
389
212
328
3216
3521
81
812
1093
180
2838
3699
2649
3241
818
2625
432
2370
1661
2151
1091
335
476
2562
2178
552
3315
1784
1366
725
3262
766
1687
3453
2825
1275
2462
1593
2682
1450
1946
4001
1848
1204
3487
24
2421
267
3610
2497
2751
177
603
2771
1249
1283
3187
2784
3128
154
607
1728
164
379
551
995
594
2881
2643
1586
785
2592
1906
2393
2272
2538
431
1678
1779
3630
1633
2133
822
2798
876
1418
2568
285
3247
2096
1901
1188
3948
562
321
2429
403
261
3181
2808
2050
1811
370
448
3293
178
1805
1689
885
554
3853
2392
2901
3777
2069
1943
1358
2998
1914
3683
322
3808
792
1861
3941
2094
4065
3202
2175
2358
1998
446
1640
2457
3107
145
1184
1512
3600
1533
3887
44
2469
2030
2923
3795
2611
2973
2290
832
3725
3679
373
1693
659
3135
1980
3184
3833
2394
947
3847
11
775
3349
1221
2814
664
1668
316
1428
343
865
2799
3661
843
2519
888
3819
3689
1607
921
4004
176
1048
1414
1665
1582
3952
454
1527
3053
2428
369
136
672
436
2123
3921
188
1895
1869
624
3480
3499
3078
327
45
757
3711
3578
992
3510
1013
1696
1514
1963
248
1152
2196
2578
4013
1916
913
2543
3396
2760
1483
2608
480
1041
3021
2960
2894
1459
2913
2851
2513
3582
3616
364
182
3367
3428
3631
1387
3528
2244
3942
2817
1389
114
668
875
1392
1844
3824
3086
1577
691
2491
118
2486
3470
2208
2353
3234
2740
2166
3925
2668
395
1673
856
864
2292
889
2750
3659
2458
18
783
3318
1292
1849
2291
1762
3801
1138
2861
2516
193
1406
814
1465
3161
1096
2011
3723
1146
2787
302
2971
695
1853
2806
2919
3929
1393
3009
247
3982
1751
3994
2537
1488
2614
887
3356
3754
3589
1688
3213
2296
3191
2206
1667
3384
3015
3996
149
748
3089
3425
99
827
1828
681
3189
771
2040
2707
202
3190
2249
925
1356
4027
1565
1859
1704
3524
2052
407
1104
3306
3004
474
1584
3916
1187
1129
1990
1812
2356
2746
2646
375
2680
3635
1176
3440
2949
3457
2631
3291
3238
1770
2897
530
3188
3912
1479
2928
2839
1430
2476
2587
342
3346
2318
1799
3733
406
3178
350
2034
1930
2008
3837
977
3159
555
3043
1523
1772
587
1506
521
357
1125
442
2623
3927
3764
2494
548
3259
749
2653
330
517
1011
3118
1780
3223
1902
2443
1345
2869
2963
3919
1546
3856
852
2835
23
2959
3101
842
3044
2546
489
1839
2705
2235
2888
1939
685
2862
443
243
2037
537
494
2955
2975
2831
3945
2755
89
3336
3951
2410
3310
3279
421
4000
959
3584
1865
1988
3323
2692
3747
3477
2493
753
2168
1669
1701
3168
2729
2014
3051
3639
3476
3248
3938
3580
4072
2565
1967
2424
1777
4095
1734
2654
146
2108
673
2156
3751
3103
1595
2724
458
1958
3278
3822
1099
1034
1318
2770
404
3548
2442
1408
3386
3567
2996
1600
806
1286
4039
478
2664
1937
2483
3243
4050
1372
3908
2278
1029
3427
3376
317
2081
3704
1004
487
2780
3382
2121
71
2703
1526
2074
2965
1166
1675
3626
492
502
1210
2502
994
3067
955
2015
1617
409
2957
2718
3517
733
2935
578
2756
2603
347
2637
2349
3360
951
3628
2548
3884
501
2994
1561
891
1362
408
2679
2727
1581
688
2246
2670
1597
892
1273
1332
1679
2700
2335
346
1396
3432
3437
533
411
284
3590
2464
632
1758
1195
418
581
2574
1691
3069
3381
770
3562
793
2762
2269
2945
1738
2597
110
2209
1765
522
383
3818
183
3533
1103
1603
1023
2848
3327
4017
3431
2509
416
124
67
1329
3485
1575
1106
3140
233
3655
765
3001
575
2987
3083
4085
3574
135
3133
2275
1078
798
3719
617
3062
1368
157
2624
884
91
2256
2526
1809
1301
2130
3550
1277
2036
2582
1436
3987
568
2241
1557
3956
1819
3296
3390
2858
1024
148
3229
2474
561
231
3370
1648
3321
3652
1228
3685
2880
3535
1548
3016
3738
2585
1636
2868
1467
3606
392
433
3205
3024
2354
3555
1231
3
1423
1178
2402
205
3595
3757
1589
3997
1361
1743
228
2147
1872
1207
4064
2905
2229
3116
1592
1960
1876
1551
2696
1706
1086
836
2171
4058
821
2407
1890
2061
3753
3831
3392
2277
943
2749
3985
1027
2524
2673
1609
679
2942
1907
1604
2742
1253
2632
2352
3563
962
2322
3586
460
2438
879
3522
280
1354
2183
3968
1294
2844
2630
2411
3910
3551
506
299
945
915
2591
3421
1289
32
1504
2732
553
1682
660
511
1737
2233
2312
310
1080
787
3112
2188
1992
2990
3614
515
2914
3959
1065
4026
137
126
2674
278
3055
1359
2735
1250
2985
2618
1421
259
3092
2314
859
4035
1306
3444
1948
2863
1149
3731
1059
2311
104
3815
1473
678
3931
331
1612
5
230
820
1500
3308
2192
3940
3398
3282
3414
3166
2803
1233
4036
1884
1833
1055
3914
3388
2144
3372
3726
1416
1528
2373
1445
2195
1371
2865
1676
2435
2677
3684
1959
2478
837
3512
1486
2132
3156
2555
1156
1111
1867
1880
2778
719
3438
234
2230
334
2434
3542
709
303
3435
3465
906
3599
1341
1747
2642
1491
2082
3825
3030
2801
298
627
2225
3164
2058
1380
376
437
2441
3864
2584
2301
750
362
1544
479
3508
3653
663
2726
2952
895
903
95
1795
127
491
2362
984
1631
1431
706
69
2560
3374
3298
2163
3322
2284
3804
1456
2684
595
2510
726
3579
2165
1982
3353
2408
3325
3171
3204
2267
3904
2092
1212
930
1185
3130
3145
3979
1623
208
2282
2616
954
1271
122
1169
3771
1824
2711
3657
3774
2262
1846
724
1703
217
2116
2169
1576
2237
236
637
3029
4033
1791
1484
3492
1855
3474
799
2345
1719
1452
1639
3573
2333
2470
1190
378
3934
170
777
1490
916
2073
1847
286
871
22
949
2294
2638
339
277
1755
3897
810
1798
570
1449
893
2288
816
795
739
323
1957
1985
309
3518
3090
2159
3302
2776
381
2873
3802
1717
1810
2641
3663
3236
4031
3212
210
4011
2365
1201
3018
560
3482
3741
238
1624
439
3560
1163
3717
1017
589
198
3295
3479
1742
1435
2593
1083
3636
1114
1412
3176
1989
3458
2273
380
805
1432
2557
1434
3420
1863
3946
2821
3261
2544
963
1686
2234
2607
2492
2891
1132
34
1860
2342
368
2447
1495
2761
809
3552
1509
3122
2686
1627
2198
297
4080
1172
3402
3770
2124
2573
2961
3379
221
2075
687
3046
2452
2619
2181
779
3378
1757
2252
1666
2027
2329
315
2966
1801
2239
3546
2315
3411
4070
3277
1485
1602
3290
2380
2875
666
1979
2728
1199
1567
2153
3697
3744
597
2260
1543
3106
2852
2951
730
2549
3838
3762
3464
1529
752
648
1545
1197
3760
755
669
3467
3515
1917
2843
3504
3394
1339
2763
2685
1213
3319
717
3577
3736
2663
2266
3646
1338
488
1745
3654
2023
4093
3132
2822
2790
2517
174
2722
2066
451
2399
1375
3850
3672
2126
1531
1873
2016
2115
1410
1072
2433
1792
1905
699
138
3742
3185
3111
2338
3061
1507
2376
319
1182
94
2383
213
2054
3748
2775
2024
2782
547
1826
646
2384
2819
272
1202
2866
1924
1108
2500
1983
3536
2507
2135
3452
1265
1068
1427
156
1413
541
657
615
998
1116
1858
294
2317
1189
3557
1402
3339
2257
3629
1258
4087
1446
3253
3643
933
898
1885
265
3068
288
1727
1313
2271
1771
1239
260
3087
3797
867
1875
2099
790
1710
1787
2842
3934
1354
3374
983
888
3737
478
3510
3561
1166
2488
3031
4048
3228
1931
2202
2765
1054
3368
2276
1426
3193
2442
870
1894
1784
109
1006
3838
3658
3746
2395
1406
2290
1352
2466
2790
2877
1138
2126
3952
2026
659
390
3024
591
3017
3762
2165
2308
587
1758
1137
1325
228
2388
451
691
1063
3258
1851
705
2969
4012
567
2750
2288
3731
4027
1988
2073
2349
1926
2563
3907
832
3937
3454
3645
182
2059
915
3913
3766
2145
3906
701
2937
2315
3617
1684
3834
2642
501
634
3493
1
569
2603
2692
2398
1494
1800
192
372
353
3751
3975
1369
1945
1486
1990
3713
1770
163
1161
2562
2242
768
1520
1640
4014
1196
521
518
697
3343
84
1011
3579
2583
1709
4009
407
3431
1600
2294
3195
2904
134
302
397
2114
4044
3187
3548
3305
602
2311
1132
1854
2371
512
1595
3666
1032
2514
1739
2256
2672
377
3457
2504
3836
1152
2974
2133
243
524
424
1134
3350
2869
722
2525
1590
61
2812
3235
3568
327
741
514
1457
1128
1836
1808
875
2942
1752
2979
287
410
3224
1178
2729
2536
3712
1436
1036
37
2292
2477
1860
356
2324
2779
3607
2235
2071
1102
216
2776
4004
144
2201
3183
275
2427
2687
145
3797
255
2930
394
230
3452
2014
2517
607
1572
412
778
1204
2551
3134
354
2449
2910
1194
2479
1073
3873
1691
4016
2222
2495
1349
95
625
3129
1218
2771
2697
2172
2596
2212
1230
48
1420
1809
1619
516
3961
335
1427
3113
2835
2831
563
1492
2972
3637
179
2691
1981
716
1017
1225
2038
2708
3775
3535
2508
3626
282
1416
3302
1374
45
926
532
708
148
2914
1468
1483
3993
3207
142
318
3846
1792
307
172
1706
517
887
1429
2702
240
2602
2722
1381
3158
3446
3744
3698
854
3768
1168
2646
3318
198
2218
2500
1821
1790
1958
1636
3400
3811
1638
336
3555
437
1066
270
2456
1281
3449
161
1764
993
1594
1293
852
3945
1529
510
3844
3556
2520
2986
3034
2494
3378
2032
3310
3909
720
3118
643
3259
338
642
2523
2263
1831
1189
630
1296
2693
2980
2401
1445
3128
2976
2429
3068
806
3858
3559
2267
346
2021
2566
2796
3831
189
522
332
3392
1983
2432
674
1580
2443
542
1828
350
3642
2186
16
2858
3694
2591
2240
1428
864
1928
3162
3848
3329
1686
2888
476
3588
2666
1069
1878
3484
2329
194
1478
2814
3287
3211
2037
1872
2468
3500
2473
2967
1693
905
2756
2789
2940
3648
1699
2047
1139
2884
1544
2567
1414
3507
3096
3499
781
947
3366
1871
3408
432
3194
3367
3126
652
3884
3787
897
539
2527
3475
3794
3110
257
3319
1314
2279
2423
850
3981
3341
388
1999
3774
3908
619
3013
775
1772
2538
2085
1682
3364
601
964
787
759
2553
1176
1219
717
4095
3881
1760
800
2612
580
1083
2363
1528
2352
902
1910
1283
3660
1969
3292
2909
579
639
2076
3990
1742
1608
3216
1930
4082
1877
2559
1376
2850
725
2009
4066
1845
263
1260
773
1384
3946
2089
2519
259
3496
2154
3760
2227
3962
1573
2918
629
1107
3997
2023
2164
1677
2407
330
3783
3566
929
1163
3486
798
3741
2414
3755
2837
3075
1447
1434
1838
3692
1042
1585
1417
1022
3488
265
2168
268
1455
3815
1503
3276
2372
2072
4064
576
3346
2
1342
2445
3830
2130
2406
2413
3893
4032
2289
550
1773
2828
3814
2098
2271
849
694
3524
3448
3157
1051
1667
3716
1858
769
2402
847
2239
3370
1540
2956
3273
2124
1726
2792
1623
4030
3063
3380
3179
1233
755
27
2031
4073
1690
4092
2418
3219
2117
1043
979
349
2817
39
3293
467
2582
3665
2040
1513
1744
3064
676
3596
2676
2205
2638
823
3770
1368
645
473
2244
1309
3502
523
756
1249
635
2899
754
153
2810
3445
2424
1973
218
2261
3294
1789
1570
2207
2230
1907
411
809
2362
3301
2767
1694
3269
1985
156
2730
149
382
2140
909
3732
3688
792
253
1634
1633
3419
3583
820
946
181
2700
3699
1382
2425
3212
2784
1940
2752
2116
3904
859
1333
1030
3604
430
1976
1269
1628
1761
911
1560
358
3467
543
2992
2965
747
761
3883
3552
2345
385
2000
955
2840
1655
1145
4083
2095
462
1553
2905
2498
3248
234
2219
2507
1173
2103
2469
2274
3285
1351
2516
894
3464
2411
2881
1506
971
1616
1543
1771
3398
368
3349
3862
2901
1169
658
334
3629
690
2608
2412
1873
2003
68
2356
2027
2873
2855
714
608
3740
2832
1856
209
3324
3205
3144
785
2209
1470
1098
2354
3729
1112
2119
2431
2077
2374
421
881
1284
953
1335
2043
561
3573
966
2714
3581
2447
3412
2268
3214
2338
1890
2954
3576
2649
2470
466
1222
2849
62
3779
3641
3577
2159
3545
2396
3867
3724
3661
2732
3267
3166
2332
1519
3109
2718
1392
4060
3505
880
3172
492
2181
1567
2483
3284
315
2890
438
1355
47
3362
2716
3447
2549
2833
12
1797
115
3832
3725
2110
168
3519
75
1334
136
2944
1639
949
2476
97
885
2142
1452
2247
1723
1276
1724
715
378
817
980
425
2121
3123
1372
1537
454
1614
51
2082
448
2033
2545
2050
1192
214
1484
3420
3403
3953
1815
3821
3950
1749
940
3433
555
1232
2597
2415
1536
3495
1775
3857
1732
1661
1766
611
376
2309
3428
2100
622
2320
2846
2055
1008
2585
2785
1991
4080
3498
1072
1780
2684
766
1079
2250
3622
570
614
4054
1841
190
3145
3598
862
249
753
387
1049
972
3124
3092
928
4061
1171
4075
3409
2742
1160
1643
578
325
3396
2147
2803
2107
4019
1794
347
534
3314
2599
3868
657
3674
3042
528
3337
3261
1490
2822
300
1960
3423
1576
1997
3268
575
3854
2054
2915
3036
2981
3386
2512
2699
1627
3108
3098
1900
3891
408
1250
965
765
2556
2233
3804
418
1286
283
1481
808
1853
728
3245
883
2211
1046
935
886
957
1236
3437
1444
1346
3443
2991
2795
3083
3697
996
3082
196
3330
3748
3736
1148
3733
2555
2301
3872
320
3006
589
1896
1652
1390
1002
749
2390
2636
3863
1698
2010
2148
2510
1308
4020
1411
1523
990
1186
3021
4042
2751
1199
59
1332
2351
2935
1456
620
417
3073
1399
1996
2574
3472
3631
3441
1804
565
1811
4094
3672
1216
3000
931
3518
848
1210
838
3825
1473
1142
1202
762
1867
333
1321
727
2298
1887
3265
1916
3132
1517
77
3247
2484
1015
2985
2755
3651
3575
3590
1607
2579
2065
4086
794
2005
4057
2383
2048
616
3456
851
2481
331
2703
3415
461
2565
583
499
457
233
482
3653
3052
1672
1337
3636
3898
3076
1433
2182
2821
3508
2573
1020
2312
3747
2622
3967
1000
2281
1557
1753
2619
1563
933
776
3410
1105
309
989
1125
681
1366
1365
2895
2630
3537
2713
1765
2547
2891
1884
147
618
3430
175
1425
597
1491
2317
2404
2580
1170
113
1658
3739
3649
2380
1044
2313
3931
1813
2461
2819
3810
730
2156
2743
2493
18
3852
2726
2632
3178
4025
2908
3045
3965
1101
2458
2671
1834
3542
2030
1977
1917
3316
3914
2325
3921
3229
2001
544
2799
1653
3680
1798
1830
1091
1100
2618
1449
1360
932
151
433
3977
2080
3014
2932
139
1961
2939
3668
827
3791
159
2613
1214
734
2662
922
1559
1379
1740
1123
2067
89
1746
1021
2977
2764
3880
3231
1012
665
56
3103
2592
2571
3030
1696
2365
1876
2069
248
3866
1303
3547
1081
723
2079
2926
1897
1918
286
3037
2584
2135
2041
2983
1300
1305
1389
2361
1330
2369
3671
2588
3381
3405
3927
3487
2131
2385
507
14
3482
3055
3174
3226
737
913
391
3489
1868
2735
3426
791
833
2546
3008
1515
3339
202
496
2318
138
2987
471
3399
3355
1274
3085
3481
3750
572
2777
1056
1027
1203
1109
1155
3728
3882
1806
2717
1244
2802
186
2081
866
1948
689
3889
1106
1353
751
2723
2353
941
3263
882
873
3829
564
3682
1521
3928
2906
1843
2929
3115
1464
1937
1150
3860
1279
3789
1026
2747
2185
3565
2673
2194
3439
1200
2544
3721
351
2144
2615
267
367
4007
3242
119
1946
1864
1507
1135
3805
1184
1719
1802
2377
1383
405
2934
3528
3885
3450
3105
782
3152
834
1061
297
3886
2659
3198
2864
731
2123
1271
1588
2839
2053
1461
465
3027
1805
1883
1243
1994
3416
1548
3813
2801
3526
2572
3297
790
3137
1911
1795
1421
1963
2739
3304
2998
2970
1955
4077
174
3709
1568
3959
1850
2911
2051
3540
1273
1443
329
2083
3717
3281
2946
2336
2829
2655
1255
750
3944
365
1737
3459
2879
3924
2503
2011
703
2847
1078
2952
1592
2306
1502
2695
314
1055
1476
305
654
1826
340
449
370
1778
290
3513
796
4069
1258
3843
4085
1087
711
3028
2169
1914
1556
2791
677
3087
3189
3402
1207
986
1326
2670
3048
169
4063
547
2660
152
116
1311
166
1612
3707
171
698
2897
3375
2917
2284
2245
2440
637
1550
1715
3278
3601
2780
700
491
271
3818
2063
687
2923
2768
2497
615
2019
2157
811
2347
3111
2084
67
679
295
400
2359
2342
3878
1220
3104
2882
505
3418
3153
2421
770
3593
1140
2093
3782
1339
3989
612
3491
1625
3003
3461
3291
3599
2737
2654
584
1180
2221
2657
2191
918
738
1757
1908
2280
82
3351
220
1446
3041
536
30
1028
3506
3407
530
740
285
1934
830
1824
4022
1857
2875
2062
1701
3357
1108
123
3147
1396
250
141
2958
339
3038
2502
3553
3209
1714
2277
1711
551
2807
3204
53
1034
3011
2170
2097
998
985
3470
1266
3255
1504
313
2376
3543
1040
2153
1059
3615
1704
2303
3531
1190
3069
1405
3221
3122
3308
3911
709
2112
232
345
3517
2314
3822
1847
3982
632
3922
1666
1294
3940
2561
3572
3722
3186
375
1224
1518
813
2740
1774
2215
2960
1136
3900
845
1734
40
3369
3136
3332
165
2569
3208
541
445
1157
3901
494
1357
684
2178
1454
2199
3620
3686
626
1388
1067
2996
1751
1613
961
3249
1861
2541
4052
2706
1070
2762
362
1681
2990
1010
3662
3539
3372
3160
2486
94
2552
2540
1238
1088
535
1241
2101
2322
1587
42
1881
557
1951
55
2328
959
3550
1475
3215
2758
2682
429
1547
3005
2610
548
2074
3719
1343
3060
3684
3004
3614
598
245
1005
1499
2686
970
2008
2836
842
3681
1144
2465
1870
1575
5
855
4023
3175
483
9
1823
2296
452
57
1644
1307
281
1080
2333
2420
2605
936
3056
1188
3404
2950
1603
1450
3887
2866
1837
1728
2744
1617
2238
2542
3116
3040
2195
1323
363
1657
2188
2262
3135
1253
968
86
3771
1888
3624
398
1554
3227
2379
2994
3970
1341
3143
2266
2436
1531
1669
34
2677
4
2809
735
1290
651
2761
4038
1074
943
2007
1156
2334
2236
907
744
1114
1987
3925
3478
3715
208
1602
458
3560
991
3199
2823
3894
2190
3808
3394
1866
1651
2528
2734
3471
2537
3086
2774
1048
2451
3225
1313
1386
1159
2921
2531
2174
1115
1129
1423
475
3792
2679
3257
2092
427
3090
840
2113
783
733
133
3094
2989
2748
3139
2300
3515
1526
3947
896
3696
73
1673
951
1104
1362
3171
802
3851
3895
3521
1662
1863
1767
841
2922
1679
2753
668
952
2871
312
1756
3801
3742
322
3307
3377
2259
3352
2454
2015
3335
200
3678
600
2163
393
1839
361
2127
1164
2087
1019
469
3563
3023
103
771
3097
3919
1532
1777
789
3333
2577
3589
2995
3312
1370
3856
63
1246
3238
380
278
236
2393
1302
3091
3691
1820
2264
3071
3943
610
3639
488
1329
124
2772
276
1117
229
3644
3516
1530
3998
1942
2705
892
2149
3603
2781
3275
3282
3582
4045
1674
3317
3664
3268
2291
2084
1632
3754
798
2727
2880
2933
2032
1120
984
195
885
995
3386
766
1795
3129
1164
3175
304
1995
956
2677
1570
474
402
2994
944
208
3010
2486
64
556
486
1947
1315
1447
3221
1952
2527
810
2765
1495
3870
1443
187
1661
3092
2684
3855
3195
2738
1586
2731
2539
904
1560
3141
3820
1762
345
2384
2950
2631
406
3632
672
1670
967
772
3974
1304
3765
659
2194
218
3163
2957
3276
155
2636
2344
1455
1314
2541
1019
3717
2158
1337
1594
2001
575
727
3021
3614
1190
1220
1379
570
2330
3712
1102
889
1778
1562
721
1972
1702
2869
3194
526
1074
20
879
680
1709
49
830
1744
895
2552
171
2909
1916
1687
2186
946
2762
959
127
1682
1643
898
2523
1611
1039
3402
1516
2846
803
1494
2558
99
3153
2317
1847
3606
3109
3057
1832
1159
1433
2358
764
1310
1770
1004
3517
3605
3691
1831
3429
2470
2373
1435
1907
1864
1033
3389
980
3430
3892
524
3245
518
2870
1405
2372
1572
1113
787
275
3249
2025
3448
832
2349
1116
671
3718
1361
769
2019
2549
2515
2178
2340
2107
2339
2696
2366
3411
230
1133
1620
1439
2806
3657
2948
2102
2127
103
1551
170
1724
3231
990
142
1288
1683
4035
3285
550
599
430
920
2308
491
307
2111
2794
2200
3519
3403
806
3750
2468
533
2181
3434
1376
3527
2368
2149
3944
1341
217
781
2039
123
1593
1417
529
2686
1822
2651
253
1677
2588
3805
2269
2312
451
1483
4046
3181
3084
1384
1173
2056
1747
1244
2722
3758
900
3507
40
2168
439
2903
720
256
548
1491
3675
3716
2713
1332
198
1789
122
2597
807
3452
3470
4096
1410
1061
2886
2155
2461
1096
1121
3292
110
3903
3314
3538
3865
1878
1318
2605
3917
65
2119
141
2143
3575
2367
2055
2270
213
259
4041
3226
3367
688
69
3241
2138
1974
3789
2572
3023
1212
2275
1731
1853
2045
817
2647
3824
355
3078
2942
750
2338
2320
3933
2774
2505
2879
1705
1013
3983
291
101
2171
41
1448
1808
1083
3930
645
4014
16
3975
219
2499
3701
3408
1194
3913
1793
2851
2287
739
50
2218
8
1642
3446
845
1380
1080
701
3797
2354
3260
2973
2790
729
1236
1196
1519
2654
3336
1741
488
3218
1068
2660
2953
322
1043
2614
2280
1730
3566
3058
948
3479
1468
2004
1925
3227
2544
3770
383
2862
2814
571
2724
1769
541
3644
3370
2220
1237
1031
2187
174
3248
520
1030
1180
3546
1842
1624
1781
377
1539
3212
2841
2698
2192
130
2830
1875
76
3637
1451
2603
2907
994
2971
1283
2579
1206
1717
778
1816
3321
2442
656
993
2033
1463
3622
132
3848
833
3075
1550
476
3607
485
2205
2842
1226
2163
1178
722
576
3079
913
288
366
2110
2744
1166
2845
2863
2590
2888
869
1855
197
2616
2666
477
2185
1002
2465
3654
287
2141
2463
3103
3565
3466
3135
37
3472
2709
2758
2857
1588
339
1987
714
1966
3521
719
3536
852
1874
119
3250
4051
2811
579
777
1558
2407
1070
3342
2729
564
1706
2146
1323
1556
151
922
423
1356
3876
3066
836
823
1656
3554
3981
3394
650
1333
972
3568
3265
2828
3414
1542
3704
1647
2296
1136
3415
3532
1704
3251
3082
3095
3128
1153
2326
2615
2632
1889
640
2260
1676
950
1582
2479
3535
3986
1884
2586
785
17
763
3306
3050
588
1804
1327
2930
3725
1340
3702
2455
2307
3269
1255
1129
1163
2518
1500
3963
1507
1920
2904
2114
5
2474
3835
1773
2438
1544
1503
2980
3380
1416
2105
300
696
3327
2509
517
3756
2826
1600
333
273
4011
1308
1227
2490
1201
210
1885
604
1192
1485
371
2224
910
563
39
1915
2574
856
1171
3796
1954
458
4080
1982
2027
226
881
3583
2223
1679
1951
1066
3177
2609
3284
3753
45
539
3929
303
3378
2692
3020
1493
3631
1554
134
505
2441
601
1158
1937
2844
1042
4058
3731
589
2073
1759
111
3937
3799
1859
3499
3639
2225
1949
3894
1034
3400
2766
2897
2254
2620
310
414
2058
1391
3453
2299
4043
2956
3297
3474
3458
2375
1475
3192
3643
2716
270
466
221
350
3678
1740
519
3333
1217
594
2959
2221
2085
692
3417
2935
1097
2404
3736
3760
1329
2561
3679
3971
372
424
285
3640
3612
2082
1145
465
1135
161
223
2268
858
3665
1421
3740
3299
3423
515
1036
3762
2750
2166
478
2764
3623
3672
3577
484
373
2051
260
444
281
3133
867
3594
2328
864
1104
1348
3270
2893
84
2345
2720
2216
743
272
1089
2363
758
399
3478
2413
112
1828
705
996
3793
2077
2411
445
1152
2406
2137
1362
73
3382
711
2444
160
1364
2823
2701
2924
3591
1755
748
2347
551
2350
2243
74
1053
755
2279
3651
1211
3818
2753
2258
3234
3017
60
3866
2282
1896
1777
3447
3341
2673
3621
3510
3959
3259
1819
2969
2289
1536
1685
2156
1210
2882
2676
882
109
673
2975
1450
2273
390
816
1837
929
3540
1577
595
1025
3338
1826
1689
2915
113
2594
2966
642
841
547
2067
497
3919
4091
3803
2191
1609
284
1140
1967
2685
3492
3438
1666
190
2719
952
2088
1055
3808
1501
632
296
3724
2667
759
247
3733
2690
2016
528
2612
2587
3215
1775
3945
1849
709
1188
892
800
1886
1160
1225
3940
455
3825
718
3271
2626
2721
928
1547
3368
3850
3219
3085
489
2369
638
1857
2663
1574
3149
2895
795
789
3769
2401
481
3745
3000
1175
2378
3223
3144
2188
3939
825
2941
4010
3686
1124
434
106
2779
3172
1426
1978
1009
2336
921
598
3908
1796
1633
1269
182
1645
2640
2711
774
2854
2245
2805
3834
3395
2142
2901
2331
2856
2937
690
147
2604
503
2445
665
1414
1472
3515
1628
3744
2087
1720
3228
1243
2446
937
3948
1431
1933
1088
2203
1711
1161
1317
846
1604
3179
2575
246
232
4093
1801
2906
321
3739
3600
1566
542
3792
965
1626
3807
1330
4060
2471
3949
1278
2335
57
3681
516
2926
1119
441
3863
3065
813
1279
3137
2984
3761
3014
2584
2832
438
3880
3167
3222
2646
1461
3997
3475
3635
2693
234
2866
1565
3238
2770
1228
834
3498
267
773
733
635
1934
2487
2049
2773
1696
2652
1398
364
666
3911
1369
3332
3405
986
1968
295
616
3916
606
555
3068
1910
3162
2664
949
2097
3966
1621
3199
2467
1251
2873
3037
4025
293
78
3927
2333
1325
1881
3174
3437
2473
1396
3089
574
3150
201
2912
3994
662
2288
1990
2012
1591
140
87
536
3139
2778
1653
1424
1202
98
468
2581
3041
1441
531
3007
1452
376
2810
1139
3629
1301
3335
1132
433
3557
3541
3496
3440
2423
2190
2006
2173
1130
3494
1157
617
925
3677
561
4021
982
4074
1532
1091
2871
877
1509
1504
2850
1726
716
331
618
1956
3450
710
1412
3294
565
3857
3889
306
3667
3427
1511
2259
3584
3182
1766
2301
1280
2910
1487
1909
393
10
3914
404
337
1245
2868
1397
2610
3524
2251
535
3563
34
762
3956
3203
1800
268
328
932
298
1616
4000
1640
277
3545
3653
324
3617
3726
1077
431
938
977
1207
2232
1478
2324
2923
334
3185
3217
2430
1387
1651
2174
301
2500
3290
2305
991
343
2819
2136
1663
3287
1887
1888
2958
2020
1743
3307
2526
1883
1605
1852
611
3572
1813
2986
2139
1005
316
3048
2985
3625
3473
1914
3747
494
225
871
3070
3559
2659
1957
3693
2761
3885
1580
189
2775
2263
3422
2341
2648
2361
3711
385
185
2962
498
3131
35
1065
1862
2309
4053
80
56
1912
2266
3800
3372
2540
968
408
3043
124
2029
3921
614
1718
470
1997
3334
2799
315
1473
2998
2044
3076
939
3134
1902
3674
344
2618
935
569
802
3005
2763
861
1106
31
2357
2781
2784
3016
1275
2748
1866
2983
3900
335
1812
1599
3146
3842
137
538
525
1044
3950
2860
1635
90
2297
2747
2771
3329
2017
911
3998
1681
1057
2482
2734
3722
3257
2789
11
3300
1071
1373
2919
3374
1522
3795
796
4063
1843
1856
1598
2262
3071
1597
914
2249
2112
2239
884
3142
1715
368
780
1229
3313
1648
661
1918
2144
2154
3376
3619
1699
3488
2495
4015
4007
1079
1378
3518
3790
3325
3738
1335
1359
1981
2094
2534
2314
3505
95
1216
3398
2996
1465
597
71
2619
4032
3353
1353
1146
1835
454
3573
1367
1015
1818
4018
2592
1203
2356
1827
2848
3755
1437
2798
654
410
1442
3406
998
341
3658
3358
1636
2402
21
3977
2285
1489
1151
1464
1018
805
3055
1403
252
3714
1156
3384
204
177
3511
3859
2089
624
2376
1076
2228
1894
2348
2481
3030
3561
1650
2788
2072
2322
3773
540
2707
552
418
2103
3662
3688
154
3710
3817
1970
3768
279
2435
3464
791
2834
3254
2371
930
746
3152
3391
1765
2506
164
3996
2022
2397
3262
1382
2567
2462
848
3454
1389
2391
924
797
3902
664
3787
1276
1423
360
1750
2128
245
3951
3312
1688
2206
3352
1988
2623
1020
3487
3620
2323
2184
1354
3157
3706
361
1063
3982
3154
2520
1346
4068
3874
3495
2803
4056
1506
2578
754
1964
2425
3627
3585
3560
1370
883
92
1170
3425
3205
3522
735
2627
2385
3305
3988
3209
3046
3322
3373
3288
3363
2533
294
3485
2003
429
2420
1427
3220
3648
1149
3589
627
916
3967
853
1534
3851
443
115
2809
2808
3255
2989
1027
1959
1545
2839
3650
3019
1098
1142
2858
2130
421
3365
75
1961
1927
2537
3074
2546
1790
3236
2452
3229
3815
2644
1049
3190
1454
3783
354
3671
3346
1006
2756
148
581
3823
1975
3888
1008
3013
1872
1860
1176
3596
1935
1723
1629
1581
2679
3462
2201
450
508
3392
3942
3574
3588
1928
3225
2513
812
1390
440
3645
683
1444
2861
2133
1223
1786
1400
3027
3833
2070
629
572
3444
1941
738
2913
1584
2437
1047
262
2426
129
3349
3742
936
3420
779
658
2683
3531
3856
2951
1713
186
842
83
3723
513
4055
2302
2159
2234
411
2529
2176
2484
2422
1638
1824
2978
1428
1000
3156
3419
2555
873
3032
1561
3385
2641
2732
602
2524
351
2064
181
379
1169
3732
2204
3547
4090
854
290
1528
3552
509
2992
695
3180
1530
740
3483
942
985
1328
1262
3280
713
1613
827
2047
3481
1425
1256
1517
1265
822
732
264
1834
3040
1085
3867
2991
4026
4077
3130
3118
3489
2824
4012
737
2122
2502
1655
1343
3836
2080
3909
67
3216
592
26
608
3587
3555
3697
1900
2
152
378
2394
1879
3719
1564
456
2256
2887
1480
397
918
859
1446
353
1185
3282
3028
3104
369
1419
3828
3898
3812
3776
394
1062
1809
2927
3145
2253
1644
1529
1897
1125
1608
249
2214
870
1312
888
2364
3244
2730
3827
3200
2657
1293
2293
3543
1498
1738
2530
1815
3839
953
1222
2124
590
2054
725
1943
2412
2300
3062
2042
979
2276
2052
1993
1890
687
2876
1022
1931
1710
1820
1746
176
2929
138
1929
1669
3767
1868
2448
3009
706
3947
1107
2921
1422
3923
2510
1985
2380
3906
3240
511
1395
1309
157
2352
1247
3580
3676
804
3330
2968
2608
559
4028
1779
2014
3934
1073
1749
1999
2303
1399
240
907
1200
768
3741
826
2917
2066
3779
2428
2736
1939
2131
2091
668
114
1541
1921
3188
2229
3682
1585
4044
522
2457
2833
3111
2416
1233
415
1386
3960
1607
1606
1253
3106
1038
3318
3862
3304
3098
3036
1338
3990
553
2622
1214
2152
4085
1401
436
3954
1513
3853
2816
1352
2104
2782
3309
3592
2388
1357
1197
2703
3809
1413
2036
1470
2674
2560
3502
1111
191
3696
179
447
988
2162
2669
1865
3811
1177
3899
999
2836
2706
2765
2535
3734
2349
2200
2620
839
1260
2118
2129
2741
590
3104
353
906
3612
363
3795
2848
386
88
1160
1178
1383
3234
1734
2854
1568
3466
3799
1120
3026
3298
2344
2785
1911
98
934
2455
2092
97
2441
206
2805
1663
1714
2643
3727
2832
2760
1447
2477
603
976
3535
1329
3145
524
1778
199
1285
2625
3314
1510
990
3828
592
2280
4044
2312
1191
1010
2230
2190
1263
512
1327
1761
2024
3453
1535
2566
1907
1782
2381
704
1689
755
1137
2034
720
1690
1463
2310
3709
3765
3770
3694
941
2989
655
1168
1559
2752
1146
1239
2075
1035
1521
3462
1011
2196
3384
3033
840
2814
436
2171
3476
1071
2198
3839
135
996
2019
2302
765
9
3394
870
3115
1227
507
3253
573
1786
822
1220
2283
3809
1086
3962
2041
3579
969
2476
2897
191
958
197
4092
2270
3449
2776
1545
146
3810
2869
1816
3435
2821
3035
1385
440
897
3325
477
2422
3906
2912
2802
967
2583
2391
1828
669
3097
153
1074
726
4
3570
3468
3591
1646
397
3995
543
1117
2207
1938
2539
3241
2590
2039
2813
2114
3509
2872
814
350
2691
1865
2906
2918
1358
1312
3721
2051
829
218
1685
2465
865
1046
4020
1769
3965
1118
2481
935
3093
2236
3267
653
1193
2908
2005
750
362
2456
3515
1283
429
1852
2880
2661
2145
3961
1375
2597
850
3909
2647
2844
3155
549
366
2781
3245
1064
497
1241
2407
1162
1699
3540
277
1579
1395
1248
2338
1810
944
564
740
606
3050
3661
2608
3009
1180
4049
1150
3202
302
3620
3677
613
1382
775
389
361
3162
1294
3478
1480
2004
2315
1062
1340
2994
1459
1878
152
776
93
2217
2953
1880
1330
629
4052
1949
1867
2048
3271
3323
100
868
1355
2122
1518
3856
3099
3302
2502
808
2343
734
3260
163
3143
1408
1139
3714
2770
2197
1461
705
2826
2404
3558
2997
2177
3931
1817
2779
2623
2179
2910
2288
3308
117
2871
56
2262
2211
2151
394
3062
2868
3061
2961
2515
446
3760
3010
1446
3006
3639
2474
3748
2678
2767
1662
604
2862
3289
1107
752
3274
890
2228
2156
3686
2732
1708
2259
424
667
1726
2417
433
1740
3456
1068
224
3012
611
3585
3824
3443
911
3366
2165
2641
1982
3729
2736
773
2830
204
1322
2460
1422
1781
316
3653
2513
4058
3792
1095
1433
3937
3018
43
459
2801
3907
763
623
518
431
1196
2964
902
3513
2448
3980
1057
1043
1361
574
3719
1964
531
1372
2388
221
2680
1261
1548
3296
818
1713
884
3192
769
2485
642
1885
511
2618
2091
1147
3872
2881
380
2355
2727
1339
1332
1703
222
649
3086
2587
1698
2585
1569
3991
2688
1669
1606
2817
738
2810
2095
860
3684
1770
1849
3226
3984
758
2117
3484
1659
597
2686
2698
142
2605
880
1946
1901
552
3159
3830
2348
1474
1399
1038
2724
753
997
1986
1636
2520
3546
3074
233
3459
2729
3528
987
3731
1771
109
3560
3706
1517
297
1490
3214
2799
1927
2074
40
899
2952
2827
3854
3644
3306
1274
301
1051
3739
1305
3181
1045
83
1587
2742
851
402
2979
3102
1806
2654
1337
2277
2649
3242
1092
569
438
1373
1200
1277
3682
1307
534
2337
3144
821
273
3756
1289
2077
3611
1317
291
3257
357
891
4089
2128
2902
855
1030
1187
695
2842
3282
210
2677
3187
947
3766
3416
125
3472
3211
3064
1975
1350
1034
3054
2495
1915
3015
3223
3398
216
3691
1349
454
3051
650
427
2078
1614
2195
584
3518
275
62
1281
954
2304
3248
2054
1366
3817
2553
2353
2044
803
1701
428
555
487
1226
2628
1443
1467
3250
3375
1704
2835
2919
3024
1841
845
1888
3571
741
2873
3048
2409
1873
3913
3168
1655
1883
1675
1785
2856
2140
3635
1898
1553
3002
3445
1136
3932
268
115
1175
1977
137
732
2985
3171
2097
795
166
2297
978
2366
1875
3722
3942
2205
3372
3067
3742
3403
3504
2049
3786
2558
3784
3377
2526
3935
3630
787
2378
2260
709
3915
2943
3851
602
2658
3952
1560
2648
3955
2087
3530
4055
3433
3853
3300
903
4081
4059
360
3439
1293
3014
3675
3379
2824
656
2974
828
1819
3130
3060
1363
2011
3699
594
77
2111
323
1991
437
1590
415
1104
1502
2182
3502
304
3566
852
1302
1945
3977
2852
1890
1219
771
3774
3019
2109
3780
3844
465
2376
916
2069
89
258
727
1028
1155
2664
2113
2393
1141
3594
2552
107
1504
627
3344
3013
754
974
3758
3195
977
784
419
2730
1144
875
2708
1103
3596
3899
2764
1140
714
1693
3247
1531
2957
4069
1491
544
3703
2446
618
158
3396
921
824
2507
807
1267
3312
3843
2721
918
378
2793
1039
476
1555
501
2531
2168
285
2755
3148
2119
2541
985
279
3815
2498
183
1563
1871
1881
1860
2555
877
3085
2202
2150
161
566
522
2796
1442
1210
3498
959
3883
1796
677
133
3429
495
1439
2043
1671
157
1048
3160
3680
3112
1498
2867
60
3754
2276
2927
3448
1024
2220
1809
330
251
2668
181
3044
2428
3690
2360
980
3175
3038
1235
2631
3501
3167
2521
3483
2581
308
2282
2493
607
2100
42
2449
3601
3321
364
2629
499
2893
4082
3578
2962
1115
382
405
853
3700
843
1905
1398
3138
2032
2442
1080
4004
536
3520
1747
340
3507
1049
692
879
785
1711
3345
174
3668
2299
3777
3281
3574
1015
3890
1617
1804
2025
2574
3269
636
2368
2913
2037
586
2030
1380
413
3156
356
1
1449
1627
1625
2364
1570
3869
3949
2596
3806
708
504
359
3058
2370
3495
2131
1471
1651
3636
2685
3111
893
3349
262
3881
3273
1832
2218
3304
2560
3589
525
676
837
1335
71
1813
3523
913
3363
663
528
306
1078
2563
1731
1630
2789
2136
2673
3600
1696
245
1487
3360
3562
303
2012
345
1515
1800
144
472
1341
561
3388
1026
2797
1612
503
4029
452
3139
2644
659
812
2914
335
131
882
74
2335
2849
289
610
2444
1101
1127
2294
2031
577
1163
3954
3127
3101
1576
3970
4017
1132
3153
681
1744
463
3618
1533
2120
3724
2289
196
2616
2002
3025
156
409
3198
172
3458
1948
1167
962
2525
1976
66
3576
1894
1593
1254
388
3224
1600
1940
651
332
3030
1526
3339
1966
444
2306
1005
2923
292
1465
1077
3659
2568
2807
2509
1014
401
2372
1206
3859
3692
2007
1249
3007
3928
748
3617
3547
862
1960
1954
450
3359
1844
13
1850
1041
1000
936
2215
1186
408
644
2891
3524
337
3983
2743
1798
1618
3446
2221
310
3819
1066
3252
155
3207
1992
2705
3959
3900
3216
2970
3609
79
939
238
2180
1054
2396
3147
430
1143
4026
2508
2523
971
2564
991
2670
699
3
1174
3627
3078
4051
4079
2697
2462
3866
2640
2447
3933
558
3542
2601
571
192
698
1758
621
3761
129
2134
1013
3633
2806
1529
3090
1287
3892
1846
4076
3170
114
1933
3672
1893
1952
4033
2323
1648
1955
3189
91
1476
2237
1392
1404
3716
2083
547
3471
2937
2155
2586
998
1987
2496
3236
39
2619
2064
1284
341
3736
3410
293
1989
948
496
4036
1998
2510
706
1188
2630
1020
126
1090
2383
1023
343
2317
256
2851
106
2431
1694
2778
2245
1494
2960
3779
3461
1368
1234
3286
1978
2042
3497
1243
3583
1429
1296
3820
4007
1417
1767
3555
3565
3108
2065
179
239
3808
3526
11
2424
2604
2578
3924
3926
668
3551
1452
1661
1973
2651
546
3557
4006
411
2903
4073
1524
1760
2406
3767
2173
384
801
2822
717
3669
171
1755
313
1575
687
1042
260
328
905
3343
2818
2250
1065
1684
2947
1624
3152
881
28
2689
2267
2901
2840
1833
2436
2116
3265
3213
951
1705
282
2163
2899
2354
685
1918
227
1431
1369
3735
2534
761
2939
2722
846
1198
874
3382
1775
3203
2371
1353
3537
3662
1393
2415
1830
1427
2944
1183
3895
711
1904
1717
3840
1823
2326
2656
3276
3903
1629
1745
2342
4022
878
3517
1802
3532
1605
1586
1719
2188
3688
1416
1122
1943
3521
3841
2965
2125
955
3499
3936
2085
867
2883
762
2420
1768
3270
26
2484
2271
3641
989
480
1790
960
1635
2747
2290
3261
2916
873
796
2363
2169
2917
1959
1645
3164
3233
789
2115
160
1240
3109
1876
3898
1944
1794
570
672
3432
715
3414
2886
686
314
2161
468
1735
3079
1466
3494
2879
110
2517
375
701
1622
554
1730
2423
2164
3134
2184
1003
3418
4011
2956
2255
2175
1640
1674
3568
478
3037
1995
872
122
1273
169
2483
2710
3450
3939
3874
3813
2731
399
2225
3163
1899
4034
1908
4074
914
793
1352
1258
2055
2274
3311
2108
811
3368
1360
2203
193
981
244
2186
1455
3005
241
2995
767
2341
661
2589
2059
730
666
1780
1359
1970
3191
1177
2099
4046
2833
2909
2925
2399
309
1108
3973
1228
2954
1073
3864
2324
567
798
1869
1791
3017
647
1628
3575
3310
1589
1423
2015
3095
2380
462
802
2264
209
909
3415
2266
2284
1749
599
2505
354
799
2016
2206
2311
1153
1910
3209
1641
1176
1076
3465
1736
253
139
1445
23
434
1426
2983
2763
1594
3894
4047
3744
1814
2715
1205
85
53
500
4054
1724
2863
2339
609
2991
2350
3732
1733
689
1812
426
1032
1121
835
1434
2819
3785
1394
3278
2725
2470
219
3077
1656
75
3857
887
1386
2694
1084
140
2013
3544
151
729
3256
3178
1916
678
810
670
3897
2857
1488
2359
3056
2684
3362
3676
1536
1291
3802
3967
2823
3365
3116
2532
1402
1895
2738
3998
587
1599
1763
632
3969
657
1278
4039
3205
589
1493
365
1519
2402
63
445
3353
232
2804
230
2018
813
369
145
2086
167
2592
1437
3702
805
1410
728
3607
2047
842
1496
3602
49
1309
3749
3650
189
3407
582
281
1956
562
3887
249
2571
3986
1230
925
3049
1379
3885
1936
790
1706
3391
2663
3664
1364
3430
1070
2966
1839
922
2936
2345
1951
616
3065
2660
2329
2634
2613
3647
3836
2223
3356
1665
3823
2794
1172
1297
575
3136
3918
319
3491
2734
2750
3923
448
2754
719
1346
759
1609
3826
398
1741
1538
3605
1216
1801
2293
2978
830
1158
1751
1298
214
3335
1299
515
416
20
817
3598
295
2308
3752
1456
2876
2787
284
1512
2045
721
3327
2358
3929
3697
712
2772
2089
2992
393
4066
3534
493
2286
1113
208
4019
630
3623
119
3146
2518
739
3673
1310
3425
964
3944
3454
58
1650
2057
3922
2029
3000
3395
327
745
3480
2105
486
3083
2072
2490
1820
2544
2594
1222
2000
2735
994
491
3833
2757
2499
1414
930
2846
3420
1237
1677
2322
2761
1962
1060
2433
1842
3541
1055
3958
3358
3220
1036
3563
2384
982
31
3960
743
3976
3975
3718
347
3120
264
2199
3277
1246
617
2234
2070
3987
3387
3805
1129
1134
2401
2487
325
965
2375
3045
2894
3999
2429
2675
1853
1891
716
1697
2837
984
1539
520
3861
3003
2621
1779
791
3873
2700
483
3525
243
3549
517
3284
178
3904
203
2157
3666
1276
3632
195
2458
2263
2783
1105
404
1887
2987
1059
1124
202
370
1397
3405
1444
3228
1681
2219
2352
2506
164
1835
175
3238
1722
2543
1743
1152
1029
780
200
3957
3069
3346
3381
248
3295
3750
509
2232
1083
2183
21
1110
3919
1301
2874
1389
1400
1597
3347
2395
2419
3122
1292
3640
2332
3427
527
3319
3603
3357
2251
1320
2712
1637
2940
1728
2639
2021
451
2928
953
3610
638
3200
3301
3177
3185
1603
1983
2582
3794
1950
1581
684
4094
1958
3508
4078
1611
3126
3989
3614
583
3091
598
3021
1270
3782
3232
1378
2026
1454
2838
1941
3619
1215
2010
208
658
1357
2429
474
2629
4072
1506
2257
1149
3202
3854
2245
2982
3694
3098
894
1399
1321
2500
544
221
2250
2236
1266
2941
2327
3986
2117
1708
3178
4092
1317
3863
2238
111
1585
1307
4032
735
3013
36
1795
3447
2575
3141
1042
3739
3412
4005
357
304
1220
550
3934
391
533
359
2737
1724
2350
3211
261
1230
3169
2832
2015
3875
1512
566
1026
570
2355
157
2124
2334
2781
1938
3007
1782
2833
3737
3372
2150
3728
439
3874
2210
3054
3192
2450
2563
736
3674
2638
1673
3623
3765
1063
3852
44
2325
3305
2559
3475
773
2656
241
4026
572
1816
3280
1768
2035
783
1979
415
3680
3706
434
976
4011
3617
3056
1171
3089
52
1983
3205
1974
1327
1110
1703
627
2661
143
3198
3581
3554
1857
639
3213
2691
246
1136
3003
3365
707
3517
2169
345
46
601
394
1034
1008
509
2744
3699
1069
1157
1529
424
841
2013
3139
3332
1173
1507
797
2592
283
2955
2276
1002
3042
774
745
3692
315
2112
2074
1576
2275
528
29
2571
42
4054
3402
643
2662
1212
2664
2573
1664
1614
1618
3185
2702
2784
273
2030
3445
932
1644
3174
883
1926
4096
3024
2191
3663
2284
3523
1379
2260
259
962
2545
3791
1203
3086
73
1249
3168
3239
2271
657
3627
3486
2323
316
3730
3886
3766
1824
1869
2727
1240
1201
1583
3501
3782
2003
1119
356
3177
1051
184
2633
2233
10
4009
481
3755
340
1532
236
4074
3154
127
1226
1238
3932
213
3890
1982
1364
1115
3630
3063
117
1786
252
1637
3947
2720
3676
1602
91
1083
2583
3277
222
3453
2797
778
132
437
2793
1689
2033
1611
1934
2813
1292
4020
862
1875
1397
3915
305
2091
460
3985
2248
2310
3646
1631
996
2226
592
2767
3072
751
761
1888
2890
920
3423
3159
2953
2855
2956
3095
3459
1729
2097
2814
3514
365
845
354
2584
1408
2390
3846
1598
386
2168
1059
3149
2527
1541
1693
2241
2905
2497
2171
1113
3431
3243
795
24
727
3378
3840
3356
608
1323
476
908
1547
3529
2200
2427
1840
910
3029
2442
2755
3435
2611
604
293
1833
2243
3171
2826
892
1596
472
2324
3004
1086
1125
289
2190
3434
1276
1324
2844
1687
3532
2770
2422
3767
2526
1382
2359
1311
1386
1441
1010
1648
837
1957
3507
1752
1764
3017
2773
2752
3641
3829
3647
3391
3734
1308
3133
3583
1041
1650
1001
2796
1174
2187
3815
709
1781
808
2971
905
2731
207
1560
1344
1917
1663
3006
1348
4043
1579
423
3064
2723
525
3659
3373
1197
2757
1517
1188
3216
816
2415
878
388
3510
3403
258
3759
2370
2272
732
107
3884
632
1970
2579
3851
2048
2806
1288
3575
2089
2504
1182
2918
2293
139
3908
2666
3464
3597
59
3360
3896
3297
2026
717
1310
85
1013
142
3061
1151
490
729
324
1351
200
2624
2856
802
2332
2786
1056
537
2064
2407
1967
2530
1491
806
2966
3327
1907
1488
3799
2159
3379
2208
1496
2578
872
2697
918
3293
152
1231
1642
1630
1867
214
930
1862
3432
1367
3723
1646
1567
3195
3792
2188
3449
74
711
675
2127
3166
3956
1164
3809
285
1140
1674
2295
687
2251
3600
1134
2565
3595
469
3526
3187
2871
1378
2824
3669
713
3988
1107
2870
1154
2365
667
956
1679
2714
1387
120
3070
2105
2792
2612
1118
1132
3470
1215
3973
453
3848
662
3527
541
3287
3450
2642
223
636
409
3136
3511
1478
298
3112
2474
3718
1176
1660
770
155
3990
1685
1658
3465
1843
307
1713
2114
3824
521
1819
2411
3381
404
1427
1688
925
2221
2831
2519
3146
2175
3672
2269
1172
3367
432
831
1205
2076
1604
718
2126
3747
1209
4010
196
721
3272
3328
1538
3865
3463
2892
1339
1849
1158
165
3259
2707
1534
4079
4066
2602
3786
3275
1425
693
549
739
2199
1692
2821
2845
2290
1829
178
2741
40
2909
1439
3316
1737
3795
446
1984
3754
2915
204
1180
904
1304
1995
1306
2623
2041
1481
596
3161
1695
818
492
3128
2376
2505
3901
4040
3113
3649
3468
2912
1886
2846
372
347
1536
916
3430
95
428
3411
655
1224
144
3002
122
2627
3920
674
2037
1759
2302
3586
3925
3760
1561
274
752
3889
1832
1380
951
234
1167
1519
881
1930
188
494
3265
3764
1716
621
3836
2486
2262
2735
1207
2330
11
1814
3788
1062
3710
1336
869
3323
1878
1080
1580
827
943
2379
297
3026
3744
1640
1277
2392
1766
3994
217
3827
2502
2368
3437
1318
1093
3343
3661
2309
3879
331
2840
379
1710
55
1338
271
2522
2663
321
763
1678
2452
2557
3552
1163
4078
1960
1112
2444
1521
288
3678
2162
1670
1996
1610
2072
2513
3871
2457
999
1777
2485
2808
2484
558
2750
2963
33
1997
2893
2300
1270
1263
978
3158
2291
1383
2862
633
3059
1485
1448
2552
3869
3590
1569
1728
1628
1771
1414
254
2229
2980
1990
1836
2544
599
1019
32
2655
3137
1066
803
3769
2539
3313
3354
2433
902
1498
3941
3285
2479
2115
617
1098
3725
2815
1924
3080
2265
4049
1040
3891
789
811
2426
286
499
1809
2459
279
3545
849
700
3902
1370
3717
669
3801
3273
3023
2838
3653
2543
527
210
100
3832
517
429
2093
2022
2874
2456
2599
649
2436
3611
3705
2134
3700
2443
1085
1330
781
720
1129
1746
153
2716
2090
1621
987
1794
1876
2580
3803
2549
2206
2253
2465
1461
292
936
462
1459
3492
885
580
2753
1268
829
3708
1404
2136
1017
767
349
715
2683
3585
2397
3375
3687
2480
2927
1588
2551
611
594
3397
690
3897
1428
3250
3868
1953
475
890
3117
532
2321
1811
1638
320
2622
2235
3569
1775
2658
3242
2749
3632
1165
1691
1808
716
2184
2032
1651
835
105
928
1870
2509
899
228
1548
2490
3800
1864
72
3307
1152
1396
722
2932
1213
2431
960
1159
57
938
2067
2511
1980
3399
556
2084
822
2040
1437
591
2186
1699
1817
1701
3451
969
1402
3066
1609
606
2531
1390
3220
3831
2011
559
1369
2795
942
1671
616
2315
2799
1733
2102
3251
167
1898
3339
1218
2055
3227
2319
1406
2536
205
2569
2312
3686
3541
1881
38
3408
1072
871
1893
1615
1719
1882
664
3805
2969
2496
1444
147
2369
1372
1343
1064
3721
1070
1457
4016
3922
405
1826
41
3838
2194
2803
3626
817
986
1965
2693
1422
2451
3429
1254
3684
2900
3779
3732
3156
1887
961
65
1948
856
2887
3241
2304
3910
5
1972
1509
1607
69
1023
3749
480
3520
2854
1891
3264
3488
3069
1754
332
1501
1656
3592
2779
1975
1245
1031
758
1078
3132
3427
2157
3472
2614
2012
3304
2947
1661
985
2428
1032
2348
1265
1255
3370
3418
2068
836
3358
2016
995
413
3491
952
1884
934
2231
1940
49
3515
552
3116
3666
3940
411
2473
1744
512
2018
676
3291
1540
370
921
149
1418
2582
3020
589
971
2981
710
3125
1985
2868
1851
3751
3417
2745
1284
395
3123
2974
3637
2930
2568
3900
3440
3563
2829
2363
3574
3400
982
3406
1686
3184
3008
2086
1476
3150
2724
50
14
255
3384
4071
2807
3588
2651
1341
2101
1082
251
2567
948
3052
3660
1929
3001
2589
2414
2119
858
2360
1415
2630
503
914
3230
3231
2884
1295
564
2640
1955
672
3849
93
1590
1210
748
1190
3625
1624
2466
2865
2043
2344
2063
2673
1551
574
2811
2149
1762
2729
3206
1243
3094
798
3351
605
2684
294
3864
3115
186
3035
1283
1837
3657
1155
3204
619
2211
1271
2541
2481
1879
2961
3188
1116
1863
2214
3857
2866
820
1186
2197
866
1394
1873
1047
1612
2468
1570
3689
63
2711
90
366
2922
3813
1260
2209
171
3376
426
1236
2342
2864
431
478
2852
1951
923
3593
3190
3983
2634
3121
3350
2489
3945
1908
977
3793
487
742
3918
2586
1074
3341
296
1566
1486
2377
3329
2412
3807
2155
1328
2213
3461
1228
3482
1633
4085
3602
470
2590
3090
813
3998
301
2366
3164
4087
3058
1111
1636
1194
3537
1855
2598
2562
1297
3246
3605
326
1545
3118
989
805
3145
2760
1335
1712
1502
984
2722
110
519
2204
3894
194
1133
2279
3078
1221
3843
2739
3559
3942
1757
2880
1204
1797
638
2594
2401
373
227
3952
2118
682
185
2239
1467
1969
966
1959
2754
1790
2440
2006
1429
2439
2096
3456
1433
2709
1897
2903
2280
1993
1199
163
3821
2607
2201
309
2408
2736
2285
1195
1913
2520
684
3047
1227
408
1564
1452
3075
2435
3193
4033
3247
3643
1931
2203
3462
369
1407
2258
3234
3033
4062
3153
681
1500
4037
1361
3347
3286
3936
2990
3410
2964
1720
1586
702
3181
3303
743
513
654
2975
338
1976
4001
2765
3225
3319
1823
337
2247
2679
3315
3566
1162
485
1902
740
507
613
1846
438
4076
1472
375
3572
450
1675
2147
2394
2904
1005
2993
3500
1166
1095
4088
3787
2533
4047
548
28
2023
2133
458
2385
1464
1217
1731
2877
3484
346
1462
3594
1431
3818
2131
3601
209
360
1872
230
317
4093
2828
1131
325
3352
303
2534
2674
2672
456
3615
3011
3438
2296
54
81
2670
917
1677
3267
530
3598
2402
1298
2694
1289
1776
1859
3667
2027
3262
2944
1360
1925
689
3295
3911
493
935
838
2550
673
3547
1932
418
972
3741
3505
1232
2082
1950
1424
725
1315
2007
3144
2620
4094
2952
268
1783
2267
2058
1170
2039
3160
2777
1552
3105
1508
368
598
381
2164
2547
3366
852
2637
397
3122
4086
1279
4058
2220
3953
2050
695
1682
363
3284
2897
1035
1376
887
577
249
3778
103
154
2095
3633
1011
1921
659
3044
868
3019
610
1363
3258
2409
3980
860
3951
3487
3629
3255
2621
3714
1906
937
243
2606
3235
3971
747
1556
3362
756
2
2166
2389
2788
3325
1698
1627
705
3777
4006
1717
1123
1761
3479
800
1526
87
3077
1028
2477
3927
3485
265
3606
697
2703
1799
2028
1941
2595
3385
2160
199
244
3962
2009
3899
1828
48
3368
501
1780
575
353
3861
2454
3010
2125
455
3509
650
724
846
2336
4029
3183
666
898
2809
441
1988
3654
61
1595
3645
2911
534
2916
3217
939
2088
1003
4090
2237
2879
299
1474
1139
3567
680
2024
1749
730
159
1999
3208
1562
1619
3182
3975
854
137
290
776
83
833
3151
624
3236
1620
319
1522
1514
2109
2636
2652
1313
3074
3109
389
1007
3065
3819
26
3576
141
1055
406
2205
276
3335
4024
2801
463
2992
1225
901
1144
1077
2463
518
1573
2732
3476
2718
2914
2391
634
2183
2618
3442
913
2976
2923
1483
2967
1581
198
3762
2610
2940
1584
1994
2181
784
1049
2576
1469
2218
2860
2482
2417
3798
3825
440
2406
2383
3768
330
597
1945
2001
3955
3929
2099
2540
3870
3142
1623
3390
660
2646
2687
3436
2948
1000
1105
3816
3173
2675
2069
1755
3421
3878
2128
2998
1109
3483
3893
2970
3073
1052
993
23
1772
2748
384
4000
3209
2810
3237
2179
4051
2224
1475
759
569
766
1641
1918
2170
2917
1815
1657
3937
3100
2708
3810
3954
3281
3913
2605
2644
3036
4048
402
3425
1273
1400
1949
4061
1091
1594
1525
927
1705
2615
3
1792
3525
3395
3228
1342
1014
2957
3345
529
2700
3221
3393
975
1409
2438
671
968
1216
2044
3270
2775
3496
3841
3454
2857
2849
1256
857
343
2387
1787
2529
3127
1558
825
18
2177
2154
2654
1482
1854
3299
2632
334
2340
3420
390
524
225
2704
1668
1146
980
2950
1495
1707
2830
1430
1933
2270
2635
626
3535
3415
2822
2298
2066
3981
779
3256
77
2217
3698
1577
3959
2925
970
192
2677
1575
2173
3106
3876
504
3301
3282
2603
3907
3111
2995
2897
883
3217
1733
899
841
3241
5
673
565
498
679
211
3481
868
908
933
282
1485
2936
585
3035
254
3852
2912
1684
2334
3443
819
373
408
1838
3998
947
3552
2573
665
985
3013
828
1245
3303
769
233
3546
1682
3015
1187
428
824
1188
1227
2357
3403
2114
180
1538
2131
1912
1023
1871
3379
328
2635
2054
3302
794
2259
3263
549
3904
1933
2731
858
886
1505
1851
422
3511
2112
187
3782
604
712
962
190
1478
2506
321
571
2306
1099
2246
586
356
1971
672
3974
3847
1032
1009
247
320
110
2425
2945
895
1406
660
643
3916
3672
3506
766
1501
2645
3046
2868
2842
25
2754
656
683
3243
2461
3648
2485
3924
3788
20
2252
2581
3571
3937
1726
123
154
3436
1388
2455
1732
3945
2138
2761
1072
3592
3872
3044
2960
1376
2029
3885
3919
863
1253
2501
1330
1344
2484
2539
258
1510
2240
2209
3413
737
491
1708
3996
359
3517
4050
2257
3407
3745
3453
2562
3562
3460
2587
1166
1436
1800
1285
748
265
1572
1173
51
1259
912
1963
216
2299
2690
910
3515
3092
2452
220
2699
3841
1336
1082
1241
1184
687
2133
1596
3896
1432
2709
2736
2370
3626
2685
4088
2544
1831
1835
2298
637
411
874
936
723
2135
1522
2674
106
2576
2627
1206
2317
2741
1213
813
3468
1635
3070
2163
1146
2451
76
4045
2503
2567
1279
1317
183
3354
2755
1816
1465
650
2637
1995
3470
1798
2407
1204
2020
2008
2122
3351
2723
1998
3864
1625
658
2417
2021
3393
315
2805
2338
3541
3252
2612
2689
2491
3143
1950
2997
1905
2310
61
2050
1002
2609
3572
441
3480
3282
173
3664
3141
2556
2421
2502
2931
2383
490
2718
1672
3531
228
2272
3639
2309
3033
392
79
3483
3048
1631
2528
2229
155
1544
1301
2826
1555
4
3004
1042
3548
421
2251
3625
1881
3118
405
2555
3255
512
1759
3085
775
2579
2764
88
508
4006
1718
3209
894
4073
433
1457
10
1772
2531
3887
332
2797
889
2831
1703
3561
2564
287
3760
892
1222
4022
1488
3222
1742
624
2470
3492
3019
2504
849
1776
2026
2638
2998
3446
4027
610
1567
3028
3138
866
3011
2639
3750
3608
2474
481
3409
701
1193
2963
1877
3154
3525
1047
689
2820
1795
2430
2478
2324
3570
3731
1267
2939
3718
1136
1897
48
559
1773
2862
2726
1149
1238
3301
297
836
278
200
3822
1756
57
1318
3631
192
944
394
3555
3183
273
1413
2055
2326
3195
3684
1140
3880
676
3539
2657
3568
2769
1232
2184
178
2775
2602
3231
1130
1164
1375
913
1527
2410
4036
3926
2743
2719
1744
2527
2661
3388
310
3112
1723
1220
1768
1654
3461
2913
3758
2610
3867
2275
1691
2304
1093
2529
2014
807
1588
2199
951
3685
3834
2490
2530
2873
735
2225
1393
1363
1384
3551
1636
242
3615
1351
1511
11
2647
3538
3681
2681
3321
1707
2203
2623
3935
1767
809
1493
466
309
3291
3272
3432
2172
1470
2165
1571
2793
2183
142
81
1403
2006
3395
3994
1665
2526
3067
375
1379
2406
1545
3472
2970
3783
96
2350
640
2141
3923
1272
1633
1480
1861
612
2975
3166
1060
3073
2880
1502
2812
2599
2559
503
1177
1789
43
229
1531
1806
3951
777
822
2884
4048
3223
1292
3094
2866
3372
1425
3637
305
1349
3941
598
1249
1076
1090
2186
117
707
238
1951
3790
3422
2285
52
914
1696
2378
3416
3479
1702
2046
581
2063
1025
366
3184
1614
3632
2800
804
3713
151
2851
3997
3530
2519
3784
3234
2347
1680
2536
989
1218
2228
2966
208
103
717
53
3770
3328
1471
1676
3753
2023
1247
772
2885
3638
2605
3276
696
3442
1437
524
414
2738
3414
2987
69
2166
3045
2814
1088
2542
140
2382
2465
1357
1443
3466
3671
2819
2720
2844
1097
1108
514
3527
540
818
17
884
731
2548
2816
3977
1659
1643
1738
1725
430
2372
3469
2078
1243
2809
3425
1
1557
3603
1309
2472
1022
1608
851
3781
1473
196
1079
3696
46
1852
1027
114
162
2205
1087
2892
1915
978
2361
1380
1412
3104
1931
2111
3334
4041
563
256
1461
879
1935
1068
798
1885
1901
1303
507
1338
1345
1046
1354
3086
3212
2371
555
2253
630
136
388
2001
3636
395
3297
2260
3025
523
537
3352
3907
1701
974
1039
71
1952
3009
1151
1670
1693
2207
1486
1826
1452
1937
4069
3574
3310
1382
1875
1509
3801
2924
2614
1121
1219
1639
1922
4072
1629
3545
2321
2590
2807
2249
2870
1106
3557
467
1101
3110
3341
3431
1566
2971
3901
865
483
3895
163
1476
1762
1235
4011
2996
365
1320
3269
3676
3738
3876
2753
289
2051
1111
3120
2853
1400
1405
745
2801
1498
789
1161
3298
787
3619
1959
646
3307
589
1882
4057
2508
3132
2215
1152
699
330
3279
1516
3808
765
629
2438
2375
3054
609
3123
465
752
13
2810
1956
4068
2976
3522
3565
3421
1748
3325
1778
715
4067
2441
815
1689
1771
788
2265
906
2151
1263
505
1646
3440
621
3244
2134
3259
1641
619
1810
4061
3205
3840
3211
732
2351
1287
1705
4070
3038
3169
3767
852
616
659
3288
3091
1970
3591
1883
2153
78
3785
2977
3162
2457
1327
2429
2443
15
2305
2978
1506
1664
3131
3678
1903
2009
3661
1721
2923
2968
269
2935
2034
1274
3884
1037
439
3294
3327
1343
3398
3725
3903
1967
2961
1028
3793
3663
2084
943
3943
722
1775
3247
1712
668
378
2064
485
67
1623
2694
2946
1540
1711
184
340
2036
2737
3810
3727
614
3966
3114
3875
2117
2456
3854
2202
1876
596
131
3985
1052
3819
413
1064
3332
4076
2059
3692
3220
981
1832
3145
2760
606
1836
33
3401
1752
671
3667
1049
4063
2938
826
3178
970
301
946
2896
2146
3642
532
2950
1019
4016
718
3927
762
4085
3816
4052
3319
519
3556
2314
1003
3258
705
3759
554
2489
600
1035
1058
3830
1645
2513
2533
2721
249
1563
853
82
742
988
3207
2336
2732
2802
3634
3037
2402
3585
2900
3694
1965
2626
1103
2479
337
1441
1489
1714
2821
1477
1083
1054
1532
213
2712
343
1679
837
1132
1815
3316
2985
531
1729
230
3246
2188
2043
3930
552
3596
461
1677
3055
316
2076
2440
3708
3798
1698
2189
1526
3521
767
2788
2727
3392
1423
3076
336
2386
291
1686
1422
2083
2499
2280
3084
924
3264
2969
903
831
3917
153
2495
3018
2789
1843
1604
3833
1953
325
2486
1582
840
2424
3715
1129
3100
3501
2448
2235
753
345
484
1553
3193
2879
3734
3365
2700
2834
3324
750
1807
1483
1361
2545
23
2783
3992
4092
1976
2390
3429
3780
3559
1863
2767
18
2974
929
2227
3315
867
1196
3281
492
3451
3755
3233
3476
1366
1788
1602
4079
2105
2695
3583
1180
3420
1159
2677
1900
1576
2861
4065
416
1158
1980
1145
1755
2918
2877
165
3311
1000
2902
460
2142
2124
3060
3689
2483
2607
3077
574
1941
2561
2955
3265
2740
1268
407
3036
292
901
3047
1930
961
1310
2340
2222
1869
3986
3090
3299
3068
312
952
4087
626
2101
2540
3364
476
3008
450
2436
808
3053
2287
3893
299
417
1597
2341
2874
2864
1368
3606
3290
294
1417
3938
2632
3980
3367
1333
2667
2419
1015
2379
3547
3505
1195
534
2648
3512
1993
860
821
3740
3526
720
3703
2039
3514
3894
222
2047
2593
1419
872
1578
695
1783
2057
361
3181
1224
2494
41
436
1549
3116
2068
2128
2570
334
2855
2771
3164
1554
1666
2344
1799
2266
1764
3658
383
964
3081
591
3322
2130
2380
608
1270
160
1673
1171
1802
2944
1504
2487
3614
423
949
158
2786
3331
341
1451
3001
2284
3356
1845
2224
2493
1715
3361
2792
262
3235
4056
1954
1651
2468
2651
2099
3928
627
2469
226
2878
3122
2520
3918
1360
998
714
2643
2041
3386
3187
2620
1940
2538
3589
3709
1589
1226
3519
1463
1687
1430
2756
3135
3339
3860
2220
2852
1865
353
3915
1134
1141
3795
459
3102
2126
2890
3749
3179
1908
845
684
3524
2745
237
2106
547
3404
1736
1841
4019
1138
783
918
3115
1122
1496
2088
2393
2798
261
3347
2017
29
3657
358
263
2282
3335
381
1069
898
2042
793
983
1410
2762
3618
3728
424
2917
3874
1048
1176
959
1734
1896
389
1460
755
2705
542
3857
367
1397
243
871
2729
90
2680
3518
885
1256
2019
786
215
427
2363
1098
1834
4075
1856
1056
3775
3359
2600
3378
2075
2550
1183
3277
3226
202
3697
1648
2097
3722
2601
1924
3174
1536
347
1198
1427
3955
3080
304
1340
2012
773
1574
2697
2854
926
3051
400
3256
825
3914
1160
958
350
3345
1168
1265
3979
454
2713
3695
1053
3198
380
3575
3587
270
1591
1849
2404
2907
562
3787
260
957
3253
1785
3829
1984
1925
1401
2898
1962
111
2592
2003
746
1289
2460
2518
3710
3961
3890
2828
2692
2708
3673
2932
36
3705
3778
1622
1450
1334
1600
130
1319
2173
3191
674
4059
1474
2823
1997
240
1613
891
3230
556
3764
272
2426
3157
728
527
1782
2343
3843
3682
3509
3594
3742
3168
217
3746
329
628
3656
2195
3958
2226
2618
3650
2779
832
1499
1988
1617
954
1016
1946
2000
1974
511
1399
3140
611
3827
3308
2025
1909
2296
371
2092
3644
1479
3148
1395
2496
3491
252
2796
2999
2652
1065
3881
3078
2650
2949
3497
516
1124
3500
4040
2271
2044
4090
3043
1386
2395
3343
100
3877
3598
3177
504
802
2633
139
797
667
2145
3374
3675
1609
474
3062
2302
1823
1487
3426
1743
2255
351
1113
2784
1751
1372
2534
2449
2263
2848
1780
3357
3377
1415
324
3963
2155
2983
3444
3613
326
3859
3458
2840
3012
2824
3287
2940
3976
499
1155
3805
1784
854
397
1992
374
2171
3535
210
2181
2115
747
2914
3719
991
99
1961
2664
31
1719
583
3283
1652
3635
875
3831
984
4096
2747
3021
1365
2543
1811
456
1062
4037
855
3014
3729
3197
3630
104
1945
2413
134
1983
3206
2980
1078
2905
2032
3811
3238
38
1590
2893
2384
1313
704
3741
2094
4033
846
362
2895
1760
2431
3605
3954
2953
1239
999
685
917
3567
3953
2392
236
4008
198
147
994
3186
376
2886
2091
3022
2190
1737
3498
1829
3836
535
3878
3990
573
1985
2989
3150
2366
434
3065
2030
1797
2289
314
369
2113
1426
2589
346
2015
515
2524
2704
2778
2038
1154
3385
649
45
2749
3439
1982
2546
475
3628
3196
3293
623
303
1658
1061
1466
633
3350
3221
2198
442
995
1669
3732
3075
2148
455
2644
3218
168
3593
60
3668
2290
3031
760
404
2921
1749
2066
2160
977
1125
2136
2354
473
2941
2191
2597
462
560
2965
1302
3128
1943
3645
1514
1791
2218
170
1657
2060
2360
3579
1813
1118
1325
393
225
968
2293
3093
1051
931
2200
1095
774
3106
3024
1920
3560
920
1822
1765
3597
257
2214
1699
843
1288
1740
1581
781
2180
3769
877
3623
2583
1739
1975
3464
425
3577
1434
3721
3773
599
2348
2858
3017
1594
2415
2388
1586
1907
2992
479
447
653
3406
3503
1746
1560
2231
2642
193
4094
107
30
580
318
3434
805
636
590
2177
2829
3971
221
1868
128
2929
444
3910
3824
1284
1075
966
666
1018
3296
1230
3882
3794
2248
2292
3898
2031
92
1858
478
1163
3651
463
1181
1100
3845
2781
2630
1958
3821
1212
1458
2882
976
1978
3201
969
3866
3690
3261
940
2237
150
3622
1763
1593
1209
1339
2268
1932
1370
2675
1389
2435
2673
2194
3109
4012
3088
1530
284
2476
3165
2447
1179
4081
2710
2714
1390
1006
938
3933
194
3717
3604
3617
975
1324
2702
1491
3579
1305
1127
2928
3156
244
2084
4073
3959
1042
3045
1884
853
1156
1201
422
1325
1075
710
1343
2676
2077
1006
2010
119
768
3289
520
741
738
945
202
733
303
3534
802
2734
3760
1564
2712
887
920
971
1460
2710
1395
2505
2002
3974
1575
551
233
3030
2403
1165
3574
819
2978
2068
2521
17
4077
523
2599
3634
3756
711
3692
2965
3476
1829
3332
443
3228
4057
2954
728
751
3684
648
2633
3254
4054
1035
3494
1072
4036
2792
2386
4011
2981
1353
524
2996
2692
3288
1748
1858
2371
2024
753
1311
45
716
2065
2758
4034
3016
3675
1702
538
521
3863
2564
453
3129
1440
3446
2568
2651
1594
2081
3747
547
3567
1483
1118
2903
2039
1596
3085
2350
3523
2785
1397
2746
3158
1442
806
3136
1005
2536
384
3220
358
671
1739
130
293
3868
637
532
2282
322
4007
3777
319
227
2279
3061
2567
2794
1421
3559
2189
2783
446
3637
406
1044
577
2083
2413
868
973
3568
1817
832
721
3664
361
3452
1901
729
3887
2281
1988
3459
3940
504
100
3390
2895
534
1320
3538
282
3626
2269
764
3768
402
954
313
2698
3799
1309
3914
621
2629
2530
2690
2605
2041
2674
2770
3498
758
2108
339
2106
1649
962
3046
795
2197
307
2055
2052
121
2753
1085
1506
1253
3772
2919
3475
306
491
884
1823
386
1370
316
1718
1611
3918
3341
2495
790
3325
3708
3403
1522
2598
899
58
2924
3696
1142
2446
998
2828
1185
40
2344
2405
572
3234
1560
280
2904
811
3764
769
2687
1670
3853
2026
1238
3509
2597
3171
1743
2662
1428
437
371
3073
966
3245
2396
3199
195
397
762
3414
276
165
2922
2543
1476
557
2581
1451
2826
1971
2370
902
803
3806
816
140
2401
1308
1213
3176
3125
250
2050
2931
2534
3519
3236
3435
3653
1916
2612
2416
2917
1292
3128
3741
3988
960
3633
3272
3253
98
3897
822
2870
814
3980
3970
2608
1219
2363
550
546
2126
172
2021
3583
2160
3053
663
3874
3517
2825
1626
3703
3153
4082
213
1955
77
1020
2113
230
1689
1109
575
229
1469
2049
1769
2319
3237
1676
2273
3855
1079
3669
3178
2575
2775
1989
3402
1087
2509
3687
2638
1047
34
426
1771
2995
2140
2117
1422
1806
1382
3721
4017
2816
1765
1459
2916
3474
2616
2289
2246
217
3924
1488
3092
3643
3856
1291
3438
1524
2843
97
2014
2091
1999
1695
2935
1455
501
2705
177
1905
3646
2469
2963
3792
2962
2517
409
1959
2357
706
4084
2525
3027
3184
657
2351
3673
3847
2863
2656
3180
3067
1399
589
2486
3369
85
3353
2762
968
934
2628
2080
2157
2040
2644
3358
3639
3012
124
2442
3082
3351
2799
847
1364
3943
1814
265
1328
2423
2301
1029
2111
2670
3391
1420
1083
578
1632
2624
60
4001
2797
1820
1704
985
1082
3707
1812
3055
907
2960
3041
2640
1783
4092
3246
344
354
1578
1873
3961
1204
1390
2578
4027
3397
1429
3501
2632
874
836
1278
3505
274
2868
1293
3231
1923
1373
3598
3316
2847
2196
1687
4089
1232
1111
1169
1195
3317
114
333
910
2951
2768
2334
1262
2130
1119
204
1990
857
1860
598
3496
484
3344
2748
2439
1014
3074
348
3571
1104
438
3183
3886
2562
465
620
478
498
513
471
1275
1586
95
1224
3108
317
1674
1541
3416
3028
1599
2166
3354
2008
2162
2090
3295
1045
877
1241
3422
2232
3084
2987
580
468
242
1128
2036
2528
68
1721
1274
1402
1158
3674
2323
704
1927
3724
1294
248
928
41
1198
756
364
2579
2312
289
2756
1468
1612
1432
1609
1423
2897
2940
3755
609
3694
3956
2302
3503
24
1836
1598
3730
700
260
2490
3065
2178
1731
81
3119
543
1189
1388
2463
1569
4009
3003
896
2174
1028
2934
932
1567
3163
3111
1723
612
3309
3137
1809
638
603
287
2326
1287
540
3107
1336
3409
3895
3375
257
1566
1918
3814
1063
2359
798
3655
3507
3488
3802
1682
2743
3304
51
1758
455
1502
3682
3867
1099
1220
2719
1223
1523
812
3823
3114
1228
234
2512
381
1358
1827
425
3277
1303
2655
3520
1653
3418
2044
1409
1243
1023
3462
3382
2725
3659
2593
1379
1374
1660
867
4071
1507
211
1359
1871
719
2738
4072
2653
82
1576
3688
255
3843
3638
2542
410
25
3021
956
296
993
3784
1686
135
3556
3752
2812
1215
1840
1709
869
512
573
600
1604
3916
321
2305
2335
64
2831
1647
207
2865
1363
895
3838
666
2948
2432
1992
3819
1145
845
187
1946
2307
3105
1950
2167
1025
1177
2538
1630
2419
1846
661
2295
1349
1538
3546
4021
2208
1672
1889
923
2048
1956
3672
1473
3002
1583
3701
176
2558
3506
2980
4085
1652
3100
3830
1449
970
2234
787
3481
1947
3177
900
1447
2253
3737
3393
1936
1960
2262
3986
2137
2961
1571
2887
590
199
1677
336
3049
142
992
2182
3400
3425
3001
3038
3765
694
3742
2375
2045
342
650
927
2678
682
14
922
308
6
3845
3999
2098
1425
1585
236
2858
2060
2257
1212
1868
1701
2245
1124
3949
253
2466
1512
3555
2309
1143
193
3130
2329
655
1914
3877
2297
377
225
4059
1480
1842
693
21
3169
2760
3941
1675
3557
1008
2815
754
1773
3935
981
266
3934
2720
1592
278
1624
365
1864
730
304
2143
3621
2646
2229
1417
607
1998
2393
1160
1050
3086
1367
2035
713
4045
556
311
515
105
3738
400
3266
4091
1207
2973
427
3810
3081
1333
1638
238
457
859
1453
715
1338
746
3090
1661
2378
3478
3484
627
3155
1286
3168
2087
3386
3312
2937
2548
3910
42
2478
3878
3036
4032
780
624
2277
1939
1372
785
19
3262
3771
1097
2484
2361
237
2066
2333
318
2761
1366
3616
3401
1279
669
3260
744
736
3740
1106
1264
2165
2220
2259
1993
3355
1786
389
3415
1092
1644
328
2029
2138
147
1297
2722
1760
1010
2320
3550
1346
673
1666
1943
3804
1921
1235
2030
2136
1954
3160
3734
1730
3491
611
2532
3458
3542
2369
2094
4
1514
2982
4096
2894
3522
3851
477
1000
658
3681
2635
3785
1938
3326
9
4019
2582
1265
466
1123
1191
2434
2128
2192
2809
31
2324
2592
3535
2407
3898
3106
3666
653
362
3413
2550
2667
2020
1816
2471
1147
1193
3739
3384
2539
417
1093
943
3070
516
782
3820
866
479
2102
262
2840
301
2059
1805
2836
55
1975
1490
430
898
458
3172
2833
829
2382
2912
842
4003
3291
727
1068
930
1813
3076
2248
2706
3731
3448
3388
1526
2210
849
1667
3007
1289
205
1261
674
359
3330
1878
2988
686
3464
388
1528
2990
79
3618
1256
1770
150
3395
1250
2873
991
643
47
2105
1269
49
1965
3697
1365
3368
2941
254
2016
2751
1772
3549
3732
2139
3214
2201
3466
379
196
3148
2801
3054
742
2249
1752
569
3745
1285
1726
1915
3530
562
198
3499
3433
2933
1485
395
1348
2383
1384
2970
539
817
941
326
2675
2824
2322
2465
2352
2849
1327
555
2217
2315
1378
2372
537
2680
1899
2426
975
292
1919
1968
916
2736
2878
1879
4042
3349
835
623
181
3782
2968
2379
1153
3189
1785
1011
2631
685
3699
439
2480
3024
1400
442
2511
698
1140
1996
564
3419
2900
1167
3429
3463
3932
2972
2790
415
4050
2079
1559
2777
2773
701
1697
536
2221
774
3033
1699
3165
2778
3691
62
3023
1788
2488
1344
3630
309
27
3907
948
1799
2839
3207
2967
1979
3447
1135
2384
3035
3612
2997
157
568
129
2444
3265
3657
2504
3713
1040
982
72
90
133
220
3861
2453
375
984
3098
4024
3380
2316
1625
3039
2985
1391
3444
1183
1102
1019
1762
634
3439
367
70
450
1307
594
618
2639
1633
2062
3212
3704
2310
3078
2520
2007
330
3714
1808
1543
3405
1031
1819
1018
3192
2456
989
4030
1130
1683
1463
2947
3839
749
2474
3376
1664
171
1963
628
1555
3586
1639
765
2260
1369
3219
1037
2376
1481
1252
435
2637
2882
3102
3736
2278
691
3793
1618
3562
3428
215
432
160
789
3620
1355
1627
2527
2830
3233
2183
1479
2462
3828
1595
3518
145
1855
2341
3744
2518
3679
1579
3285
2286
2025
2096
1216
325
4013
4063
3206
3613
995
1188
2595
3248
3602
1151
808
464
1853
3145
605
3993
3605
926
2365
2647
3292
2223
3000
914
979
1931
76
4040
670
748
3879
3389
2056
1004
3945
772
2884
2399
418
2779
905
117
1562
1929
180
3797
2713
507
1339
1852
352
526
879
3776
3581
3456
2346
2565
1347
2759
1833
4065
1424
2437
1651
1716
2707
3965
2974
2545
3276
3256
1501
1404
1642
2267
3287
2814
2063
2061
405
2104
1054
1974
783
1757
739
511
3790
2860
2293
1445
1637
1324
3117
1972
3952
593
1456
1509
3606
1371
514
2294
1678
596
1176
2780
209
651
1659
3443
2668
2553
1505
2088
3019
1057
2347
1462
2133
2241
633
2464
2074
1077
112
906
3482
3490
2795
3079
1610
3327
271
1838
3460
2601
2213
3779
3298
3411
760
2516
1290
1703
2172
184
2683
2788
3834
2275
1766
1138
2807
3146
680
28
2818
463
3267
1953
2211
3983
1117
2494
3917
3308
2013
2583
1948
2482
1033
91
813
606
1602
3947
1845
3013
2443
1408
2898
2435
494
3796
1225
681
2200
1150
1529
2851
3359
1776
283
2004
1749
2176
259
952
279
1181
2524
967
3894
3800
1994
2204
2936
1551
399
3716
2214
3822
2694
1877
3109
3322
2086
3486
1737
1161
4046
636
2503
2498
3323
103
3859
3920
1393
2000
3836
461
2115
451
3911
1115
1259
3133
1635
2829
480
2099
1870
3904
604
677
1903
1893
1539
32
1065
1416
2507
635
542
519
1535
473
3150
423
1728
1862
1768
2038
2718
2729
3094
2627
3243
2023
13
3215
3138
2501
1789
2089
2966
946
80
3057
1545
3244
1411
2298
3014
1108
3848
1623
2153
2877
2731
708
2353
206
2574
3339
779
1584
3923
2188
1977
1184
2325
2299
264
3539
3890
4055
3406
2163
1573
1001
4090
950
396
1049
3955
2251
2619
3642
1139
2493
369
3465
346
3470
3663
65
163
1091
1705
3702
1120
994
2240
3175
2110
3513
2764
889
1315
3527
2472
190
2950
3706
886
3051
57
1149
297
2618
1244
2998
3360
2752
2739
3334
1706
2716
3577
2118
373
2606
2042
688
2431
2943
722
2999
1337
574
1331
1754
3977
3337
696
1906
382
4029
892
2697
2238
3985
54
2885
1317
1471
3208
3939
94
487
2587
2802
2219
838
3808
781
843
1891
2926
1593
2781
2771
1180
2914
3020
3902
3599
1076
2855
3718
3142
3954
1984
1046
3396
3611
3063
1980
3224
3472
2659
629
1875
2146
1655
2185
707
1942
2231
3833
73
3340
1734
2367
1774
3754
1908
3629
2255
2657
166
3432
3187
413
1230
2180
3280
3780
1605
1798
2793
958
1648
2992
420
391
2522
2121
2349
3623
1582
3992
3811
2880
146
2666
3665
3564
1821
1081
152
3378
3493
880
3269
2603
1607
3668
1744
3151
1233
3592
2959
796
11
2355
893
1406
2263
424
3442
3997
3251
3263
2819
731
222
3809
2006
3950
3348
3294
3636
1794
1850
1155
3551
3882
678
936
1546
3191
2012
705
2696
871
3533
3174
8
3307
2073
1615
1385
2541
1444
3729
2787
3217
1066
3929
273
2418
2283
1565
901
1684
3596
128
1277
793
1587
724
1493
26
4095
223
831
3479
935
2287
1603
1629
1016
1909
2682
102
3627
3121
2732
1640
2800
3299
2145
2561
3196
2700
3514
1171
483
500
3097
1552
3112
2514
486
1173
1482
2724
2621
2741
290
2148
734
2398
2292
1162
2457
1810
1330
300
560
743
1249
2920
2556
3103
1179
1668
1345
2032
3088
3541
1882
2460
