34
44
101
79
31
110
26
61
102
117
25
127
94
80
121
29
41
103
59
6
122
124
119
112
107
96
12
2
69
86
73
49
47
17
67
21
39
105
52
118
46
92
54
106
36
72
85
7
20
126
77
81
37
23
65
14
98
76
100
1
88
68
33
57
127
76
32
115
108
125
96
103
78
59
10
44
31
33
84
19
111
119
101
105
107
117
100
28
62
41
8
55
60
92
24
54
88
20
70
65
68
21
67
17
112
7
121
86
57
15
48
37
113
46
1
36
4
71
123
39
6
109
14
49
25
51
74
81
94
126
106
127
77
38
61
4
59
44
104
33
20
108
115
7
98
41
43
34
36
46
96
18
118
119
112
66
54
17
99
120
39
6
83
81
109
21
73
3
28
86
14
101
71
51
10
27
89
12
42
122
69
114
74
26
55
79
57
92
31
49
64
87
104
101
48
98
53
96
36
108
78
123
22
71
18
31
46
41
62
42
126
121
76
60
117
100
106
115
92
90
26
55
49
14
111
5
82
39
73
63
128
69
45
87
67
25
112
56
16
94
75
65
85
103
9
70
119
118
7
61
113
28
23
2
44
10
112
67
93
77
26
114
108
75
71
59
110
78
53
43
29
81
62
106
34
40
102
17
128
105
4
11
7
23
3
2
70
25
117
83
100
120
116
91
125
73
31
95
103
27
12
58
96
45
44
123
8
87
15
126
19
49
38
33
36
22
65
6
13
85
22
110
50
116
61
44
5
26
111
1
114
80
98
64
108
66
120
105
48
11
124
40
82
36
75
39
78
62
70
103
67
53
57
27
51
94
107
17
90
59
119
112
34
47
3
86
88
101
84
21
126
24
97
13
72
32
8
96
42
92
14
127
71
118
23
110
4
85
127
122
31
101
73
6
79
70
99
123
87
20
67
97
62
14
80
109
13
75
43
74
37
21
60
27
18
103
3
106
54
34
118
98
48
35
95
72
115
121
125
11
50
94
44
112
76
90
83
88
104
2
41
68
16
78
39
46
66
25
72
14
11
53
116
92
25
40
91
95
13
85
101
17
110
103
28
23
119
117
48
5
12
81
38
124
41
56
62
65
71
125
77
127
27
33
114
16
112
6
9
3
108
83
57
44
64
69
67
61
99
75
88
121
35
78
49
96
105
43
8
52
20
30
97
35
13
82
16
59
111
81
99
93
64
75
39
71
21
126
7
62
121
53
11
38
83
24
89
78
69
86
17
107
5
88
102
15
116
72
61
28
44
1
19
22
76
47
42
51
45
113
95
123
56
80
25
108
91
58
36
117
49
40
119
3
110
31
48
52
8
88
42
83
25
2
22
35
68
110
13
31
127
28
122
103
117
99
19
38
108
46
18
9
113
29
62
65
95
32
73
53
94
44
26
86
91
70
80
78
97
84
5
82
124
58
92
16
63
11
107
119
50
67
115
121
76
56
4
41
75
93
84
53
20
109
61
8
6
97
55
68
1
52
39
104
51
10
18
59
106
102
75
37
95
125
76
40
46
73
64
115
89
32
12
70
43
100
56
120
83
72
44
14
111
128
79
31
5
42
15
122
80
58
113
94
24
126
87
91
85
66
22
3
29
35
18
33
14
121
59
94
92
41
43
38
83
71
61
82
67
58
78
65
39
119
10
89
128
109
64
21
27
63
9
5
108
105
86
112
123
15
19
99
77
107
87
125
2
4
53
49
35
36
69
114
42
24
110
126
102
13
93
55
30
45
80
72
60
74
121
61
36
11
16
58
23
76
6
21
75
19
59
109
127
70
41
97
96
125
34
91
128
65
123
102
2
115
24
1
100
52
56
26
13
80
99
87
78
5
27
103
47
30
72
73
43
120
84
9
54
66
33
86
105
114
37
108
81
68
46
63
49
94
102
14
25
42
104
125
63
40
44
33
32
101
48
78
5
109
64
122
111
77
46
19
16
73
11
4
55
1
7
70
50
37
83
115
113
94
35
29
24
74
127
28
121
27
84
106
99
68
90
81
8
80
97
118
21
66
54
119
22
98
72
52
92
86
18
43
121
101
93
103
108
81
126
12
125
118
75
67
86
25
91
128
124
16
71
34
78
29
109
7
6
87
106
44
21
57
92
23
117
10
99
15
73
27
30
54
74
36
41
48
66
46
84
114
13
76
58
89
95
122
32
119
52
4
79
97
63
69
34
114
112
3
64
19
82
48
94
107
14
15
81
71
68
31
63
10
60
103
46
7
58
40
50
84
17
119
85
45
22
89
75
110
24
39
11
27
102
28
30
72
55
122
97
78
37
124
53
106
95
79
23
6
87
42
104
101
8
121
116
66
118
99
51
47
61
109
56
8
14
122
117
18
46
89
73
5
94
60
16
25
103
87
35
105
32
78
4
79
120
27
125
99
70
63
21
19
100
65
68
84
81
36
95
13
31
114
28
91
62
1
49
108
11
111
128
92
77
2
96
112
119
126
6
124
9
58
75
104
47
84
33
89
34
80
98
66
95
122
25
15
70
3
24
14
107
120
73
64
53
82
48
102
115
127
97
113
67
117
40
125
22
93
124
50
112
86
62
59
78
91
54
39
19
13
11
110
7
69
4
21
109
26
30
58
79
29
74
46
51
118
13
110
9
12
31
123
49
105
91
124
69
80
57
68
40
119
54
71
42
65
95
67
2
16
60
56
87
4
113
7
118
126
101
104
86
46
121
8
24
17
96
78
88
29
25
107
115
35
111
97
21
44
94
76
22
3
55
127
32
73
64
47
19
38
84
3
34
95
58
105
128
53
107
18
89
93
71
62
76
70
50
101
48
7
92
124
90
41
33
78
123
126
97
5
30
88
20
14
67
32
82
17
121
86
74
39
72
103
37
28
46
12
25
80
94
56
64
104
119
110
2
59
9
21
116
109
8
22
117
44
6
120
59
20
51
27
93
25
36
126
37
23
87
100
103
111
48
78
32
68
22
52
121
89
72
109
98
21
43
15
41
114
56
75
81
105
63
50
60
123
9
13
67
26
85
119
2
112
34
97
128
94
83
65
90
38
73
84
39
77
17
30
113
3
104
124
51
79
67
61
23
114
125
6
106
102
95
97
40
47
29
32
64
109
24
73
9
62
93
30
89
2
81
110
77
37
66
15
92
70
44
122
107
115
43
27
17
99
11
76
58
36
86
14
33
59
28
87
117
96
119
127
91
69
52
120
52
7
107
79
3
11
93
18
119
87
46
44
9
34
20
31
25
98
110
64
54
1
45
13
28
42
23
65
36
85
117
103
60
5
78
115
99
92
82
123
102
15
14
38
51
83
40
6
21
105
71
32
124
55
75
67
89
114
90
127
35
95
57
112
62
99
104
74
37
69
5
10
3
53
40
35
109
34
14
56
13
48
93
41
122
28
116
92
119
64
113
11
55
82
17
123
91
115
50
97
66
73
25
111
31
89
79
19
121
58
21
60
106
86
94
124
8
45
84
80
87
24
6
76
68
101
30
16
71
17
116
29
104
19
35
88
34
65
92
6
24
8
80
21
96
22
79
73
86
10
37
70
108
67
77
61
4
121
45
11
127
39
122
59
47
51
50
93
26
100
112
31
28
54
1
12
33
14
98
56
75
84
52
57
15
106
109
124
102
119
43
117
55
63
3
31
53
122
51
68
40
10
127
87
95
97
21
92
69
105
73
5
76
34
65
124
18
89
44
7
114
81
15
66
115
1
125
104
60
57
112
102
108
12
83
36
98
77
61
85
38
70
42
14
94
26
90
6
50
107
79
72
75
47
48
24
93
85
39
63
73
86
33
68
120
2
9
128
50
55
121
16
71
1
100
107
98
103
22
75
40
48
117
82
113
123
67
99
101
15
65
37
124
74
6
11
35
23
109
81
24
54
28
90
44
118
26
13
108
30
104
52
77
111
51
20
96
79
105
127
35
106
48
62
53
5
8
13
118
112
51
111
38
108
80
124
41
33
95
14
89
86
120
27
110
17
74
15
84
116
59
67
97
12
4
2
58
6
105
44
46
100
23
92
78
82
113
31
73
19
101
61
25
40
69
28
56
103
10
29
81
20
115
127
43
26
20
45
82
25
126
3
27
23
63
59
74
47
111
17
44
76
85
119
121
34
6
79
64
30
62
125
99
9
90
16
87
11
106
115
89
104
66
109
70
55
107
13
52
49
81
117
118
60
127
123
7
68
58
37
50
97
92
28
112
38
72
40
94
33
79
36
5
86
109
53
24
72
128
84
102
89
61
56
39
1
118
92
59
19
95
65
67
11
66
123
43
51
85
16
112
88
25
69
30
34
60
104
63
126
9
77
91
28
114
82
125
110
121
107
31
55
48
7
29
70
40
13
3
98
116
101
7
21
58
74
86
94
41
29
54
16
26
73
82
51
107
49
125
24
43
80
33
3
60
38
50
123
10
71
35
47
89
100
55
101
127
4
120
22
77
128
97
64
23
45
61
109
92
95
90
115
44
76
66
85
37
98
69
57
106
103
19
112
27
114
125
124
78
106
3
5
128
65
17
55
39
33
83
15
92
103
59
112
30
90
102
37
46
116
108
52
13
63
42
53
127
94
64
82
8
43
40
110
120
81
121
11
72
50
19
26
57
61
75
7
67
2
68
22
86
28
119
96
47
32
123
24
100
114
27
43
3
94
4
35
59
87
127
49
64
75
96
21
100
117
58
13
1
103
101
93
56
51
46
31
53
120
107
66
8
12
26
91
74
54
7
40
122
29
10
77
19
118
123
69
112
109
23
81
125
63
72
34
38
78
17
86
79
99
11
84
68
106
26
112
70
84
106
121
57
22
120
95
105
61
14
80
65
87
4
128
73
33
117
124
76
42
43
30
36
91
99
51
75
102
40
114
88
67
59
12
82
24
1
20
101
29
45
47
62
118
21
126
16
93
5
79
71
111
38
6
69
108
13
8
113
55
85
94
6
125
17
120
35
10
80
69
42
128
112
107
73
38
96
19
77
30
52
114
37
106
45
22
33
74
90
20
78
43
98
7
87
8
110
121
25
89
83
86
97
57
40
100
56
2
55
122
63
4
79
82
12
60
117
93
13
53
67
1
115
123
29
63
28
117
67
42
79
35
127
53
49
105
77
111
65
21
95
85
55
24
69
106
33
74
57
23
100
118
103
90
93
26
114
15
71
32
124
113
126
60
120
109
4
82
47
7
12
72
19
40
51
2
78
81
108
11
46
6
115
17
99
88
37
122
112
49
52
13
14
68
117
7
94
10
85
11
119
104
31
29
40
107
73
108
59
24
92
33
110
101
6
37
39
41
75
54
118
87
78
98
61
90
74
56
4
128
65
2
45
122
26
102
64
60
46
55
126
22
115
77
43
5
48
80
36
15
81
124
3
88
84
82
17
89
114
7
55
45
64
98
36
24
99
56
10
108
27
59
66
42
53
33
111
112
46
85
18
31
15
41
119
115
73
126
35
1
61
86
77
122
103
14
124
78
23
95
91
92
29
105
106
39
93
44
102
100
4
71
22
28
79
80
7
49
33
101
84
37
98
78
39
8
23
111
47
122
27
6
86
59
31
44
69
65
72
60
57
126
54
63
114
67
18
15
77
107
74
41
50
104
125
105
29
94
35
53
4
123
128
75
102
25
93
100
118
88
95
96
108
120
2
17
80
20
68
82
90
19
61
97
120
73
85
101
43
94
118
33
86
56
14
69
2
48
39
16
52
46
107
50
63
75
13
30
41
27
88
38
106
25
66
127
11
104
7
49
34
22
77
58
114
99
110
83
59
71
78
5
82
103
10
6
74
95
116
124
36
54
122
9
21
27
39
64
47
92
117
10
125
109
49
56
127
57
122
26
77
115
112
53
11
88
34
110
8
82
13
3
124
54
22
1
45
118
37
72
7
28
95
23
119
61
97
94
105
84
41
107
99
32
100
19
5
106
59
65
46
69
114
24
15
31
43
101
93
79
91
100
109
77
67
117
27
103
53
98
114
48
101
35
69
57
4
37
119
108
9
18
45
30
85
106
7
122
50
17
55
124
81
23
42
70
112
47
74
63
6
120
59
87
26
34
96
110
61
73
43
39
104
10
88
92
76
56
2
127
20
82
92
116
55
21
124
59
78
93
23
107
67
76
102
65
122
123
101
86
80
7
11
120
114
58
56
90
18
42
15
87
44
48
40
75
110
61
4
96
13
73
69
127
51
63
82
49
24
36
95
98
68
38
27
125
84
2
46
33
37
71
104
31
66
108
92
102
36
67
119
35
108
99
20
113
32
71
27
13
18
122
97
89
96
125
86
44
128
55
38
75
16
121
110
46
15
33
62
60
95
91
79
52
57
12
45
70
116
25
22
100
50
105
6
2
83
3
40
56
49
42
61
53
29
10
103
82
77
114
43
36
30
113
91
3
97
52
116
70
120
94
74
63
82
24
92
57
83
118
46
41
128
1
17
87
27
68
40
65
8
9
37
62
14
73
60
28
78
58
67
32
10
85
103
18
6
22
34
115
126
99
38
76
105
19
23
49
122
107
111
125
124
101
63
113
77
8
5
50
111
123
30
15
17
125
43
91
79
26
84
11
106
94
40
21
65
98
121
34
116
82
35
20
118
108
105
128
73
92
80
59
4
2
38
89
32
28
10
44
69
13
102
52
56
25
96
67
42
95
75
53
24
51
72
120
57
117
56
3
63
59
75
96
123
84
74
72
32
93
48
102
99
36
45
87
43
113
111
107
126
4
17
31
27
23
9
92
29
78
62
34
66
19
86
41
10
105
53
21
54
24
40
69
118
91
64
15
104
98
60
121
51
68
39
117
57
124
109
1
25
115
17
59
41
26
22
10
40
60
78
20
69
109
57
64
1
113
62
14
104
101
5
87
43
112
74
119
49
116
29
94
121
54
96
7
102
33
107
118
85
92
115
72
23
31
67
126
37
38
110
82
55
4
15
106
86
6
100
123
127
45
66
25
95
71
117
45
125
17
119
123
72
118
116
41
82
48
78
80
86
43
112
90
13
128
44
23
62
9
121
83
27
11
3
110
91
77
99
16
64
68
35
14
21
107
59
109
73
31
94
39
54
71
101
74
34
7
30
61
1
115
51
103
93
88
29
105
76
97
33
2
102
46
103
61
116
75
89
13
82
17
77
79
18
49
32
5
100
12
125
95
127
45
84
113
121
51
38
97
68
41
43
109
36
80
27
69
93
54
114
122
30
99
23
6
10
26
92
52
39
15
28
90
118
8
85
34
60
107
128
120
70
66
