3947
1651
1526
2968
494
1486
2905
1720
450
3976
3320
754
732
1170
688
2444
2962
779
752
3595
1069
2351
2728
3030
1478
1621
210
1661
3302
984
686
3879
2317
1031
2804
2425
3705
2585
319
484
2605
3077
1000
4068
549
2218
3248
2859
3552
1246
3300
3000
1712
1414
101
2049
1371
3395
2192
3895
597
2361
936
3766
2770
450
142
1591
1158
267
218
609
2311
3415
2895
1081
3357
3905
2823
3234
29
569
392
3649
660
271
2776
565
2030
2970
2077
41
234
1387
1756
232
1141
309
1680
3337
3155
1450
3671
539
1974
3087
3863
3262
1655
3629
1833
4008
9
1176
3173
3006
3929
698
388
2010
450
238
1127
3202
1869
4048
3081
3542
3117
3552
1823
3693
3339
1037
3502
2831
2057
2516
2335
1018
845
1325
208
206
2147
930
980
760
1180
3891
2905
3520
3651
349
1160
3095
2837
2300
3683
1383
1565
2946
1260
823
621
2198
2498
2220
1016
3119
2333
3891
1448
2103
1944
4010
83
3766
3012
242
3407
2357
2976
984
121
3834
2556
3421
3199
994
1004
1738
2232
3115
2986
1115
1744
587
1958
3895
1895
3266
1553
3695
1450
365
3766
1938
2180
99
2248
3859
388
2302
357
3101
3258
3764
561
1506
3204
3532
821
696
480
13
1754
674
1137
2788
3742
1865
3722
2629
3357
1996
3728
2198
1720
1593
4036
2835
1964
3347
4080
1714
152
1968
3994
3508
2260
2222
992
2631
3961
3601
2250
990
1041
1821
1547
1
1510
2683
2349
1103
1458
4032
1922
1397
3780
891
762
2611
1097
799
3607
3869
2935
1518
1329
3492
3070
887
2151
508
728
305
1381
3534
2794
196
2677
315
337
3387
432
1716
1659
3865
1563
2049
3544
2077
11
1303
1593
1522
2714
2442
2827
2772
2798
2317
2609
3748
3409
3988
815
3855
2208
3949
2635
1303
2744
130
367
3147
504
3871
817
1071
504
3010
3905
1512
762
152
1474
3931
3695
1746
1823
3177
3298
2536
3008
3326
1976
3840
756
811
1496
232
2992
3756
93
1190
2627
3613
2841
2093
2260
4056
1367
736
3480
1696
1252
2637
4074
2232
2157
3413
35
1853
1996
71
1262
3595
4032
3840
1946
1343
2835
414
2155
456
3054
1385
603
3699
781
164
938
2419
1327
644
236
2913
690
553
1901
1504
3083
3381
3264
3756
1162
3752
1486
2839
2685
2877
2258
3845
1147
1450
1563
1063
617
1639
2230
3022
3417
1672
1204
125
3512
1897
283
3820
1591
3909
2806
1932
1450
3546
325
4060
2617
2327
1512
563
3794
3359
2137
3800
678
404
1137
968
47
3744
994
2923
1784
208
1833
4072
2569
3421
1043
331
918
4064
2438
2345
960
595
2329
668
510
291
2097
2659
3060
1508
281
1149
2575
1907
1792
2454
1460
3214
2915
3375
2742
144
2911
136
2968
2171
704
642
2458
2875
1740
1786
3425
1010
1307
1448
533
3943
2383
2935
662
954
2381
1738
3300
1710
718
3199
61
648
134
1403
2482
1180
2131
2593
3143
2385
2044
1579
172
1958
454
843
4072
2522
1549
1119
3286
1748
3736
508
2958
3260
1323
232
3953
97
1440
2748
559
4094
2278
3544
1305
3179
3976
3464
1492
1928
3502
95
813
2034
49
1154
3893
343
2716
2774
3026
1563
3836
875
2786
3260
3970
2061
1514
1944
3373
3403
1649
3875
2740
2375
89
3121
704
361
2802
2687
1490
3847
567
3431
2421
815
2359
3381
2585
3401
2974
849
263
2276
1911
883
2468
2339
311
3752
2133
513
3262
2028
2258
1672
1115
1994
3919
1903
994
3865
4008
1345
392
2746
200
3371
3881
857
3919
2282
898
1581
3050
4072
893
2790
138
3393
198
3433
3609
1256
2984
748
3488
3679
537
2357
3433
2121
2026
156
79
480
3762
1057
2849
357
2546
3048
1805
1510
277
1714
1583
2565
1349
3105
1131
3282
2895
1581
3623
1363
3867
2530
3921
1907
287
3673
3248
432
2117
1460
625
3685
2190
1801
4004
3306
2329
3974
3026
1393
853
3963
1990
4076
381
3851
3963
3024
1859
357
3429
240
1041
3022
208
569
1972
190
2746
1391
2861
623
1843
3210
448
480
658
1113
3189
1309
1577
2891
4086
3002
1926
1982
4010
3834
565
2260
3427
1956
1815
2341
3270
214
3464
470
1125
1843
646
2431
2472
2059
2702
1071
190
2685
2155
758
2294
375
132
3885
1899
1004
2871
1649
1607
3345
853
3760
3584
867
3873
557
3472
1641
2309
781
1486
1490
1373
321
2161
2788
1355
3310
2804
3637
573
1444
63
4096
1383
3520
3506
2927
2042
3314
2238
2560
573
664
1295
3709
3377
3655
1738
3397
404
1097
940
2133
1238
1915
2593
3621
3800
1432
1123
954
2292
1024
1401
3466
3976
3562
3546
2921
394
2329
2563
2720
2651
2990
2155
293
2609
2919
1307
2004
2240
3075
3280
1266
2456
508
2051
1790
1534
791
779
2123
815
619
218
1557
1903
3572
95
1629
2284
1948
3183
863
504
1889
2690
2294
3268
4034
1647
1647
813
2744
3081
1901
1575
2581
2851
583
3085
1855
3179
430
2192
1994
833
2184
2710
9
1325
377
438
3107
2079
1063
1210
2542
1990
2950
3462
2431
1666
3087
2423
2153
3044
3927
1484
2454
648
619
795
2280
323
3038
2837
472
2296
3673
3147
960
3290
1686
3264
2540
3238
1718
2123
3331
3574
775
4028
1325
2359
3123
597
2345
3746
2450
1585
1137
1639
111
3639
2939
1399
3943
3383
1764
1168
2063
3536
3068
803
3990
2284
3300
1117
3175
4078
1075
922
1444
2375
2633
3546
2950
1964
1115
2383
3748
2621
3720
966
2460
3770
220
186
2843
617
2383
3857
160
3322
1115
718
924
3437
3556
2702
2996
3288
416
881
93
4082
452
1075
1287
3740
2305
3572
21
3266
172
178
1510
3383
4010
2127
2542
3202
1917
468
3143
1986
2728
65
3603
871
3685
3113
2040
434
160
2048
454
3728
468
428
349
2556
265
3014
2169
1760
1224
3752
2081
676
4020
3933
1954
2194
1988
2927
2903
1083
1329
1206
1371
291
823
2800
402
3173
1605
2347
3423
160
3210
2720
2823
881
2107
3399
1823
3357
4030
3663
2802
238
3963
2484
3296
1097
1379
3294
3955
3522
642
531
1434
2296
1670
1115
4058
805
3667
990
1797
3401
323
2994
1448
3625
1222
3800
871
3998
3141
361
3574
408
1085
573
1720
1182
1444
2611
853
2063
400
2915
3012
4074
3244
3451
506
3020
3145
1341
1085
2520
2462
1482
1579
506
1498
1690
575
3681
2825
2563
2429
1065
1490
2405
1287
3768
1141
283
2053
1480
293
809
21
758
1530
142
1216
148
3522
732
617
2464
2478
3002
2526
2347
1234
2788
3451
3075
2089
105
565
3907
1611
2272
482
819
107
623
704
3093
1343
809
3955
1081
3955
130
1752
261
97
73
1843
2276
764
1821
563
31
1954
3329
2272
966
1141
3655
1430
2357
136
1230
851
752
2405
541
3855
1565
3151
2081
373
914
3582
2534
202
1666
3026
3520
2982
1381
2673
2548
3236
3584
492
125
2704
27
265
3560
1543
3460
3379
3409
3349
3840
75
1666
3736
3677
3397
1448
611
3794
1944
1145
730
3867
168
1734
1694
1768
2685
2302
2760
3316
3105
3250
3171
1079
706
2923
295
73
2008
762
3881
766
2333
436
3812
879
3526
2464
1917
484
2617
1073
3081
2571
1345
1321
1109
902
2841
992
2099
2061
3240
420
2579
2307
2417
2827
3526
383
1867
994
998
670
319
948
220
2478
3361
1049
3478
1420
1200
3326
267
2363
2984
3615
2331
3129
3290
1426
1202
779
2093
2407
3318
3087
4076
1456
2129
3865
452
1333
2817
81
2623
855
2665
3869
2835
3197
73
412
2800
1936
3115
2331
781
3460
3278
2129
3832
714
214
1095
3109
990
3792
4086
1998
3496
361
2909
2383
2397
1901
3202
3296
3048
186
976
2506
297
2427
325
1722
2734
2514
1000
3675
2075
2496
4054
1768
3129
289
613
2939
4026
2768
3322
23
3709
2454
2861
2436
1579
3584
3566
379
2349
3129
3020
2028
502
3595
2085
222
3832
2194
3474
2645
3010
1430
4022
3006
1706
1355
2097
1278
2228
1589
1887
3730
1127
869
3814
1639
938
3066
607
3871
194
692
242
3526
3040
2742
2619
3957
3242
2516
2946
27
172
3276
1595
2309
3984
2943
1909
2800
186
895
1795
1857
1633
2748
2438
196
3953
3937
1714
906
2536
2212
3391
254
3498
3992
2373
1476
3673
3073
2403
3534
3034
3830
3000
4066
1268
448
1276
1099
2839
631
2305
1799
3087
95
1154
232
2883
166
2804
3832
3345
3214
3252
1976
3333
1547
3032
3913
3911
2123
2808
2468
212
1786
1482
252
1333
1065
2812
291
1182
1811
656
3083
3651
2577
2337
1478
2026
73
4000
2393
887
2700
1276
910
3242
3030
144
3895
543
3407
480
1331
692
1027
79
2542
2462
3707
3826
3331
3992
2065
2800
3933
500
2990
3077
2117
523
3280
3941
244
3139
3351
918
2710
730
3228
3494
811
1893
2095
1526
2500
3714
2536
1849
3967
3822
1583
809
3484
3584
3246
3296
1932
696
3310
3441
1141
1379
2175
3623
361
783
803
893
672
730
1631
3927
3161
2347
1188
2016
1936
1002
1746
3857
3022
2442
2683
2496
1075
3542
3655
3447
3834
3566
1331
2887
769
2754
2573
442
271
396
2895
1563
3073
2200
3744
734
589
329
2998
1206
81
2119
269
1154
1555
1018
2814
3500
1917
2780
293
1293
2069
754
2196
1270
3941
353
158
831
912
339
3095
256
2657
1498
2601
2288
2746
244
1903
3921
3310
3018
1530
1815
2827
1532
3802
3641
1627
2673
1127
1141
702
635
730
3693
2006
1093
3516
184
446
1200
1835
317
1835
3937
107
3429
1436
3026
2173
1702
2069
3849
593
3897
1196
988
496
3010
257
2748
390
1807
3246
3264
2242
565
3187
3849
1962
680
1095
1821
257
2246
2829
2927
3984
1924
3236
1978
1845
998
948
4046
3536
2863
3341
3927
2946
2129
952
768
954
2452
3518
2778
1911
1986
2825
3183
829
2240
1978
3272
611
2532
498
690
3619
3171
2877
539
2240
736
3246
1133
49
2583
3540
3585
825
2494
1543
3572
3550
1823
2702
196
1559
1518
3284
2802
3381
2417
3478
1291
1692
3758
3328
2234
2897
3210
2544
1792
877
807
1188
2204
3314
2270
3875
1039
650
2952
4022
1938
3980
1168
1960
1897
2305
3248
2103
2381
291
1692
3649
3091
2637
2583
2419
2506
3903
904
2335
2538
3691
1569
3316
2835
1639
1440
4058
2488
3193
190
3290
1343
565
15
3300
307
3974
573
1740
946
1877
1061
3556
158
1482
472
1039
2381
3339
1998
3693
1027
3500
3056
3127
3572
1367
1926
3234
938
3879
891
2119
3466
2309
607
1430
3647
2943
3173
1966
1510
1472
3647
45
478
1319
2323
1986
3143
2258
1752
4032
2311
3665
25
688
2004
3242
2595
2357
2943
1198
2931
1545
809
1285
107
2230
2637
2702
379
2178
3933
1319
1998
95
1547
551
2321
807
779
3528
2202
2643
1260
246
1123
555
1014
3093
3312
3298
2885
379
2881
3661
1188
3492
381
1893
2647
1012
1631
1478
807
3794
1553
551
3083
3534
2377
1871
845
1325
513
95
3556
1790
3635
1678
2208
829
3058
771
3320
1905
1532
924
3627
210
297
2960
1010
825
2044
1166
3258
261
283
1472
3957
121
97
3337
3633
3135
206
944
3284
1174
3012
879
158
1805
1208
2016
1250
2157
2859
1976
214
428
3488
1010
3530
3716
3036
3472
250
3820
3427
1536
3976
337
881
1732
3746
910
1033
232
793
1537
2073
3923
339
1649
2891
1387
1240
1708
1752
1460
3482
4028
2937
2190
3405
1996
3931
3786
81
67
1577
1482
2939
2550
1974
3730
938
202
1196
3685
3165
1690
2387
2492
2760
3578
3984
200
3068
1337
553
551
2371
3441
3591
156
2286
1708
3351
3244
1809
2827
2321
2685
2617
3947
563
918
565
246
2423
1494
63
1494
1938
2490
2186
1162
1299
1555
873
1355
1915
2623
394
3185
2956
557
2536
2714
720
1625
2996
3701
3683
3169
4090
787
2873
3796
33
1670
3403
2101
1899
1151
2032
2018
1932
2014
3756
3395
3488
3183
1379
1149
3982
571
3145
2034
3421
2627
2752
148
2851
2599
242
1853
3982
1186
585
1758
3687
3488
277
1907
1974
466
2915
1172
2740
1635
3546
3359
285
910
1704
3701
956
3568
3522
2829
5
3349
795
2611
736
2141
2861
2407
2008
3683
603
2933
1254
1625
3635
656
642
3399
3661
3365
3605
2276
3455
2028
2692
3615
3627
3881
2853
2673
502
521
3443
3300
3574
1478
3699
484
567
119
1184
273
1845
3004
500
817
1732
39
3105
535
966
2835
3022
347
1903
1758
2464
3474
2385
1869
932
1625
2621
214
3955
1073
650
3810
2274
3828
3841
585
662
486
1125
79
3397
1996
287
3635
2222
138
976
2101
2885
1653
2476
2351
115
2621
674
1537
1988
1520
1258
1198
3776
474
1813
1154
450
2137
1020
817
3919
2504
4018
3550
2385
3770
664
2530
1891
2486
2260
1492
1450
3
1456
843
134
107
2204
517
273
3359
2288
3701
865
3026
1029
819
1799
539
3236
2264
2802
867
1337
2782
267
2165
1283
2851
1474
3252
15
644
3806
1514
2042
2730
3189
664
3357
718
2690
1131
2843
506
1236
702
2714
267
3822
3790
77
37
3169
3058
2175
1734
1206
3320
3994
639
2804
2450
23
1079
3173
3270
2488
2046
3127
357
186
1450
404
1569
3734
1708
2637
1448
2024
4070
1176
2169
1317
3974
325
2913
2097
410
2109
2766
1724
2627
1623
1605
2042
3077
1885
827
3840
3341
2605
2694
702
3147
1780
2157
2153
4062
2321
3675
3232
1545
3794
1861
1162
3867
1335
4012
762
69
1722
1065
3994
3135
3478
3421
3716
2002
2085
3613
3699
269
1216
3171
484
67
2589
1367
3137
3470
748
3730
2530
728
156
3808
3449
2069
732
3758
1162
2415
1897
2254
2325
2268
4048
885
1805
4000
1670
889
1909
1875
1522
2915
2304
4000
3008
1224
3536
500
841
2421
196
904
3365
1522
3528
3891
414
1500
2448
1595
1807
1555
1268
2814
803
99
3585
3826
3496
2923
369
1043
1089
1994
553
4076
1081
619
631
3838
3691
2444
839
2450
1500
2526
2962
11
3189
2182
688
446
69
375
1631
3972
1117
970
3415
3119
1331
1484
815
194
162
2887
1924
73
1115
3341
2482
1004
3429
1609
3083
3137
3691
1922
3500
1670
2889
29
1018
1006
3669
2097
11
1317
3812
2845
406
2462
1256
976
1307
2387
2206
3316
510
2117
1704
1526
1976
2665
1186
2550
1266
2105
2431
998
162
720
958
3580
3119
1871
3965
2508
3976
2702
2792
1537
3204
2413
3026
1025
2282
456
1690
3838
1692
1353
3782
3736
613
587
3101
1472
2794
2591
1984
3097
1553
1103
2692
2087
942
1865
867
4048
3520
4038
2887
1770
365
3705
2286
754
1750
2990
2786
130
61
2105
1647
1250
3639
676
1597
371
2264
4086
855
837
1097
593
791
3447
1395
2004
484
3550
3320
4000
3722
3830
2708
2173
1033
579
2758
2635
2740
1891
1815
1684
2903
3359
605
1539
2508
1466
3274
2528
494
3881
1039
1403
3558
2069
3036
1881
4062
3913
2067
615
1343
660
2311
2075
424
2899
388
2149
2145
533
1351
418
3933
1156
75
1996
3673
1442
21
3171
3270
986
2917
2111
1591
174
1670
1637
7
3578
2587
172
472
1129
3381
2278
3403
3210
547
1813
1053
500
3722
3651
1528
176
3472
521
3760
521
3232
3774
3296
3824
3701
3101
656
3395
1968
904
2401
3167
541
914
1208
333
1964
277
1081
1133
2561
39
261
1222
1776
83
1369
2141
676
758
2736
3840
1746
2710
577
2692
936
228
3582
2145
279
3873
3218
2307
938
3536
2958
3687
3711
4068
3433
3988
3105
605
1843
629
1599
226
1833
2508
1833
1956
1547
186
3097
180
2948
1341
2349
2960
1682
900
3540
2137
1418
1264
1264
2569
1686
1252
1075
3550
339
515
3312
3808
3014
1970
2526
1256
363
3685
811
2915
3195
1067
31
3552
2786
1815
2153
1147
71
924
1563
2704
1178
3153
3468
3742
2706
2798
3865
3216
327
3732
3437
2042
1976
3645
2476
1528
202
1869
1718
341
202
662
650
325
2073
1690
3429
738
740
1285
1893
565
2298
2040
635
3800
839
434
3260
3129
470
2823
4060
3949
1109
315
1059
3756
4034
4016
686
1811
561
2155
639
730
3367
1379
2305
174
180
3145
2268
2135
2107
1881
450
1553
2409
704
2671
3036
3224
1934
3157
2742
768
488
1149
1530
1603
3478
93
99
2046
1803
565
337
3246
2095
2429
3726
2266
3945
2569
2772
212
2994
3032
2496
3986
1305
3889
879
2722
2796
3314
3607
1289
3226
464
79
1353
4058
438
1186
2561
990
3548
377
2055
1293
293
3949
748
2329
103
567
3897
2359
906
2627
2474
3845
1966
3131
3875
2992
426
1333
900
3355
1109
2956
1103
1621
2966
2901
847
1799
281
345
1315
2847
670
1131
1428
2641
589
3955
3357
1186
2550
545
1645
1099
2063
3460
652
1224
476
325
2595
2325
4030
918
561
246
1676
3129
4002
535
547
3054
329
2105
1998
3312
968
1051
3679
2760
3441
2661
3010
3514
2393
787
3034
2732
1176
1915
3095
1343
2927
533
442
2208
3060
1452
1063
49
3125
2381
1492
2264
1399
3830
3907
668
1156
1609
2057
4014
1373
2377
714
730
3405
2311
474
1786
1611
3883
1049
2589
1958
690
2833
1256
2409
438
3794
895
1694
2067
3010
287
877
839
2036
1704
2502
1353
3615
1992
1551
1357
946
434
2726
1534
3490
1454
460
365
1252
3502
2970
615
4016
1291
515
1099
1541
2690
504
2637
4042
3812
148
3855
2923
839
492
2659
672
3897
3314
1027
1889
246
2655
2887
1149
27
496
1067
1162
55
146
3038
3978
1591
2796
2377
1936
1061
1115
1732
1911
3524
2321
2464
2607
1807
121
1075
2038
2655
3310
2038
2607
2923
2409
1101
3601
3595
138
3959
297
1006
966
3746
2349
2923
3840
3383
3429
3645
3889
1252
1270
635
1786
2780
730
966
4072
230
2403
1470
1742
2720
287
3143
3526
2103
3911
2482
1682
3345
3528
1726
454
2980
3020
3570
708
2722
1829
3772
498
1589
950
4024
2649
841
3216
2379
2573
1940
341
2444
1641
2300
2946
156
3496
1978
158
1936
226
1430
2577
791
3268
3147
3951
2276
214
2423
117
3335
3165
3552
3949
244
2133
105
383
3419
198
3615
1565
2228
3822
1323
3151
2514
603
3972
3052
4008
1399
2200
1762
3236
45
2401
2690
1627
2020
2915
3413
3282
1391
3157
1950
3808
1873
160
2704
1938
3157
2994
3939
1353
2538
861
1115
3
1732
3077
801
1359
664
2851
1198
1551
1158
2069
3679
2000
3641
2887
1795
3451
1797
1
2814
3449
3609
877
678
3216
3782
1627
1571
1541
15
2240
158
1645
3117
1240
543
2954
3359
3375
2101
3709
3423
1649
2802
1422
3470
910
198
752
1256
956
2381
674
2442
3554
2087
176
2028
2020
1897
361
2212
158
1946
712
228
1823
2002
3498
218
3187
571
2429
2982
1901
2002
3524
1970
912
2579
3641
3470
698
53
1087
1178
726
2897
3550
3046
3824
2821
234
3851
1220
1926
4014
1010
127
3109
1029
3758
1303
3877
750
3248
1490
843
2750
37
1454
3909
1524
1093
3445
1627
865
1754
1218
2635
2673
1113
3496
1006
2750
1996
2710
166
277
1014
2776
369
214
2002
3514
2206
3639
412
781
2458
1131
2734
3252
2601
3528
1797
3044
2752
3691
2565
103
3490
3701
2935
2305
3891
2675
2020
2480
3145
361
2381
1865
1438
1728
3326
3210
3518
1145
3804
2756
3464
946
2230
825
3361
295
825
764
3117
1653
918
2710
2962
2184
1899
115
3318
39
1815
1986
972
1778
4004
2744
2194
881
3119
996
992
3754
3655
3066
3300
480
1012
3597
83
1414
859
3026
611
2911
2657
1625
912
2383
1012
196
2210
365
692
1065
2024
1730
3937
1583
3683
1684
1970
220
1649
865
2994
335
4094
3333
629
2393
3570
567
831
3591
273
510
1081
3115
381
2089
3593
2307
2083
2943
3768
3123
65
1377
3341
948
1472
3347
3316
873
958
2300
2133
885
656
1835
1792
3097
3929
555
750
1111
2004
1732
918
3834
2687
1500
3512
267
1663
1325
3310
1198
2419
1381
654
115
313
561
1089
333
4032
3484
3316
1704
4004
4030
3034
2182
3363
1327
2014
3919
2470
343
1784
553
2057
148
1577
841
404
2264
3510
4070
2885
1891
1198
3147
2790
3250
2268
3500
1131
2167
2919
2300
3324
2825
922
2256
3010
1057
21
3206
248
3907
3006
1742
3788
740
2718
2746
1268
577
79
2020
541
1002
1537
3607
3038
4012
3419
523
712
3528
3034
2165
801
519
3949
2887
2927
1022
3066
2593
2968
3415
103
3476
3756
3623
3439
1256
1073
2502
2313
3522
1012
1450
2782
900
515
460
83
1543
1216
754
2690
1103
581
1843
1093
13
2667
710
2631
3044
1016
1762
2798
2810
2823
1123
3091
3720
1512
3792
2524
3566
367
1500
3786
2710
3718
1399
1000
3540
2345
3137
3486
2716
783
2605
2214
1291
259
1778
2690
1359
450
313
3462
4056
954
4022
3373
2157
1774
648
2444
3068
428
1031
3486
847
3734
3314
2008
766
1639
17
1631
2685
3542
2502
1829
4092
2143
785
388
797
113
1930
1591
3216
791
2782
1692
3220
1087
4022
1792
833
871
2881
206
1212
7
1663
744
2169
3445
742
1482
1726
2421
1869
2466
1776
732
773
769
2119
3036
1250
956
2067
958
2055
3163
3143
1593
1970
383
1968
1285
2423
1311
2246
1813
2474
1313
3855
2228
2941
2091
738
3099
291
2879
1629
325
1915
904
559
1607
121
77
1835
734
777
2911
1875
4054
2147
1500
3834
3762
1061
3260
2067
2270
1571
3881
79
3343
736
1460
3236
494
196
1281
1730
2292
3498
2446
1942
3593
4058
605
3425
2137
1012
898
4074
3794
3861
662
579
585
1885
1714
2839
1962
244
2915
2419
1399
809
547
1926
2819
1583
2294
3433
1724
857
662
1563
1416
254
1488
3000
2101
3431
3002
3909
1946
1395
3451
3038
4000
2990
1593
392
1964
2651
47
920
3933
3576
252
1766
3961
2905
3776
1327
2861
1518
1418
3945
281
2097
3167
2849
2536
109
3802
250
1867
1190
2829
3318
2786
317
3496
15
456
148
4046
3617
3927
1371
1387
1414
3810
3937
2077
2599
3750
3830
2397
1297
1287
1085
698
2935
3711
3554
1476
724
3625
1369
2038
39
1315
2331
1448
3980
3986
968
3578
3742
1379
1022
4032
1982
3804
180
271
2641
2667
2595
3897
2722
3232
3131
845
3105
1049
885
2687
581
2036
2859
117
3893
1581
2524
2248
1885
631
1748
3280
188
1315
2331
73
2698
3381
1101
3584
2937
2528
791
726
2720
2889
589
3206
3560
3961
2161
1797
1726
1537
3300
1154
3177
633
2117
232
1174
146
3052
1980
2175
333
466
3784
2776
1831
3038
85
3447
841
2825
1010
2484
1512
164
1686
2544
2974
3730
2738
1952
1899
3526
3060
2490
1508
3683
688
418
3992
2958
2137
1672
2014
1537
3820
2236
3826
3214
97
3365
3451
3226
1752
323
3169
3711
1240
785
337
3847
3189
3986
2180
3580
2085
2333
3004
3379
2057
1762
2494
3834
1917
9
3603
1718
2881
15
1222
176
1956
3462
1430
3703
1893
2484
3274
543
1010
3429
1899
3816
3077
105
2794
178
1474
1698
1351
3516
3587
3978
2288
1682
3175
1486
1678
2454
2353
2117
283
813
3266
416
537
2357
3538
936
442
1343
1547
875
2819
1262
2752
700
914
2411
1151
1926
3429
2593
2633
2923
1297
103
2530
2329
3284
291
134
31
1214
4004
601
3637
3832
111
1101
3210
2075
252
1361
722
1809
1258
504
2262
476
1950
1774
2220
4062
2718
1617
984
2178
3963
523
3776
2119
1732
1792
3171
3
3385
2635
3437
2744
2573
3782
2702
1857
422
2925
2417
3716
4046
956
3111
855
1819
523
327
3081
1391
3264
1426
3492
1845
1107
2218
1377
1849
2734
2792
906
964
1589
3947
2206
1315
533
2311
3133
15
1301
3435
3187
238
4024
3841
2833
273
2742
865
2109
2040
793
1202
1968
670
1434
1956
446
968
3331
216
4066
150
3742
3830
1684
1164
3300
2599
535
3476
1674
3752
3972
2577
1543
932
3381
3423
1325
1609
369
869
3972
698
2726
3871
623
2401
2184
3683
1014
2454
3185
3893
152
629
3893
2286
891
281
1319
2234
3661
883
3008
3262
355
3750
331
3947
440
2498
79
2498
771
2744
807
3512
3062
2028
1363
136
1170
265
593
19
835
448
2649
3304
1613
3022
3494
2304
936
3641
1327
23
2224
3705
3494
2637
1432
111
1526
1059
1212
2500
1704
698
1337
1278
3262
607
2516
1325
158
2127
529
1188
2055
3897
3097
3746
2599
1825
3957
4062
1274
3685
228
603
2917
1158
3546
252
3744
512
3552
617
2835
2845
1490
1543
1825
3736
803
1343
2889
1063
1807
1430
105
2657
3699
1807
3187
2937
766
1067
2766
377
2125
3953
4050
2958
2307
2063
2317
1869
1055
2194
1089
2490
2051
500
1649
1702
670
1508
642
3734
1577
2331
771
1293
1301
734
1647
2153
2996
1849
529
2986
3208
365
293
567
688
2109
4080
3022
3847
3724
3022
3437
1389
119
801
414
1813
500
1083
317
1815
823
3562
3373
1752
2683
793
2218
361
2383
3062
3855
3780
1065
1502
2986
1720
2556
1827
3224
3816
3060
2337
4050
2879
2198
1522
3661
1385
2292
684
2147
2561
1216
226
1367
2466
2323
3986
1416
3377
154
3522
3514
2943
2040
309
442
1958
4010
2935
1254
3437
355
2405
85
2796
579
1647
3980
954
2234
3312
2335
3911
2970
2038
3105
1395
3847
1710
3675
4044
1208
1744
3796
1593
2085
508
2784
2397
3236
3117
3988
2167
758
3091
859
601
1536
1976
448
652
2859
134
150
2857
1899
791
1204
3218
4032
2222
686
2065
31
1125
3994
396
978
492
2861
496
81
2317
3657
3621
3361
250
728
404
2554
2514
944
442
2073
2585
1428
3879
2431
3314
3895
486
986
1742
3647
2839
2046
1418
3347
2248
559
4052
2593
2417
1716
2903
1440
1182
3841
1057
1547
3290
3002
3578
3931
2093
1901
1006
410
1942
3250
2744
1528
3044
3820
986
2169
3302
2440
2613
4012
801
1688
1220
990
3292
2996
2855
3631
1643
2188
2446
404
2468
29
3806
2728
1839
2550
1754
4026
3240
2754
587
1319
1464
2210
1897
1069
764
1534
1206
2919
3345
2317
69
714
676
1496
242
615
1482
3298
3387
1599
771
587
561
359
3802
3324
734
1690
2419
1432
283
573
2149
3564
2724
2022
3379
1663
1942
3816
2097
1432
349
1212
1327
1295
1788
2873
2887
3667
1361
3516
4040
857
3316
1442
3214
3806
1792
375
377
3540
3355
1710
2871
216
325
2730
3786
1280
202
1182
3625
3197
2808
246
2593
1706
3163
2226
678
3365
944
79
664
3266
2877
434
2004
1492
2073
2105
1280
27
3355
2073
2075
2663
2607
4050
1194
287
3020
1414
1289
2980
3556
795
2143
2506
299
1377
964
2601
510
3851
3532
2651
4044
2492
3859
2552
3101
817
3308
1496
1343
1833
236
3853
1147
762
2875
355
639
472
920
781
2536
2875
3361
2798
1287
3693
996
3417
1035
1885
2649
2734
3788
2228
1756
2442
833
1922
1827
2327
87
2490
1637
3834
1422
948
3552
3667
3976
2302
3603
1389
948
1724
2460
164
1930
3740
3756
1758
450
2036
3393
3427
3742
1246
158
3266
716
2242
1934
3933
1307
1758
103
3464
2442
756
2292
73
2776
1412
3060
2361
1448
3742
2895
4092
791
434
2030
1506
3347
3262
21
2327
2180
2615
1442
1049
2008
2998
3913
363
2242
3383
2972
1281
279
3990
1389
3897
3056
4052
3431
1077
3754
3532
1958
3758
881
2159
1541
4048
464
4016
1732
3210
2246
2514
1946
2236
968
521
940
3742
2109
2829
1472
3840
1018
3530
2125
964
1299
3220
3734
3439
1434
1649
468
3131
1545
2480
2456
575
2885
3320
1464
422
2506
4058
3528
805
3296
2240
2258
1317
1543
1827
2055
1012
1174
692
527
3349
3617
458
3103
4068
2417
2901
2196
3302
2188
1492
1609
37
1369
1913
3875
1168
3085
3512
1553
4000
1972
3927
1631
29
1047
3911
3506
3361
3595
1276
2597
1841
273
375
1428
1422
1736
3572
1289
466
1089
1166
2563
678
893
2262
912
990
43
1198
1428
2409
2038
3409
3738
742
1484
222
1448
1458
2760
936
1639
3333
1744
2784
1200
1327
2766
3542
2552
2810
3101
1571
105
700
1289
331
21
3278
559
224
1472
633
648
1321
1303
2696
353
1599
3228
1922
898
2296
1758
1883
1359
3758
57
2732
1355
694
1883
3294
1327
902
3967
875
3790
164
2123
823
1325
1303
3665
3226
3915
23
2943
4006
2877
3933
1190
3851
214
775
2998
2234
1637
2990
648
4044
3861
1266
448
1379
2194
3097
3262
3498
2657
377
1962
3409
519
3776
2802
559
926
25
3578
1613
81
1393
1349
1528
1988
31
4052
1510
2103
1190
450
1524
3572
887
3056
1351
2893
2819
855
3838
1377
519
3907
2558
2361
3391
1291
686
988
875
1803
1164
1432
1029
1869
1797
2655
2651
529
3591
2470
2609
3314
2075
3000
3296
3189
2829
1716
2226
853
180
1087
591
3978
3447
3980
615
3433
2468
404
3449
2409
1184
3006
1964
3183
301
5
2526
226
1968
311
2409
3800
1385
2387
3087
660
3621
2468
621
3139
2935
3115
2998
1565
1329
3665
3693
3883
4064
1335
2724
1659
3294
2629
1452
2133
1728
1684
1968
2300
1151
3472
1466
3863
724
1732
240
468
3552
1186
2657
2038
3139
164
3393
2230
3355
2563
1803
3806
1875
192
1109
535
2752
3445
2556
37
2325
2393
240
202
688
331
285
3542
2831
1049
1180
496
1230
1325
2286
3472
373
3736
113
414
3794
1738
184
3383
2575
2794
1976
3847
2690
226
4078
1790
2210
3705
1968
1456
164
3091
442
1764
764
3816
940
3413
879
3288
1524
2000
1567
1149
3322
865
464
543
1597
1498
2873
889
1948
1131
2740
3095
3736
2282
1000
1857
347
1543
3578
2861
1553
1867
642
85
857
805
4058
2395
3371
4046
2919
1811
1702
908
1611
3060
67
712
1734
3550
730
3982
3716
815
4012
1843
1420
2282
2847
2006
1073
2393
398
2375
1466
3272
1809
301
2722
192
1549
1123
234
1339
3276
1500
3558
1468
3383
3804
531
2939
363
1160
123
224
3395
762
4096
206
694
2202
525
2806
1123
1430
714
1629
4010
1609
3909
2575
956
974
3401
392
2069
3972
2210
1365
3437
946
2421
1432
3077
3163
2359
3677
1784
2472
3204
2200
2083
3343
3744
3441
1577
960
1746
1645
2532
635
1696
2665
2806
1539
3957
692
1462
783
3722
2823
1025
2746
3216
319
2051
3623
373
2770
1357
1730
1631
527
3359
2065
1500
3183
2931
2946
1442
1383
2845
1899
422
1526
3562
3484
3163
275
259
59
855
3318
3272
1214
1567
2065
1180
1563
3238
2732
2498
724
3679
1004
2010
2601
2972
502
186
2685
3326
3423
3961
712
59
1801
718
2675
1514
2004
2514
3018
329
3726
1778
1797
2754
1192
2486
3528
3601
3423
2125
2250
2831
1351
567
406
1450
3133
2730
3699
4058
670
1297
3687
361
2903
2038
849
174
238
2309
2313
4044
2359
611
992
228
1067
1099
3091
1151
3119
448
3484
1792
2458
2903
1174
1482
3496
1998
2411
3435
2341
3714
3353
188
301
2272
2508
1726
2744
2865
2337
557
3695
2004
1537
889
2823
3843
2869
414
2603
2685
2238
3945
3318
3595
1325
2298
2004
656
1397
3070
3197
3125
1041
2962
2065
1653
1178
3472
2833
1613
1198
4000
702
5
1357
3006
3290
2470
2242
1970
2958
2621
3105
2198
2982
2833
3040
4090
769
154
4088
1611
3726
2365
766
3347
486
3359
712
2262
2706
79
2746
3161
2024
2685
950
3740
2466
688
430
2962
2675
2099
1307
1188
1268
4060
488
170
1668
883
1228
621
3758
329
3951
2238
3843
224
1871
2694
785
3963
2528
3365
2831
176
2786
1371
43
601
2230
2238
55
3111
2361
1107
3695
3125
1986
2147
3361
1343
972
134
3226
674
2921
103
1109
234
3365
1782
2135
2069
2018
885
1887
1043
1065
404
1371
178
2970
2530
1635
930
1456
3264
1716
3496
910
513
3990
3274
2423
1486
142
2204
781
764
2784
591
1851
2178
1897
2665
2544
3119
202
2180
1901
2980
83
3889
1472
2024
781
3373
2204
881
2139
67
851
889
1506
2093
1651
3264
69
3619
1238
1915
1484
1105
160
2647
402
3996
1206
976
1246
408
952
2038
3427
762
3331
2808
1008
3673
1190
3988
184
1391
1875
1601
2319
275
3199
1309
430
2841
3151
1797
1047
3232
1754
2381
1361
3834
2296
1192
3820
541
2512
1154
2585
3540
144
980
1121
583
2619
3818
1335
1746
1414
2218
3077
793
3135
3139
381
750
1274
1045
3103
2361
3984
609
3393
2109
3580
1343
3845
2996
200
2565
99
3794
420
724
1162
4066
2500
1218
3508
1071
3032
3218
1414
3718
708
430
130
2313
3357
1934
1039
3030
3564
1924
1833
2331
1865
1825
1405
2300
1887
3185
1192
837
182
706
1668
216
940
807
2024
3599
1966
3861
976
2929
2915
4088
246
3937
662
3276
1674
859
3437
660
3431
3728
710
551
704
589
1639
2155
3379
1579
3238
833
4020
25
2210
3597
263
73
1315
2669
2401
303
2022
2899
1982
3732
1893
79
3980
2897
2565
3963
1774
1123
1520
1351
252
130
3788
1266
3905
2065
2073
3629
549
3562
190
1833
1744
1549
107
1412
1653
2970
2341
3431
3689
678
1363
1875
1865
3982
2282
1762
1526
83
188
3550
140
1645
803
3994
2288
559
2085
101
1232
3181
390
1403
293
2526
1329
1716
2427
3474
3433
2548
3214
127
855
2319
3939
2776
3058
895
422
902
388
3441
1734
321
682
1536
1809
3185
3058
1528
2946
3774
2290
458
1020
2556
960
2458
123
2952
1105
1982
3740
2752
3774
4054
164
1307
1101
1317
559
2679
2768
2843
1795
2202
795
1113
1117
2968
3131
2024
273
3006
2530
4078
2079
3236
2984
1514
3395
1403
658
1758
3558
2675
2040
2135
4066
3381
813
1125
648
1434
2851
3476
1930
3234
819
1069
1198
1190
3488
1395
3470
2111
2111
2234
3288
103
853
2992
2875
551
2847
2425
214
3197
722
1966
3145
3800
3075
2500
1311
2558
2589
3028
952
1726
1861
414
404
2355
3665
1343
631
603
4002
1555
2292
2127
3425
87
1786
2359
990
2369
2698
4072
3095
3982
2498
635
426
1176
3187
440
1168
1280
1702
1214
3193
3871
2921
3599
1637
1496
2321
1305
1829
1258
922
853
3875
1819
1909
3270
3363
1537
2028
1730
250
2933
666
3159
3038
555
470
1676
2143
1966
3524
206
521
3111
3776
3413
3677
2415
4074
960
93
136
3224
1653
2371
1889
2165
2242
1990
3268
3490
446
1682
3214
3478
1
3250
2407
1766
1327
2631
1577
2111
1661
3141
1599
2861
3641
462
1807
3345
3024
3185
3427
3278
2026
2558
99
1059
3776
1073
698
3589
706
904
1440
434
3518
3091
2788
2250
1462
2538
3165
642
2405
3877
2692
2843
2784
1530
1756
325
2075
908
2845
1184
1998
1571
3758
1452
2218
3528
510
3609
3742
2409
3101
3861
210
2165
2262
33
3613
2786
2462
902
3111
3153
3707
2429
3453
1722
2538
563
1980
1964
2184
4038
2407
515
1145
1266
1024
1595
3804
607
43
3199
301
3044
2075
714
875
1012
3173
619
577
1793
3951
2976
720
2411
1440
1466
2641
250
3222
926
662
3931
960
2232
2657
938
1984
3202
1158
2337
132
1821
4026
2135
2226
2873
3863
3151
408
3343
3714
256
180
809
2609
1188
1212
3580
1676
3613
4096
242
3036
3407
180
779
2879
3935
1845
1234
3403
1911
3790
3331
1319
1742
4030
2641
1325
261
283
553
3798
2845
3044
3034
269
2309
265
3020
829
2720
2952
3387
398
742
3054
2645
3004
2792
33
1607
2845
3861
1545
3919
1311
2710
2877
1686
257
2190
3220
2490
1726
3244
1784
3903
2607
982
3300
3478
238
1968
1865
1954
3782
1627
2762
809
2248
3101
3413
1581
2847
3720
3538
958
1585
134
3093
2909
1730
3663
3447
2357
1174
3718
595
3893
2845
2188
3687
1016
1010
3621
1293
3355
2270
224
2595
1585
1434
3105
2778
1373
3722
57
3921
2391
730
3218
3375
3163
3679
2315
3028
502
3659
1039
3320
3407
887
3395
3982
2196
686
152
2883
3242
3087
1510
1466
3996
950
1464
2286
3970
521
2262
517
1829
2240
3399
353
2484
2742
1833
33
61
2633
1799
3550
575
37
127
2575
1113
1913
3655
1289
2131
1629
1790
3498
1639
3607
3855
1468
4092
1756
4060
464
1135
2611
785
396
55
2403
1410
57
3335
206
138
3925
1952
688
2444
2375
206
2304
1928
2077
1720
3133
3351
3584
1258
2101
2933
3270
3841
2629
3591
2371
3687
3824
1793
287
166
99
2220
400
867
3488
1591
2458
3310
3748
2764
2611
795
2841
1571
3101
416
2440
1559
339
2700
3147
3996
3871
119
2708
1268
3738
343
3367
1825
2849
3460
158
730
3445
1412
3921
3667
265
2554
2738
1615
3349
768
2093
3105
994
289
4088
1160
3480
1764
3526
2048
4042
1472
3780
1706
4018
3226
1867
1512
3915
2270
3036
2883
162
3760
3540
1309
906
3
1121
3399
1829
2806
1250
2071
2750
591
650
1242
682
3326
438
496
3504
1946
2315
315
3407
1164
2700
470
3385
2790
4012
2585
3834
3843
1162
1008
1795
750
331
1024
535
3377
1855
1682
3786
3220
2002
1478
3056
3453
537
2218
1414
1986
3748
825
194
2484
1075
2143
1260
916
2468
3933
2667
1970
1577
3927
3853
781
1589
1407
53
3153
2714
460
976
2937
2339
420
1581
2514
3893
1585
1678
2496
2649
2482
156
3714
1327
2286
3089
1095
662
2544
684
1686
1786
2585
976
2351
2395
3889
2950
3532
1686
648
3197
2653
1200
3482
154
585
1815
3564
2242
3605
3254
3399
3413
1547
597
1909
4088
434
1496
1353
1061
2687
734
3339
4074
416
607
2361
3331
2099
746
4054
3234
1200
1008
1182
4072
428
3425
1053
3830
3443
4060
2151
3377
1728
571
777
1158
1059
968
2383
3010
2931
2329
3941
2254
1486
371
4090
3363
3847
1289
93
3232
1063
1226
1127
1855
3179
154
986
819
2446
1162
2774
392
418
132
805
3649
2714
1720
1424
2377
2369
3244
2631
2034
2861
1867
3699
853
3560
398
952
1530
3163
728
3423
535
3800
3780
2939
1996
4000
1905
2704
2121
3705
3830
1603
130
2665
601
2431
170
2280
3720
2788
3502
192
1359
2558
932
3840
3357
571
3324
3486
2788
2718
1299
2238
1276
1940
2484
4014
1020
3820
956
2946
3768
1849
345
3117
1006
1905
1534
1867
148
1919
2304
3933
3423
2055
3597
3417
1363
2319
1615
1903
2768
140
2222
2468
966
1397
599
940
1502
3980
3220
2454
2462
2466
134
289
1024
2802
295
785
1270
2192
1418
140
519
3022
855
2171
577
2774
2782
2411
3447
3189
1996
1329
3177
1339
2065
2198
2101
373
1599
1254
1016
1508
3683
1782
3421
1530
2069
3085
1962
4040
3151
3657
1218
912
1319
2913
918
517
2171
2252
4076
87
2337
1357
2724
3193
1780
1982
2984
1119
1688
1301
569
440
1833
1031
329
1464
2663
3480
543
315
3240
769
1353
2248
3421
3042
1666
1885
1496
2710
2327
686
3758
1565
3669
1617
3310
1365
1186
2595
3395
3179
3494
2536
1974
3252
121
2458
2696
375
1841
2115
3566
3538
1166
2812
3324
1853
2159
2268
3
2611
3528
1387
1079
329
2619
3528
2675
2363
1522
444
2800
365
1857
1
1093
3320
611
1601
19
525
2450
218
1917
3728
2206
458
3840
2276
1240
1597
400
2272
3036
1367
3220
3488
1772
4006
1202
2395
1434
2379
2615
311
2355
3016
2127
1407
1355
2560
2853
3199
609
1911
1266
2325
537
1341
1863
31
2659
3838
3373
2698
3216
1325
918
428
2208
3365
1268
809
3752
285
2903
3234
2996
3056
988
1176
688
3895
3774
1069
462
1837
2984
2030
3800
3893
3903
1674
226
1956
1055
3748
2032
930
1692
1762
1871
1934
3730
1605
1938
779
2254
1863
1196
2020
1922
416
603
3056
4010
79
3387
1625
867
3294
406
1103
3955
2381
654
41
2309
2141
3391
325
2863
1946
2946
3187
3907
821
934
1412
1121
706
1603
3236
3810
700
603
232
1998
3907
3222
2726
1119
3915
1117
2806
1974
2161
1305
2411
2615
1311
3139
2802
2833
3939
2536
3345
3056
3185
1101
3988
2950
968
900
3621
2649
1585
3786
2012
3752
1097
2661
1230
2012
3770
1256
2558
3425
873
756
414
2625
2907
381
762
1299
3828
3016
2595
3048
3978
3498
256
2885
2206
2623
1530
2266
2629
2145
1297
35
1932
3151
3240
825
3075
3929
2766
2710
2905
1262
1811
337
964
49
3379
271
3853
609
2462
1865
1355
198
146
2067
2117
2958
3244
771
2615
2524
541
3075
3840
89
1547
3183
529
357
3117
232
130
688
462
821
3903
2587
4032
353
2621
2671
2994
1730
2264
3026
2478
3197
1198
3208
450
3703
3760
1952
3449
43
1990
1252
805
1059
946
2407
2307
2423
2371
968
3260
859
2359
2149
466
3270
1448
1748
2038
2218
2649
656
1266
3157
1728
615
1486
1645
2885
4064
51
2125
1305
2897
1480
2359
2129
3347
424
3921
3605
3818
1067
3288
531
3425
2895
2079
1216
2744
31
936
3399
527
1434
3707
2980
3486
275
3242
3768
859
841
3883
3738
4058
248
3250
599
3891
3139
4010
2482
476
1559
468
1186
1079
1686
470
442
2663
3417
2885
166
2575
1095
654
1016
484
3399
3441
3778
1029
408
766
3220
565
2335
2702
1518
2317
3629
845
1202
1361
2425
660
2429
1976
1266
1283
2425
3516
1147
1617
4074
3105
3034
371
1551
1474
599
1799
1530
3786
1532
956
1649
3494
1754
2613
1
3006
2526
3953
581
2992
3445
3716
1440
2933
1333
3288
2627
1202
1577
861
3510
1984
3730
3726
1710
3135
764
1188
2800
2258
631
3512
3722
3677
539
3716
3470
3000
1506
644
3272
3383
1805
4048
3343
3937
2119
4026
3181
1913
4028
2802
1391
4090
3393
1555
3671
3760
2919
4012
2222
1520
138
1883
2000
1885
1766
3816
2597
1915
3494
617
2123
2351
1442
1547
3173
1482
2359
754
1843
2762
168
2976
1625
585
1754
482
3026
3631
1000
3963
3361
3516
1004
2190
986
2905
1924
825
3290
1456
2196
261
1998
2746
3595
383
1774
2240
3250
416
1202
1391
1256
3081
2010
3040
299
174
1154
1653
1754
3062
3901
1522
3935
398
1297
3117
1539
1795
728
603
942
1258
2966
3101
1280
2758
803
4056
3208
2383
1903
1942
2357
2369
4042
1311
1426
1907
2119
3836
1575
1480
3066
3278
3210
3343
690
3911
805
103
2677
277
3369
117
1680
2665
2456
3923
3046
3526
3570
194
2431
4042
1297
2708
1978
1158
3391
3949
494
873
1407
71
930
2603
2089
3599
3113
2051
1718
2341
1522
2304
1504
2649
1111
2552
3885
1029
3355
1867
1027
3252
3341
1593
2212
2780
2377
3256
1706
2550
3536
2355
1680
575
3449
2504
2804
1907
3609
1325
3423
2077
3153
1639
2123
474
3705
3326
1520
1934
1353
938
1668
127
1889
3925
1135
3754
404
3840
3496
968
1571
2639
2395
803
156
1922
1268
2554
3480
2762
3778
2143
918
2778
394
2784
2131
1387
2175
4062
2498
170
430
1877
3847
2198
813
1680
1865
281
2359
1922
4092
3972
1063
2337
845
3978
3175
1234
690
3865
3143
960
228
799
2974
1075
3683
273
3687
839
970
2772
1907
73
2532
1605
2931
3175
1341
708
3663
2153
597
65
3472
3788
345
1311
801
613
2266
293
750
2397
3840
2571
2232
3923
3593
994
1641
1101
3347
1754
3064
3830
3508
4030
1383
3216
3822
3266
2315
3810
1539
4070
3242
3389
3383
2561
646
946
3990
728
2617
3171
2629
3838
188
889
3576
307
873
3881
87
521
1770
3574
333
2121
3008
3296
1089
952
1528
3480
2887
3945
3389
2095
990
21
922
746
3423
206
43
1093
3568
1371
760
563
1057
2327
2742
3506
3522
2496
766
3409
4002
43
1347
1426
2939
730
369
3992
3593
809
1160
3328
2784
1341
1274
3605
603
829
1863
3990
3068
883
783
750
2931
2520
371
3516
1434
506
3073
1972
361
932
1897
39
1305
1202
1797
2663
2417
1639
442
2000
1597
1448
773
2990
250
1849
2786
4092
140
1829
2194
3978
873
2742
3351
958
7
3238
510
1371
2460
2083
146
1778
2700
1291
569
1484
3830
1760
2252
218
3838
2121
1117
746
1502
762
3720
200
1639
3516
1319
2950
1893
252
813
1022
2016
484
1218
3383
1567
2415
1732
2405
3959
4082
400
85
2637
81
1686
1504
2603
1843
4014
877
2857
2506
2609
337
2006
2520
813
2355
1982
2579
450
1549
1176
2196
3413
1002
1363
1573
1698
2843
1678
2282
1319
3292
1200
3768
3121
2359
3903
1305
1412
3599
902
3536
3351
3830
1889
1790
3832
3191
3468
1180
2857
3204
2180
3750
379
2978
3623
1563
4004
2298
353
3254
351
845
670
3095
3871
2341
4032
1922
2742
3548
2105
2323
2383
1528
2234
1436
833
3871
1599
3980
889
978
766
766
220
3179
3240
3772
2659
1625
1414
1849
2448
1389
2125
317
1051
1240
1539
1450
803
85
1688
3607
2728
1557
2948
980
2948
1488
2012
2565
3341
823
3087
3191
3
771
3113
448
3645
305
3381
3113
3312
3161
3800
3516
1639
3101
1730
2629
623
3923
2698
2395
424
325
2855
1391
3322
1260
1609
1125
940
1714
2335
1012
285
202
2135
2601
787
877
3738
769
2867
3089
710
3185
2032
3891
926
2069
871
2198
3804
2440
412
109
2454
650
277
1557
2851
1504
1565
351
2966
988
833
1081
3798
2182
408
3695
2161
2476
2282
2444
3423
1734
982
3107
1948
875
1242
1428
3732
998
2621
339
1059
631
881
3976
1168
232
2964
912
1782
3766
3550
343
1541
2556
412
1676
3482
3333
984
652
2857
242
3447
2411
781
519
1678
2702
2639
1405
1915
3123
2335
2385
442
1956
3889
252
2514
2323
1329
2387
1432
2343
2869
4064
2327
1793
1160
2480
1412
2397
3216
3199
3627
33
2897
2647
2278
1230
2232
1718
3772
2304
2530
1591
1353
3724
1974
1645
1480
1633
1839
2843
1008
331
910
2859
801
1025
1020
3381
617
2224
3611
242
3347
996
3455
2496
2486
1061
1147
2879
3064
2460
2022
1127
2137
379
160
994
3496
1045
1595
3826
510
1593
730
446
1813
1968
787
1438
257
430
3840
2296
1510
960
3204
1234
3020
3218
2313
2319
3826
2734
2637
2583
2321
1799
3181
3411
1984
4090
2494
3486
3072
1722
4066
2010
450
206
2329
885
617
162
3500
1780
3528
3066
3794
3470
658
3657
1359
2583
1329
3040
898
1706
2238
3490
1575
3496
2135
855
1539
3006
1589
3992
2204
3232
3903
2855
1627
1027
3050
132
1186
3570
2175
3740
871
3669
3657
932
2371
2706
2825
2178
492
2579
3494
2270
232
154
1996
2065
1700
2149
2885
208
1752
3212
2784
863
3204
3734
3421
3580
3383
2407
3818
2296
1299
3582
2571
1666
1172
680
3165
2510
1670
2278
3409
3685
1932
1097
1782
2026
2135
2492
2393
2853
3490
1901
1988
1311
2228
3222
3939
3824
1434
484
591
4004
617
3574
1895
146
3385
176
2262
2651
2119
1297
422
1833
3129
1405
2706
269
2309
637
53
311
4022
3075
2365
1502
1591
513
1859
817
1682
2774
3171
3681
3393
2182
65
1805
214
3812
2153
1319
1283
3282
1093
1490
1103
3732
3847
2436
2341
627
569
442
4038
2343
2218
3792
369
418
3927
1385
1676
2319
2262
3709
3685
3643
3476
2546
1002
922
1442
587
2530
2294
1365
2379
732
2724
986
295
3673
1545
2641
4062
690
383
1996
3185
2028
2171
2030
2186
1194
821
2927
3129
3208
2200
3214
3498
1093
496
1365
3355
1283
2704
291
768
869
188
3204
702
1972
1103
307
3445
3204
3613
1240
295
1468
2885
3077
2950
1224
2192
1847
3028
77
2851
1835
2681
1057
242
807
1289
2901
1365
958
2589
591
1899
1236
2450
3709
1827
2861
444
267
321
849
502
3351
47
1863
2692
3228
3659
3058
1432
1115
1869
3728
2774
4048
2760
589
845
805
2800
2768
373
1549
394
1484
3125
2661
2486
1599
196
1055
2280
2456
400
3732
156
3972
2339
515
3403
1395
716
446
1970
2645
1670
2919
579
3329
2149
3189
3659
1182
617
1946
2141
2333
2305
210
498
156
1430
914
3232
1833
3643
1424
1289
1811
738
676
1369
3117
2698
3913
1018
1395
3970
1829
1482
3778
3734
1647
3054
3077
918
3115
3399
2810
1579
521
3320
1393
2141
377
2178
1903
1008
3401
1446
3943
3072
2722
2593
2909
1113
857
2331
4042
1563
476
2250
607
3228
63
3506
2077
4054
1694
2750
1869
1420
3143
2333
3840
1585
889
3437
2155
2440
1071
1377
2454
3929
2593
545
1321
2994
3361
1960
2097
688
2923
3770
2550
3738
1984
2284
2778
3879
771
2377
2712
603
779
1917
508
1684
1591
1018
1633
658
386
1436
875
2353
3689
1996
3929
1637
1734
2756
2514
2494
1450
75
1936
1353
2077
2845
595
3651
3300
43
4052
2067
990
347
1536
2875
529
3903
2687
1029
3304
2776
2057
3264
1027
2365
2752
908
3093
3185
2528
3443
3576
3464
1686
4078
2879
3564
119
3510
4002
311
1851
3343
3984
849
3822
2012
3887
1504
4082
2419
1442
2093
2182
3464
446
2321
1412
2472
3042
1099
1484
192
1615
1512
275
3363
49
2794
1301
1389
2516
452
712
2968
3022
3318
1218
3222
1498
3326
654
3790
3623
1688
3087
1474
718
732
1016
1202
55
3760
446
1903
3016
1319
1135
1577
2228
2059
3669
53
3111
2933
1430
531
3355
2466
434
1385
309
1686
928
2637
2627
2659
1956
1035
156
2129
3439
2982
230
1766
805
420
1639
1666
1464
2605
448
69
2510
2000
561
904
4028
464
2032
176
752
2796
968
3451
1758
331
41
2897
1966
31
3562
2036
500
1278
1984
2028
1341
2010
3331
2722
718
504
3492
1458
2738
1716
2643
1222
462
2698
2814
2288
244
460
992
311
3871
41
1071
2417
946
388
922
2131
3516
787
327
4092
2524
3401
2230
2935
1946
2383
1543
1579
3113
2532
2673
958
1740
1649
1412
3036
1639
3568
1061
2419
3038
3722
633
3974
103
1942
357
4066
420
1722
410
295
69
3955
2137
3582
688
375
1510
3353
549
2190
156
988
1434
4028
299
3935
325
3036
3556
904
2373
3705
1750
646
123
1567
2506
3865
2554
1087
2996
680
73
1244
3496
1133
2563
1002
3335
2448
265
3407
1998
593
2226
1248
3224
454
1373
196
2133
2651
2456
500
2151
2129
1776
2841
2720
1617
3673
2051
1764
3183
541
3472
170
490
3647
4028
1162
680
59
1746
611
3863
2512
170
2300
2196
1663
797
2861
1299
728
1639
2835
3137
2534
2746
1859
1359
968
3838
2192
607
2278
3409
3312
2010
3585
109
3181
1537
1772
513
2053
3699
968
2593
766
1139
392
2819
107
1936
47
111
23
1962
3812
218
1597
2296
837
2478
1416
2508
3570
2103
543
674
3349
577
3183
3853
2909
2722
1355
297
744
3998
1448
3460
3234
2748
2500
1260
3087
2474
3304
2411
3605
1313
1958
1351
4034
688
2569
541
2843
2841
2302
2256
1869
2149
700
847
968
1214
3028
537
2972
3375
3953
3621
648
716
940
631
2240
2752
3701
3641
1154
752
196
2780
3659
4004
1641
2486
523
428
3879
1341
2921
2730
1349
3701
2879
3056
1333
1281
1784
2923
1170
2369
1266
2105
2242
3770
1033
343
259
873
1434
3711
1518
283
2869
1063
3552
1474
2712
3584
2367
4082
2859
617
1383
1545
1528
269
1738
279
1147
3306
3705
593
3320
414
1702
2415
1607
339
2561
934
3976
1057
3101
1006
506
3326
3732
406
2103
1089
3480
766
646
1051
2750
1464
1071
27
809
1373
1573
232
3974
3175
1091
2141
3349
3601
609
1530
4072
2242
1676
404
1
1897
150
510
4002
3931
1661
1545
2242
2059
1166
3085
2016
3925
932
2980
2036
2891
525
1186
1722
3778
3726
865
2127
787
420
1524
1194
212
2643
1930
637
2732
964
730
1129
543
2305
390
1792
2026
1746
3157
2567
3635
3720
1974
357
1174
3780
3294
2512
3240
2558
1022
3280
1843
3625
1262
2865
3574
2147
3949
2687
57
2228
3808
1736
2766
1776
3986
1331
2407
3901
216
978
2690
1301
1375
1232
1281
3701
637
1395
891
1357
406
928
1980
3163
3857
508
2480
2546
297
1162
3167
1593
273
1436
1283
3685
1262
218
3433
1178
519
2095
3437
940
1089
3107
3806
611
1486
3079
2867
569
1002
49
3982
1139
724
2966
1135
2173
1605
3359
3935
1879
2925
575
2042
63
1595
2238
2153
2331
3054
2361
2357
2937
1077
968
2452
3026
1313
1133
2905
3073
2341
73
1577
3585
730
3046
3409
1397
2673
275
3458
3173
1809
2151
192
323
3109
1782
2829
33
2522
347
3361
2222
2053
2119
1924
3502
3891
1813
494
3576
2472
2284
1829
154
3113
2917
329
3784
853
2655
1871
3018
2770
1186
1891
3260
3901
115
2649
3548
1938
754
3534
2939
3814
3451
825
1853
4002
512
1492
2530
2911
2119
1176
33
4004
3262
490
2897
998
4000
706
3635
3383
2083
1752
3530
2881
998
629
3453
1990
893
79
204
1504
1873
1980
271
1077
2833
2895
3111
2659
3339
196
1651
841
3272
3197
1962
3732
3980
2395
1547
3834
3883
3258
1990
3875
1484
287
515
386
3915
1845
3087
613
1799
2121
3728
1365
898
3212
1200
1714
1387
775
672
1256
3068
2988
984
1051
388
1482
2032
1748
2877
3089
3044
281
3468
1214
1758
3131
254
1345
1591
793
204
3353
3516
837
2865
2633
3167
1819
3917
408
1974
55
1178
216
3776
3270
2873
2468
633
762
3089
2573
1299
3373
3913
1240
4040
3441
1651
650
1843
2768
492
1514
2024
1522
809
2125
79
3181
3351
1522
466
2704
2909
809
2095
825
1613
2633
1418
3359
2063
355
3623
3292
1293
3701
3627
958
3101
1768
565
1333
2698
3806
783
2948
3693
3953
2147
3121
3720
1391
2089
305
3776
3911
71
3925
3472
154
831
3534
2788
353
3314
3955
3881
3204
2510
1512
1841
1724
1295
3008
2865
186
140
1792
4030
2381
2371
3679
865
1625
2593
2137
1524
3284
283
2929
250
2397
555
3377
3941
3758
1686
700
3625
2309
2173
1490
1496
2887
3986
1478
3867
2167
678
1682
150
1756
861
206
2583
1369
531
2256
2339
1190
1651
150
2464
2238
1065
3371
1238
736
3395
3806
55
900
240
2907
690
67
2778
3433
3206
2673
2262
682
1212
3121
3409
982
1758
1274
1805
65
1224
2135
631
1758
2845
400
980
61
1547
950
2341
1448
297
3500
1478
732
1792
3266
254
1214
3961
3320
1722
2220
2313
1688
3875
2302
2732
2178
2274
2635
1919
3355
3351
232
2550
3135
1027
2036
1843
1424
2383
506
2714
3058
3008
781
174
2821
2746
1059
2099
2661
2482
2673
1853
3889
2845
1365
1543
136
3522
2319
3181
932
2405
3939
1234
1238
3113
779
2117
867
3687
3125
1220
2706
3252
3242
2550
4082
1750
208
404
559
3016
119
3711
3316
31
3113
3726
2716
1377
379
196
722
53
2367
3429
2224
261
2077
1422
1797
1988
2274
377
450
3909
27
2381
2673
976
1928
506
2988
2425
57
1458
2266
3903
829
2772
87
1321
3341
3572
3889
1206
3895
2976
4026
492
1801
271
4050
1444
3933
1180
3284
3770
2055
2968
966
220
543
1478
3139
3679
254
3401
2730
2020
1734
1659
2772
912
2268
59
281
3268
2216
3220
3760
3718
3879
1909
1490
2625
3425
1829
2488
4044
107
1202
2939
2294
3326
984
2802
779
1105
3022
1728
2399
2059
3732
1331
3859
103
2450
3667
4058
771
2286
2085
2270
3568
2917
1331
3766
1452
1097
2841
1424
1295
1299
938
3179
3266
4010
2796
1212
1960
3558
206
3982
3312
2248
3528
1430
3105
2635
1377
1160
3262
111
242
3395
202
3601
1168
3520
3040
1224
3300
2436
164
2329
779
1397
3732
2119
1553
192
1401
2137
3413
1643
3857
3
1780
1299
2885
2099
1
825
2371
668
3304
2867
621
1
1149
93
3425
1698
2718
3077
962
1240
607
2244
1988
462
3669
1589
2534
1629
95
3814
2250
2030
3843
3175
3022
2055
1383
3514
1522
3742
3748
1569
2839
2802
1928
859
3959
1817
1448
1176
1315
521
2746
3540
1986
3532
3157
3056
2407
3681
1843
3970
1188
2359
4064
3204
859
3887
2750
2482
1575
551
1867
2585
3099
3552
1397
2405
946
277
3621
2024
835
1778
3111
1055
222
2448
2300
766
1466
1254
839
3663
3478
1474
2069
1000
3635
2355
1270
698
2188
4060
3369
875
1990
3945
2321
1242
2020
1093
2726
3990
321
867
2845
3804
3615
3853
2129
2738
1176
722
2567
2335
2734
83
579
1583
3300
865
2010
3919
2514
1867
3480
2208
635
1960
3322
3697
345
1970
2567
2974
3847
4072
2248
3580
502
2192
736
2718
752
3351
785
1514
194
2734
1827
3599
2698
2105
2468
579
3326
2280
1262
1978
3951
2847
575
2393
1391
3326
1869
2184
2659
3268
2857
1970
3613
4038
1883
2756
1053
277
2022
2952
1238
2520
3911
3959
1212
321
2865
2171
3375
2939
1938
224
1924
587
1982
291
1758
1555
2327
803
2677
2046
690
2355
3516
2256
791
775
2804
2744
115
1805
1786
2510
2748
668
2847
549
1289
3693
3014
2276
315
1940
1387
1266
627
2571
136
1887
1323
404
3324
359
2204
2603
2055
2147
827
21
742
3661
561
1655
883
2093
3697
2419
1954
1218
3365
81
2681
3840
3451
210
3401
2063
1879
2532
1887
267
2389
442
3905
65
2909
3597
3530
3062
3974
2371
1387
2133
1617
2004
2855
1002
1305
500
2611
414
1857
849
1387
3762
2349
3393
769
1700
3832
2075
2669
3266
3655
3262
35
2022
871
998
301
948
4084
1055
1797
3528
2675
3595
3750
1847
2698
2208
3296
3808
1024
3929
603
2389
1470
4024
484
3433
1518
19
3726
3746
228
1625
2371
3028
1795
289
805
1216
2550
1226
3278
2512
1065
1607
3199
3909
4050
246
71
803
571
2518
2121
1641
1446
1174
2024
3494
817
2425
1512
2036
690
1948
3014
2008
2933
3361
1369
3288
817
2365
1133
2633
3427
1258
252
3058
508
3901
1919
644
3135
978
85
1984
668
1776
3560
3623
4036
3873
420
3754
2952
1270
3274
3822
2528
63
232
2565
625
1145
1162
2937
3970
3641
1291
2180
111
2063
3373
2806
3377
2631
2020
1486
1151
1291
1416
1444
3262
2446
3580
329
2730
1291
2919
2748
2814
1615
2919
1343
1307
3627
3806
4046
271
1049
3115
206
1137
2526
2524
2399
79
277
521
3135
3673
2440
785
1087
3379
3077
1573
1200
3026
623
1768
1659
1772
3941
1389
2123
3617
448
1571
2873
1274
2133
3899
1113
1365
2621
138
1891
2371
2361
1982
3730
1403
2034
2687
285
1097
474
1932
3665
2869
1651
561
3042
2917
2998
3965
1274
1829
3732
1395
3925
1734
3470
1420
3865
2065
946
1041
750
3542
2964
1885
1478
1428
807
2528
3488
1736
1466
811
662
3423
127
2552
3885
259
510
2621
3075
2816
2018
1645
2321
1734
1222
1948
1297
702
77
3417
2528
3026
1758
2351
573
281
1141
2099
3075
3724
1762
3736
1442
3276
3276
3339
3419
3244
484
3752
3925
3355
3214
2123
1079
2756
1428
611
2502
3397
766
2075
714
644
2939
3077
2897
2831
2560
762
3792
31
2923
3397
3324
2669
575
3832
2200
2178
1545
781
2506
928
3963
257
2839
2679
3026
2629
2518
3117
2740
2341
170
377
2260
3574
7
1591
2929
2365
716
2712
3911
246
1405
2067
680
789
2282
3169
3453
3014
2365
2232
756
3633
1174
2490
355
1154
1913
875
2690
2000
914
1160
948
2276
1581
349
3736
1774
1278
2883
3703
962
196
898
2167
2141
3851
3822
543
3798
2202
1369
962
2081
1813
2353
2641
1835
2450
3506
3607
339
795
648
1960
1285
3351
3703
1863
186
1718
1
1621
1553
3544
980
3536
3056
3814
1377
1734
2490
998
851
1218
1113
335
3603
150
513
2252
1940
1053
1081
295
1702
3570
827
1109
2808
1262
472
93
2681
2309
3552
3183
472
704
2712
478
3709
2583
1978
1553
1946
771
1008
3324
2000
1143
3337
2722
2452
2556
3790
2182
567
2444
168
980
33
3343
823
3399
2016
1281
545
2294
494
1704
3802
1851
97
2849
2772
1480
3486
3927
2909
2712
1782
3859
2236
2655
3062
2048
912
2498
555
2714
2873
3705
3925
2585
1301
904
1859
3607
2482
2742
619
1986
2109
2913
1347
3861
1285
1333
85
365
1871
2048
1123
1220
2409
1018
720
3407
904
3415
3836
970
39
3224
2123
3411
494
3540
1924
2933
295
2861
3510
416
1954
2262
783
2530
3046
343
750
214
1381
996
873
3478
1313
1149
1438
154
1476
730
265
2716
2812
1246
3925
3314
1256
1397
1994
2716
768
3893
3107
3425
3419
2498
25
3038
2861
1623
3355
4076
3915
486
4034
706
1178
843
859
432
1990
3151
3994
3447
3339
1716
1127
678
1958
4074
1077
2899
1103
3329
3010
1303
1530
847
1730
831
2395
1833
1881
3318
265
305
3062
3381
2028
3187
3415
1998
914
345
3383
3006
438
4018
4068
2341
2875
1484
2478
827
1772
2440
696
3744
2099
712
2685
831
2861
2970
3173
3266
4026
2093
2381
3633
2053
970
1434
1853
7
847
1944
1986
1178
1258
1736
3585
1228
1359
3574
3929
1184
2845
2395
750
4014
2079
2373
936
3451
2139
1603
1756
500
410
1224
35
1534
2254
3609
827
2873
3746
2419
2399
2452
3562
2599
2538
3520
1143
1807
3937
37
2411
2710
3796
305
871
2702
2111
2532
289
2607
335
113
2393
3720
2520
2544
3238
2375
1895
3591
1645
3764
2427
3949
1182
3212
1069
1653
3355
2542
2198
2575
730
2909
1043
1321
2240
2782
3905
327
162
2796
2335
1365
4074
791
1758
2909
1938
619
3141
3022
1750
1236
2605
2250
656
712
3965
1516
2083
2353
3292
2272
1996
2554
2567
1952
3631
2996
668
2952
3585
138
4086
831
148
1698
456
1994
771
180
3439
2730
1768
2411
660
686
1895
4090
2558
623
2665
2819
1339
2417
4036
142
2573
472
2976
1720
3117
4056
2018
885
3329
817
3357
1986
492
1355
1615
404
309
2806
2774
3391
2121
1494
1063
1379
2641
204
2943
545
3395
3089
3560
3984
1663
2254
1256
1248
867
3996
4028
891
87
3312
361
756
3867
271
3905
3419
3504
1805
3639
3679
2696
369
3845
2937
1065
2943
3679
1940
1276
2677
2192
3274
4002
132
1970
1311
3838
1647
1966
1051
2577
670
2980
2494
3236
1514
1230
2460
3385
1563
1345
2063
1956
942
2921
2147
450
773
1472
795
3048
3050
2629
3020
1010
952
13
3173
2998
3558
1359
3339
220
47
2935
2403
3724
950
3893
1930
553
1147
1996
3927
2943
1748
3752
3697
1276
1206
547
3711
4002
551
75
2974
2169
2690
3214
1099
1750
1002
3901
2038
3280
2740
53
3849
3974
3357
863
3826
2230
3792
2407
279
2867
1127
222
3159
535
1105
1897
303
2558
3927
2341
1085
2873
1603
2242
847
436
3796
3324
3855
3631
1875
1295
4018
1133
373
3369
2687
222
2288
1901
3566
1381
1139
2359
317
1105
1353
454
3163
881
3109
297
3917
3016
3887
4016
347
2943
3306
1476
597
521
396
1585
2087
768
1357
1825
357
3417
2234
2173
2903
1113
3820
4046
216
1559
236
1760
968
3439
3077
1968
3453
2829
4072
771
3980
2687
3941
3843
3790
2343
2202
2427
3921
1315
3772
2089
49
2254
825
3965
847
2855
3514
1162
3161
3484
1670
224
3877
2071
595
867
1869
1149
1186
1536
3208
2309
125
891
4014
1442
2855
2627
2319
236
3117
2875
2730
4082
3889
3385
2290
2494
1738
140
3647
478
136
178
3068
138
1559
134
2976
3417
3040
144
1970
1375
3532
2425
563
2460
3601
1845
182
754
3472
3915
2133
3413
3893
1333
1524
1057
3585
1464
2153
3627
3691
3542
3851
3246
277
3911
1285
1571
1287
3796
2760
1212
3647
63
3226
579
940
170
2069
1287
2518
1722
1486
3228
136
3693
1166
877
1895
3584
3611
537
1788
1018
2232
2841
1474
3750
1031
1232
1700
3724
1651
3260
873
2446
232
2407
2857
1635
3691
3304
3673
1442
2397
1377
857
1702
3355
1448
1343
208
1762
2107
3242
335
3282
3157
1746
3435
3405
1488
3004
3195
1297
1561
394
1131
2653
1911
3695
3256
35
468
2714
458
3659
2720
3081
3568
2220
444
2030
1162
1708
841
2476
573
3476
1807
2883
15
3524
59
2169
3716
3399
2881
1303
434
515
3528
1621
986
2234
3859
688
2726
1837
41
2427
3304
109
176
2823
3959
3905
2609
623
428
1702
2833
3252
1151
1978
2623
2524
371
3818
962
595
3637
2956
1678
510
843
1758
895
3383
1666
1325
1075
2385
3927
2446
3855
2639
3236
1303
3877
1897
2817
2913
1025
1027
1466
1377
914
2851
2002
7
1551
1333
557
1293
1073
1988
3867
1655
2200
1770
1611
125
841
1543
2528
952
2446
833
1946
1756
535
2528
1359
3466
3657
2482
347
2419
4056
1309
2734
974
2024
1926
3732
3651
664
277
1526
236
2561
1549
519
3393
285
4012
920
666
1621
2085
3591
1047
559
2857
1684
2290
1063
2264
1069
2679
914
4078
3655
3580
3185
3020
4034
2790
1438
734
2022
33
730
3974
3377
1678
2129
3951
1738
1206
2808
839
2821
1545
3750
3210
3226
914
3500
2863
474
3776
3818
2438
2863
295
1867
706
2167
3982
1534
3121
2355
698
1573
3615
1204
2248
2204
5
432
1795
764
95
2157
2200
1593
17
3365
2131
863
375
793
470
3068
2083
339
2911
2621
3008
1490
2786
3740
3949
37
2710
2411
3389
1839
930
637
797
2687
1303
914
4088
904
3740
2526
3957
1450
121
1341
2169
3524
1934
259
3238
2232
3538
3425
1164
1585
3258
1506
1166
2708
1809
2627
3375
668
19
1198
3965
3933
2661
2157
3714
1762
3377
2946
3060
3947
2768
371
1772
1539
19
3451
863
87
1204
698
1672
1855
1166
837
1403
1158
2909
847
146
2621
3818
3657
3068
1534
2474
3355
1184
3760
3234
3649
2538
2182
1617
1561
1512
1347
932
27
3032
1008
2375
176
1474
2816
498
1520
3274
3897
1174
2746
3292
2530
1107
3147
1412
2909
224
2722
4004
3972
2869
3877
2409
692
3832
438
1585
2492
2051
3312
2643
428
1561
3091
3310
1585
1944
3230
506
1750
2460
2405
1466
779
1631
2131
1315
1742
3002
214
103
2155
3504
1365
3691
1913
2821
2278
113
1464
3685
21
2627
492
1748
416
1970
3568
359
3724
398
1156
1323
4072
3083
480
1000
4056
230
311
508
1204
1260
4050
4082
2687
2685
646
3373
3246
1496
1228
3949
1258
3246
504
605
887
3752
3222
603
3345
2744
639
1041
543
3738
2750
2817
2256
2212
720
240
190
2659
744
2798
1309
777
3810
2423
1903
1508
2685
843
2558
3155
1024
3044
456
2897
2030
2038
3407
2829
363
3393
3911
2409
263
968
3179
916
766
1117
3482
3034
3976
3544
2724
51
557
85
4004
609
1617
3554
857
3010
1581
3754
3810
1220
716
2079
3405
2510
847
3470
3570
1313
2377
3472
3685
2909
373
1385
1319
2002
3518
2450
902
130
1790
1236
2046
3974
2300
3752
2857
3883
2712
3941
1835
1004
2343
2806
3796
1851
1881
140
321
3671
1778
2391
303
2960
3804
410
452
2514
3387
976
2230
1422
484
1139
702
3308
1158
2819
3927
1893
406
2923
154
448
3409
458
184
1595
3202
2123
2692
706
787
752
3405
2891
1147
1347
883
2022
2224
2472
3992
2778
494
3113
1907
1454
313
355
2429
1522
1778
595
4074
855
3538
2333
4056
2847
2391
1716
3830
87
3439
2482
1988
2502
3897
1041
1188
1793
2147
3724
59
69
1311
2508
2821
2603
468
176
3597
4002
1444
883
1819
2216
2379
3294
2550
1071
452
1805
1778
1940
2220
1676
823
3990
1688
3722
1381
1835
355
204
3832
3121
3982
1371
3921
3786
2895
581
2599
3647
2238
2470
2482
3218
3153
3365
2186
1131
2395
3798
3893
1428
19
2226
3667
2911
390
440
932
127
756
3238
1518
3149
4036
2565
1313
105
3339
3899
3542
2321
633
35
1948
3298
2010
3421
2716
603
2563
4008
791
2980
474
2962
2115
3296
4094
3137
3064
779
2639
3488
1956
3099
1942
3282
2171
2905
361
537
579
1460
1597
3345
1502
1391
178
700
2466
3197
472
508
1127
934
3284
2631
3010
206
2075
3766
720
2393
3143
970
446
3492
492
2347
877
1498
331
474
178
688
648
3139
849
2254
801
2923
1299
3494
3244
3199
3312
4064
4078
1303
1827
204
3458
2298
109
549
2998
2810
3339
561
3443
1170
269
91
863
1625
1432
1827
2111
69
2750
440
3085
1490
1524
305
4092
1434
571
3840
849
222
752
1343
412
3816
101
273
1147
708
4048
2958
426
1014
2049
3419
1057
2982
259
2309
4058
4068
946
3927
2653
593
1305
1365
3439
1905
1928
4086
2698
541
517
2381
3736
1141
3516
1922
381
3532
3103
1539
1238
1365
3516
3139
87
2510
3036
684
2990
2341
1782
2186
2683
3133
418
3687
1776
1534
2968
779
1349
1504
1218
617
2974
2819
1821
369
1970
756
1623
1742
2839
2976
2161
2569
3826
486
3191
3726
2244
3790
2490
1803
1212
3046
192
3917
918
1510
2518
3889
1377
2611
3258
3002
1774
9
373
3143
3169
4050
4016
1615
2734
3210
3923
642
982
2353
2175
4008
285
3766
3550
1639
1746
4040
2607
2300
3828
3226
813
2113
2339
2895
2681
3865
2740
815
2518
3714
587
2212
956
3359
295
2595
3663
2278
2423
4040
3381
1587
1412
3183
4066
154
75
1178
293
2436
2282
3786
869
2635
1448
3687
3693
2137
1849
2994
2381
2196
107
2569
1551
3353
3268
1928
2841
2865
2234
1575
1887
2718
4040
138
3891
3379
607
506
1899
3373
442
2613
918
468
1869
2391
3901
712
3568
3443
3006
3641
2752
569
1917
3520
1583
3272
3982
506
4064
3657
113
150
686
3129
2901
182
79
1919
430
460
4090
3967
3772
4018
2040
2669
2544
1712
760
2248
3965
3609
1319
1788
1686
3673
863
315
4048
1903
2048
224
502
1583
1790
222
2671
444
2359
2847
220
337
1508
837
958
3022
3508
972
583
3953
3974
1301
1728
1299
3204
3972
1924
795
1268
2444
317
3496
3018
1553
2014
3891
2712
1151
3951
781
246
1367
1496
2133
1998
2286
2754
2139
690
406
2561
3191
3016
875
2512
11
3127
3873
621
704
1077
2617
2804
2278
2943
2036
3498
1228
101
1283
2613
811
2302
2034
2498
1397
589
3345
3996
142
2506
857
2385
1827
678
2488
2663
597
2093
3897
4074
4066
3349
2597
75
3808
3119
3234
3580
1966
1476
958
1414
2099
2843
3742
1218
2161
1079
478
2651
3357
585
3179
1494
3661
309
2323
3978
51
3290
1966
1863
3994
1764
970
3252
942
2742
2730
2260
3881
3371
3383
446
2341
1928
3125
2381
2488
1285
2286
1944
926
760
1948
238
3830
424
21
2595
1643
2377
4090
355
1460
3038
2488
1792
1623
2048
166
912
3887
3959
3703
2929
3040
386
849
75
506
3324
1815
3468
3552
2903
383
1885
464
2242
1178
3324
3187
1988
2153
208
1232
3129
579
599
2268
2458
571
269
3
3202
2057
3000
2762
1353
2063
2816
728
3068
3369
1045
1869
2210
446
517
1018
1188
3333
2095
716
1035
2103
2637
2494
3869
1653
972
3746
2901
2558
746
1141
130
386
2552
367
37
1004
2778
758
962
1623
1752
2383
224
363
916
3520
785
1698
2020
1829
3538
1756
1319
93
1907
273
422
2323
351
2163
198
3841
1811
1879
1958
3711
3187
3169
768
2970
3036
1127
3492
1305
3734
1121
2954
2353
2573
2722
914
575
3685
2419
4042
968
3532
1801
3913
3522
4040
2053
2714
3691
2915
150
3195
2917
1410
3891
1381
246
1468
2512
1385
3587
781
2095
93
3800
2970
1022
2498
978
3266
1363
1944
3206
1420
2514
1930
1609
1694
539
1748
1917
3208
4012
2889
3861
1283
1877
2357
2960
1831
980
789
1319
2373
3123
398
3568
3931
1397
1581
140
635
402
3996
2790
3512
2567
2661
648
37
900
964
3464
218
1865
926
2540
3427
323
1659
992
3127
3474
966
3641
230
2210
3135
3585
4018
619
1534
3788
4062
748
2228
1397
3492
3199
196
710
1778
3921
3673
1438
1575
2889
2099
1051
849
2046
3115
351
2488
3371
986
2067
3343
3244
1988
307
311
3540
4028
3115
1891
57
2821
1901
3724
1718
3538
924
3218
3191
107
1053
3195
2069
3976
55
1014
1756
3224
202
1278
2552
1835
2448
2706
267
2679
3183
2409
1601
3022
224
3042
1532
2643
910
1430
728
3792
29
1133
3778
771
3506
893
289
2280
1355
1385
2286
1518
3258
2907
3556
422
1029
2744
2486
4084
2589
3431
3512
2304
3496
3697
3250
3345
1168
426
1607
595
140
2165
1944
204
625
3742
928
3843
4042
1113
2915
2518
523
132
2000
226
2849
920
1244
4034
71
4092
3038
3639
1855
367
2415
2002
2994
3587
1901
146
2051
2490
1595
2010
1732
1291
1206
2941
2802
1659
2028
960
1746
789
730
4020
176
2569
2915
1482
1795
2228
166
2159
2165
59
1835
1780
674
3331
3794
2137
1464
2752
920
3403
2595
3683
760
3413
3494
867
291
1553
3280
1714
224
170
3359
1922
1706
3909
2974
1020
3857
3740
3292
4076
3260
1772
341
228
3645
1982
1998
3494
3224
529
2014
2462
1532
3548
2500
768
2393
343
2502
2317
1657
1426
283
2304
388
1190
3933
1956
2984
1145
2746
2123
1073
458
3536
2371
3345
1486
3458
1698
2192
2625
2573
377
3718
3020
3772
817
2284
1913
1274
4094
4022
2617
3994
4012
3391
2290
3165
1343
3052
2758
504
3077
1113
2722
2230
1551
746
19
974
97
1333
4034
2716
412
3290
2276
2687
1647
1839
3399
1738
49
2157
172
986
1893
2333
3516
762
3843
1855
1242
2964
2863
3210
589
3026
682
2663
2998
1383
567
1230
3857
3659
1002
688
1750
1968
1252
1397
2323
1895
1246
1782
4026
313
3621
3075
2077
2230
1430
2891
930
2230
2182
605
1732
3054
3099
1982
4026
2359
404
2526
375
1049
4034
59
851
2276
982
1778
59
1877
3766
373
1315
807
843
1109
2077
2438
1091
853
111
1724
3838
1869
906
1498
192
3075
3820
3840
1377
1619
2107
3238
2980
3695
3861
347
1319
3169
220
3389
2643
3389
1694
164
3329
3998
2631
4040
2770
438
2333
1027
1339
1524
1587
3820
1
186
2798
2262
3631
3377
1478
3863
2274
968
184
1113
1782
1452
3324
123
2496
458
3836
2446
2083
908
644
200
1061
2591
1853
3720
3337
2665
3373
1135
3758
250
3816
1851
2575
1369
2059
791
2436
2704
1887
2605
2147
402
363
2061
1647
1821
3572
277
3220
2587
3778
15
627
202
4044
3365
621
1541
119
3125
585
3365
2887
2474
2008
3411
1474
186
1226
2282
954
9
3254
87
764
2482
1676
4038
2464
2038
325
2153
3766
2573
45
2575
3639
1579
3959
2567
2812
1928
2913
3044
2573
492
321
3387
2053
1861
2948
3836
2937
948
2669
2260
2004
2335
2238
1464
3333
2512
3587
607
3961
2573
3669
3472
867
3240
510
3030
69
1585
2063
3984
508
607
650
1484
968
1649
194
2444
2178
3530
2460
101
2623
2629
2095
3724
2819
964
1984
1
1724
1097
2127
2655
148
3726
2994
1668
2812
426
1998
1494
4020
2024
696
1536
4054
1559
2988
1712
2595
3169
1966
2681
3841
3972
2379
2081
351
3728
2877
2544
3550
2103
2534
1492
3720
1657
1778
1968
1950
2234
1234
1547
2198
1095
3308
67
1317
1819
1742
1903
3506
1115
639
2155
3572
160
531
1077
440
1591
416
2855
2808
2367
1190
2478
2309
3863
1702
3653
2456
2125
3165
617
3895
3105
1478
113
3258
3395
1686
3899
3746
3679
1948
1712
3677
688
1151
3635
3405
1615
1530
1706
4006
1073
1031
3326
2647
633
1996
180
152
1639
3494
3024
2121
982
752
1341
398
3324
1934
3631
3883
2550
769
585
2766
2593
3306
1837
2264
3869
2730
2423
2307
3683
37
3653
3764
2931
823
2645
555
3097
3018
1434
2210
1295
857
764
2375
2657
571
3466
1299
1063
444
3790
2403
1887
1466
849
3335
910
43
2671
1006
2754
1424
2877
3401
2778
625
2099
1534
1035
2456
789
2405
1557
1786
908
2667
1025
232
3089
1004
1311
1081
3260
3445
1827
1305
3052
3546
2768
1998
1524
2552
2849
3611
234
3419
1635
760
3867
331
2990
1145
3181
2810
1476
1666
1355
1139
2460
3016
617
2659
3431
1688
390
1932
1202
1946
2575
2415
33
873
1990
3474
633
3490
2708
3754
2427
3798
2931
3593
3903
1222
3766
1297
150
3705
3861
797
224
2817
3697
3345
3413
1478
1135
1230
748
1162
2323
2085
1014
980
2337
2468
3641
1295
1055
2133
2270
1736
2149
2097
3095
791
1137
2748
3798
3077
3718
2067
200
1655
700
2167
3822
1790
351
3500
1867
1033
3512
2311
3653
1972
1478
297
954
988
1272
958
1383
2865
1950
1188
2996
2577
3367
186
3711
1803
956
1113
79
1502
117
607
2129
3869
3393
3052
5
2655
3982
3105
831
2548
2526
1944
3716
3550
3109
817
865
3240
1399
1035
1099
1168
256
3268
3621
2946
394
1371
2532
339
706
1462
2323
2466
1837
3403
2004
3375
2101
2875
3772
1966
827
3582
2935
319
2286
3012
375
3667
766
2377
4050
1952
283
365
966
3191
1627
1022
2026
2242
3429
3308
222
369
2042
964
1793
968
3796
398
3216
3570
1024
434
3091
136
3681
2784
3318
3810
1922
1373
1750
2325
1478
1254
2421
2323
1224
813
3943
2369
2653
541
2841
2522
2335
2192
3802
1172
2147
1571
285
4004
2240
81
934
3089
105
1145
3945
150
3681
1968
71
3619
2548
1424
2417
309
3804
857
609
1514
3143
2276
777
1085
2103
1385
817
4076
254
1101
2266
3401
3566
396
2901
3119
2486
1805
3800
2613
2659
2700
166
1399
3333
3326
3000
555
3552
3042
902
200
492
3177
1031
3212
1678
9
3917
1877
1405
1843
3492
1849
2653
1416
2438
3087
3792
1216
4070
2200
3919
2956
3798
1835
1948
2560
3087
3782
424
1466
3845
1502
1363
3250
347
1522
1285
2536
1661
2627
252
2133
1224
1809
1966
3905
3701
730
1095
2941
3478
2077
2554
2119
601
1345
1708
3907
3840
71
510
3631
3591
793
1111
3861
1551
3824
2837
2962
1018
1706
2456
1518
3568
3052
1627
623
1198
315
91
1476
379
1069
228
988
3099
3768
1752
3266
813
3582
267
3451
61
2305
1557
2984
2663
194
3522
3661
639
3679
3685
3812
2808
1998
3161
3951
3004
1970
2099
2633
2028
2022
1127
2188
3254
1843
815
1655
958
1190
230
3014
4018
83
192
2895
1297
2254
3361
633
553
2008
1490
3294
1484
2020
1520
1930
3655
1440
1371
666
1012
2829
3264
1754
1623
2147
2307
2996
188
1502
2647
2917
1325
2768
3580
700
162
291
2885
3155
1784
1186
3714
3447
1347
1561
1770
1795
168
1940
938
2383
1341
222
3288
156
1147
1672
4026
2752
33
3455
3838
2506
2454
994
1186
339
2484
3439
361
950
3591
97
176
2804
2770
2722
837
3343
2794
351
1149
3883
1557
3133
2333
2282
144
238
1587
3266
635
3331
1712
1607
390
2790
2796
1008
3945
190
45
2075
2405
2240
321
3105
2792
2315
704
1915
2073
1956
2881
4034
3591
3204
3520
4036
2448
1784
2040
2315
2103
662
2339
3881
7
1099
902
83
1266
1502
1498
4020
1782
698
593
1377
1234
1835
2466
1972
3242
3335
3328
3425
3778
3707
1117
2077
65
2704
2687
2770
1085
1545
1555
2738
2089
2405
861
950
3466
1744
1520
3335
2155
2702
1887
2810
99
79
1492
1645
1012
1792
736
476
700
652
1031
658
587
3369
2794
4000
1841
797
1438
1109
891
656
654
3931
2901
633
154
1903
267
869
1780
234
1069
2105
488
353
1285
1833
2103
2196
3796
3965
2974
3004
1524
1145
279
1623
1577
2810
3754
319
2226
3552
1099
654
2937
3056
2327
3077
3843
2157
3435
912
1768
1166
702
2855
3474
1472
87
1797
2440
3506
2419
458
3379
2008
2752
31
2821
105
3278
3675
1
799
4020
2611
3681
1623
3256
2403
662
1633
1192
2230
1684
1881
21
1930
2567
2014
3587
2468
2252
2778
805
1694
81
371
1452
2417
3578
1412
1291
2730
2706
1954
1341
1363
428
1272
2492
1055
3212
1553
4042
3155
1414
3679
551
1020
2438
1704
1736
946
2696
2696
325
2877
567
3222
1924
182
2061
2222
3883
394
2442
1601
2361
331
3429
422
3953
4090
240
3476
1335
2518
2722
1857
29
3250
621
1553
2014
952
2135
652
325
1319
2990
1706
3099
918
3443
4072
3814
434
1915
3550
5
1823
1541
3901
37
1176
3173
3820
1206
3306
3337
2034
1208
3044
3794
1299
2333
2288
1266
373
3593
283
232
1174
452
3419
1635
2048
291
59
2375
1922
402
2740
3814
3798
1262
631
825
712
742
1053
3740
1764
2661
2645
3738
1222
2524
2831
1287
2905
1583
2498
1307
2061
827
585
2184
79
1297
2351
3786
202
1438
1361
2901
851
3447
1004
3623
646
3173
879
1085
3560
4026
1627
506
2776
3462
1184
31
1462
3585
1069
684
3214
3270
972
3582
293
710
1280
3375
2956
2718
2504
1611
2736
781
3451
1327
2780
3982
2415
3189
3623
1254
3133
2669
1468
1867
2943
2452
383
107
2565
2700
3359
1442
918
2752
639
2359
3595
3984
2565
1837
1696
236
1595
2583
3030
281
1643
3302
2087
3107
1299
2518
3504
1436
188
2236
3720
4086
2667
2216
1706
198
3379
3953
2429
1059
313
3754
2016
3957
3810
3294
412
2357
3724
3399
299
200
906
2994
1365
517
2284
2274
2423
914
938
3530
3099
3155
1438
2434
2343
1926
3238
904
881
1514
238
1676
1321
3589
3574
379
1754
3254
2883
27
2097
3929
3040
621
817
1508
3000
3778
910
2331
962
644
2028
2561
2309
2272
1492
2784
3619
3010
1244
1974
3669
97
3754
1301
2863
3349
1722
887
436
3792
2161
877
476
2266
1710
3528
1857
1401
2276
2488
2339
1198
440
2750
807
95
1141
1401
2758
331
3030
504
3345
2760
666
2855
1166
1944
2069
1212
29
87
3185
837
1470
1581
3853
762
1129
2937
3329
3875
1782
2184
535
936
773
639
803
2710
3820
3816
3605
2004
2252
1549
2569
2843
2927
81
1014
1349
232
2706
486
891
349
2470
1272
1202
1911
3304
2544
893
3871
988
2667
2375
2484
773
3212
1754
2238
1254
3451
2534
3806
2333
1371
1835
2319
484
1778
359
3121
3730
1387
4014
1871
3929
2454
529
984
4020
3593
2486
2240
968
2798
3349
2970
3508
1780
1875
1708
1303
2520
629
222
889
2204
1029
359
2774
452
383
2167
1722
686
11
27
2450
1379
3389
3212
1254
2690
1274
3415
2581
390
31
2415
402
3865
4006
2167
1500
2516
980
1907
964
1545
1053
1067
3889
2423
3177
1748
2490
3589
3988
1885
3195
21
377
2714
325
390
4058
2571
2986
1663
950
2946
2258
539
3548
2814
916
45
1424
2528
3111
3040
523
2583
2055
1996
1718
1766
1756
1212
2327
2365
783
1254
742
2429
3306
817
922
720
210
539
2567
3867
2778
2367
2671
2119
3149
2514
1151
3709
708
1807
2218
426
2450
257
144
1361
595
1468
5
1700
1668
91
2980
2268
1444
650
1
2446
988
3887
2641
4074
4046
1065
700
974
3385
464
85
1506
3615
3875
1863
1125
2726
140
2085
2611
196
1
2522
3534
15
1829
656
2093
1500
871
1081
1873
2498
307
2442
527
1365
1464
2417
2278
3326
1682
3427
1746
472
1154
2794
2851
357
3077
2740
3397
3095
1502
1198
3760
2617
3191
2869
2057
1460
386
1333
1974
3417
1430
1956
71
406
178
3593
1843
1047
1758
121
2008
3893
3705
1611
2621
208
3961
3911
1897
1853
1692
2040
1871
2895
4030
3073
2768
2284
535
2514
2635
686
2304
2883
220
3953
3322
1784
2276
1474
4030
2059
1801
2857
242
3155
386
47
71
2839
1853
71
1833
3891
938
2956
1200
2175
3510
4054
2379
2067
1823
2774
386
4096
3304
3587
4014
906
1268
2345
1722
617
2055
2311
359
710
293
1978
2766
93
2101
1672
2891
2399
1946
2871
738
1623
1835
394
3248
134
482
3863
781
2317
2740
871
639
1960
1805
2873
1829
3280
1522
2010
3095
194
3472
45
1077
2575
3171
531
154
3286
1051
1659
3744
3613
2087
3079
2750
2573
214
2055
3038
2371
3260
825
2139
718
1295
1133
1539
885
3024
2202
109
2629
2494
285
2240
3482
2875
3673
950
1393
3883
613
2363
1492
3272
2137
2641
1033
3318
1748
3560
1752
769
1559
928
3760
1587
1825
1692
1480
1682
4028
3570
3248
2694
587
256
2663
335
1897
652
1347
3496
1545
3764
234
2875
1434
2651
1377
962
3052
1057
587
791
2571
2542
1954
2663
3659
3179
2442
1115
3970
517
3474
3627
670
327
1613
504
990
706
2877
480
377
2522
916
777
1305
950
222
3451
535
2744
261
222
3091
4046
2377
2522
115
3470
1954
164
1585
3466
190
184
2647
2355
2508
1498
3441
2929
3083
3099
2937
3945
815
2202
2442
3766
1228
3822
2925
333
2389
668
2040
1065
2020
3748
1712
3915
3627
2173
1704
2512
3528
1813
1619
1367
3415
904
3085
3208
845
127
674
2053
125
2460
2696
1131
2236
847
2978
1256
3040
3673
2448
3967
359
144
1143
4048
2943
3869
934
2675
1254
754
2613
988
2429
2091
3488
3081
3613
446
1694
2307
392
2053
3633
1327
2548
3399
3329
2774
85
4092
2577
2623
2885
2816
1151
3318
2369
2895
1936
2847
3778
2657
3893
4052
605
2643
3532
2609
3228
3077
3163
680
3230
879
3365
908
569
2405
2929
105
2085
101
803
1168
807
2083
3107
3818
3040
962
1790
2526
2788
2307
879
4032
2403
3343
3097
3177
4004
954
13
3379
2760
2728
1633
1113
3341
1311
3262
168
3965
2641
1859
2512
2819
1418
3853
2716
2452
3210
565
686
4076
3044
942
1027
508
1670
438
2147
1722
3901
3510
2875
958
2175
2526
1571
3931
2814
2268
3744
1565
2369
470
1240
3310
93
2887
1694
2268
1345
4086
744
1905
2516
345
277
3417
498
1018
2284
2268
2883
2683
2754
541
3691
347
918
119
3915
1613
1710
3935
3695
1930
849
700
1472
3645
3631
1031
2327
363
1321
1754
3159
1164
198
2722
2192
1214
785
2726
1127
1835
1873
277
1024
4010
339
448
3151
1736
1403
269
3262
2355
3889
787
3800
1029
1357
3659
2941
2800
1786
3298
2839
1025
2760
4056
1984
1434
379
1770
1393
2758
2690
738
2391
174
220
3978
893
434
2226
1748
1022
2371
615
3697
388
1631
4002
1545
1478
259
2165
2323
2806
2718
3038
3550
2889
2675
4008
541
35
424
718
3653
41
3185
226
89
2111
1607
3419
15
111
637
53
3945
2099
2006
869
2544
1260
2317
3306
3544
1367
89
2597
1748
178
1891
3331
1970
3466
607
815
456
2671
200
2133
1190
2718
3653
3832
1482
2099
783
2343
3883
1889
1162
2051
1258
4030
1996
2425
3587
2300
2121
2544
738
2883
3701
2343
3802
29
3403
85
559
3072
966
1924
2111
1772
2972
2808
1895
1166
1025
3290
283
2256
589
3296
2536
1303
1595
3199
406
3613
1696
3584
482
1730
2063
1014
775
758
194
2466
3365
2038
1782
502
893
323
2472
1738
3453
3163
3242
1371
200
835
2752
1448
3540
2909
2889
4058
2702
968
3347
2085
3062
47
1196
1813
2095
976
194
545
1966
928
2663
2425
563
698
3643
2579
1325
2083
1934
214
3107
254
1786
299
577
1198
3107
1907
2224
2560
4088
1020
359
3843
3095
1061
3617
3724
2357
3141
1786
1607
1512
569
1486
2401
3871
587
2389
2907
2409
714
2147
176
1998
904
1405
3738
2351
2885
331
3284
3578
3046
2012
2819
65
3443
3673
3163
1881
2145
3460
1022
3582
1260
3256
3066
1861
1776
140
1730
1047
1178
3556
2645
1349
2528
299
216
1047
3326
238
2623
140
242
418
2369
2939
700
1045
3534
2111
3683
2173
877
1391
1087
2599
3786
704
418
1236
613
3149
2278
2823
3647
3929
57
2337
2901
3411
144
3947
3849
1327
95
1387
3103
3137
960
1839
1883
1274
2028
615
3050
1559
2256
3264
2754
2325
3347
3599
2367
3345
807
694
1182
3538
3980
13
611
2825
1482
3337
3087
1952
3470
1085
773
589
1879
1960
2875
1913
3276
1272
3399
3016
617
2036
2315
478
2438
966
2744
825
2208
2899
768
1506
3792
849
831
3155
2748
982
2429
2302
1901
3085
519
1635
1482
1151
3016
2385
3724
2776
3830
4086
49
4006
1361
3623
138
2079
4086
3558
246
1496
1938
988
1790
1270
1641
3324
2103
89
7
1799
3649
2472
2988
3683
4040
3212
2754
1752
2167
1752
2046
2913
3841
2020
1581
2915
4010
3691
3171
3901
1252
3425
3522
648
3177
83
3026
1565
982
688
315
3879
3877
519
3802
2117
3814
1049
3703
869
2915
2373
2200
172
1790
371
228
1262
2175
3155
1095
3169
3421
408
512
662
2927
2829
2508
3423
3532
27
2367
3206
3401
3853
3369
3040
3167
442
1865
4036
2885
1936
3841
2653
3843
220
3816
43
2488
1801
39
970
2679
3953
238
1180
3298
252
400
1827
140
418
3972
1674
1635
156
813
1377
1573
704
55
2597
3445
1393
3720
2462
968
1672
3318
1311
2008
381
3079
1061
3447
4044
2530
4066
1428
1436
617
2123
1377
740
3532
773
57
1692
873
3250
232
1694
1248
1478
1502
3653
849
2321
3665
3248
1726
517
2903
2536
398
1369
660
4004
1700
2804
958
3889
2196
3587
2046
3068
3258
2474
3955
3994
436
1498
2821
162
4008
281
4076
2389
887
2899
1532
3260
1821
609
1137
4012
502
1472
2238
3500
337
1299
2115
2921
2468
27
4002
865
2040
1661
3079
2780
2079
1351
1436
2909
1633
3961
2093
3062
1960
3986
4058
283
1514
1107
3163
766
2165
1412
3889
105
2268
1008
1968
3623
1563
2702
1976
2022
2399
1240
3445
811
3343
3544
916
1119
1901
480
1450
1530
1442
1954
1520
2935
3750
1663
502
912
3363
2131
918
1018
2026
1710
1438
2651
1595
1772
2490
2218
1651
2188
1222
3326
2829
2284
1035
1468
2536
631
2157
75
2246
1397
789
613
3083
305
2466
799
307
3157
496
3615
1474
1016
1188
3508
960
2823
762
740
1528
513
4042
115
2869
539
1571
3871
1879
2067
1067
1343
744
1190
2175
3603
3028
680
2750
1105
3697
1434
3193
1649
577
1643
1176
2113
4080
2687
2307
2210
3897
3893
2482
1609
3189
2230
895
3343
2373
3391
2339
3389
482
3361
1541
2756
2026
2530
263
3161
4096
2159
164
3316
1797
4044
3000
3849
2698
2077
3091
31
176
2839
2147
666
3776
3812
1448
1
831
3740
3189
1305
335
4050
553
2212
2065
2089
1571
1331
3173
3411
2992
1893
3302
146
1109
3522
2323
2899
3113
922
2708
3379
1444
1422
2379
2585
3137
3492
696
3355
152
2444
3907
257
3266
2730
791
69
1327
317
1571
2304
1905
3615
3036
920
1571
1464
841
2968
1742
581
3568
2851
1412
3197
605
2157
2159
2669
1875
2244
541
349
1897
1317
1258
690
1718
2661
2613
3292
1627
2188
2061
3028
1528
4066
2387
803
484
1452
2133
1863
557
2609
2544
595
1301
4088
2004
1962
3131
2117
3175
2188
2643
1458
1676
2262
3119
3901
2407
928
1458
3754
702
1976
2276
2304
2812
17
2639
3127
3861
2583
1539
1135
4070
244
349
1974
2051
500
2375
2526
1780
831
2653
95
369
954
3925
3601
3248
3246
1907
2071
859
670
1532
3417
1553
2496
263
829
2238
2556
4052
2546
9
2839
2494
692
1522
3079
3651
3101
924
2645
1460
1613
1887
99
3677
3020
506
160
1097
3161
2865
2502
561
682
3518
93
1512
1254
3707
3597
1813
1835
1722
3437
694
756
1476
936
2292
398
4058
1047
2232
2238
668
1972
1077
3718
353
1238
277
3542
3478
1907
1635
3788
1101
166
1113
932
1315
2415
3909
916
1962
1407
2307
3486
1180
2022
2702
2357
1901
998
3840
2333
2694
3159
1692
3572
619
2619
3014
3220
1577
504
1873
1117
3542
1418
2849
1909
730
2323
2720
918
3486
2901
3292
3091
1589
3030
962
533
1381
2260
1416
2442
412
15
962
3175
2625
2599
1242
480
2625
875
1361
1262
4020
2036
1734
458
543
2049
1944
454
1774
650
1194
2252
3407
2762
3157
1571
3004
3331
388
2107
1690
627
990
3770
1516
319
2768
3254
11
764
3052
180
281
2438
1563
3921
2560
1917
3427
3770
1750
2280
293
2696
3302
142
71
1428
2651
2466
2365
3040
920
3877
2988
3387
1784
2147
2347
3131
490
45
1526
662
791
170
3379
2450
23
2089
1133
579
3840
3917
142
3474
2651
823
1950
3377
2744
2157
1151
2331
1718
3091
1025
2708
27
1131
103
2571
2157
1869
1928
1403
2218
83
1954
2097
1889
2268
898
2087
287
335
1012
2901
1357
1960
3647
2103
2847
3742
3433
3081
3790
3774
1230
1873
51
285
2000
3722
4014
3923
140
3230
3064
39
1770
4032
2831
2000
2133
3526
123
61
242
2127
2065
1722
3532
1353
3812
3861
2601
3314
230
644
4030
1476
1274
375
789
3395
2758
1736
2486
2270
1452
3234
1613
3673
1811
4038
3494
1210
3552
1956
2593
2097
4058
855
123
1345
2899
1589
1135
1766
3841
2788
1732
621
2246
1105
3649
9
722
676
750
609
1772
2329
1641
2970
889
1234
2663
388
3153
2716
3514
3621
2391
3683
1097
2236
3443
1097
1317
1434
3060
3093
1244
2038
942
2460
1325
333
3099
3480
2875
1359
3949
1051
2240
1454
3699
982
1682
2800
1520
1813
1510
440
3494
1357
934
3230
621
1194
2738
2171
2335
3030
2258
3907
2472
2204
3199
3453
863
3693
2389
2083
1494
3873
1395
603
633
277
2706
3792
2690
3963
1760
1615
549
760
1395
2014
3974
2034
3887
3685
3167
2415
1281
2964
2276
198
1553
2839
1105
307
3206
1911
1520
2296
3711
795
4032
456
2139
1768
2200
859
2099
3597
3042
4096
1919
440
629
3659
3238
1428
2673
1420
3986
1911
783
1873
3329
4050
1762
1643
682
3335
91
2018
1534
2750
3629
829
1240
2748
1760
849
3861
3502
174
746
3705
750
2444
646
2966
3351
3748
2113
1720
3316
3913
676
3361
257
1200
3911
1087
2569
2702
2431
3276
736
115
1488
615
3153
2032
750
2786
1248
3814
3752
2762
2508
1440
3157
881
3220
2230
803
801
988
1956
3967
2708
1932
2284
930
1865
3445
418
1109
1295
1988
2585
1137
2788
1143
3260
1641
3812
1597
2042
1764
1323
4086
4074
1367
3812
2006
3584
184
1444
2617
1498
621
3760
460
889
2204
2242
2198
3391
1170
3099
107
1853
2077
3758
396
1212
1883
3772
3861
47
1180
1168
1960
1333
3038
2986
1934
2583
766
2135
1234
3788
720
2196
795
2663
1692
3012
41
3742
684
113
3365
561
2133
3472
420
2442
295
490
291
1696
779
561
3504
1795
3288
2788
2629
658
1841
920
375
1474
3341
2939
186
2222
1500
3510
3014
486
3343
3278
1194
500
2214
4022
1799
2631
3859
1867
2202
704
508
2008
3262
2901
3272
2464
1674
3768
1813
17
813
3157
1043
1393
3105
3526
3204
3919
1686
3661
1143
879
2300
940
3437
3578
3377
61
781
363
3208
1000
3149
4070
2595
2444
480
105
2258
3879
3534
41
3599
31
3518
1962
2762
111
2810
962
228
1250
1462
1940
1532
3115
1353
3113
1466
817
230
1222
1520
1361
3834
2157
5
1736
1196
1095
3544
3861
3526
313
1643
575
863
1236
2643
926
595
517
204
4038
2107
1770
1551
2184
3212
1609
631
914
3230
557
152
954
307
301
2946
680
992
978
1033
361
2943
1202
3373
1091
1029
420
2643
2988
2321
1915
1184
3697
2698
3447
1025
1393
3970
2036
2653
2746
2677
1258
3214
1879
279
682
877
1799
3887
3770
87
3113
1784
3064
2036
65
2436
3822
3663
3961
315
2286
2391
2879
3099
19
1119
2913
2258
1444
3810
2246
2097
3453
3873
1845
2173
3720
2210
3177
3633
1907
4082
3167
2522
1097
2232
2939
2669
2780
2202
1297
1784
2984
79
579
2895
1135
1615
3206
577
113
2117
1069
3996
2643
132
2956
1029
2696
2387
2468
11
2208
2020
2919
3780
1264
2823
716
1867
4024
3832
2399
3264
3584
1033
1087
4076
1180
1752
746
1813
3070
341
3101
1786
3651
1653
2710
1651
990
2075
1750
1412
79
3580
537
2925
3853
2655
3929
595
2151
607
1887
371
3093
3889
1615
3637
1899
3262
3750
1099
291
2371
1063
381
275
9
885
3685
4024
2167
2567
2520
287
3389
2817
69
1742
319
4008
2532
2327
533
3232
2881
1006
3520
2776
2812
1410
2835
3867
1420
1615
3244
535
3871
4062
3081
402
1069
2655
3494
2607
1907
2107
2875
293
458
4062
2000
3060
2567
1135
2679
2139
1313
1980
2887
2595
1803
1720
2202
448
851
3806
1303
2627
672
1752
545
3097
1268
3405
1573
2450
2655
803
3083
2657
3328
3460
3917
2518
2236
1480
3149
138
2706
2083
1528
3760
1254
662
271
218
980
3528
2716
1966
1278
3869
1972
363
547
865
2321
1224
246
15
680
1397
3574
603
1381
637
67
488
521
1793
1797
660
3841
3226
438
1676
115
67
365
1323
3986
3379
1416
1337
3447
2250
3584
392
150
553
1930
1924
2982
1200
2109
2746
716
3462
2182
3139
3423
4000
3591
1545
1436
1371
1678
3038
1629
4020
3951
448
1111
3141
214
1506
3800
3764
1502
2347
1331
912
2393
3131
3750
158
1930
1742
2675
2214
2567
4090
990
2639
730
1387
418
2530
3464
1688
1486
4084
2071
1456
3679
4054
3135
4084
2667
3498
3204
847
3879
3802
458
4064
3095
2240
2659
2835
2474
2165
2907
3389
424
2184
2448
3167
3260
898
3214
3135
3165
2309
998
176
2254
351
1184
779
2857
2057
654
3240
1297
3326
2885
2131
1486
3707
988
2034
1724
3026
43
3373
1930
2210
2353
3328
3089
666
3812
3308
428
164
2232
2315
97
1486
1532
198
3018
273
4032
1536
2764
2929
1412
3988
2429
63
117
833
3990
3556
1772
3476
1363
1252
1938
2353
3462
1452
1456
2560
994
2663
392
1208
3282
3840
2466
353
1835
2722
3851
2550
3510
2458
3113
3750
446
3133
1246
1827
3564
1180
527
1037
3167
3322
2214
3260
3462
2552
3714
585
3391
1504
730
1232
1532
4052
2496
2272
3462
2700
257
3947
2492
3417
3312
3788
442
51
1595
2421
3431
1617
2399
1194
3298
79
3728
1420
2883
3131
2605
635
3534
633
2619
3921
345
3276
1926
3407
1280
3722
3699
2720
1559
583
3655
2155
3653
3222
1317
4006
3310
1033
2014
2565
432
635
4006
277
3988
67
2419
875
1218
2359
1744
845
2736
111
2986
2026
3002
1768
1728
136
2962
2246
748
182
337
3526
2010
3494
3072
3871
2055
704
3897
3363
386
2552
3869
4036
3278
3965
1351
823
3109
3189
1488
3724
569
105
1176
2184
1998
1950
160
41
2155
2075
1283
2736
3441
1732
130
2613
1524
1361
55
123
2573
293
2782
609
2329
1629
1222
2546
3905
3488
2641
91
269
2565
3607
2434
781
617
1962
2049
887
3113
1029
3907
2427
1125
4012
59
3714
474
1024
3466
3705
1799
3288
1099
2573
2325
101
1629
1772
3734
2952
3970
3397
3228
3806
887
2974
488
2806
2764
1091
3699
2641
3345
2516
2762
1490
2859
4000
2081
3337
2804
438
1847
31
3611
281
2651
1039
3728
2053
474
2984
3212
1486
2171
547
1351
762
3455
1444
2139
3530
1647
2069
2712
2238
428
758
1726
3177
1081
117
498
813
1291
4092
877
1274
107
1506
1230
3836
1224
1468
3883
3052
1291
2567
3681
1934
3556
2816
2827
1214
341
3526
1305
418
1103
2202
2696
3165
1095
31
2728
2385
214
309
1865
2216
605
343
3335
1462
1730
956
2456
1446
635
760
2520
547
760
2833
464
948
1639
2095
529
1700
2833
19
3963
2764
1252
1020
2732
3187
454
1238
510
809
1170
3391
2204
821
3804
2440
1976
1067
1041
762
2155
656
3722
3951
3411
2645
3238
3371
3709
2663
2111
3943
1770
3649
2460
3534
3060
440
722
3631
3343
3907
3335
587
1821
2921
746
2236
984
821
1829
373
3339
3210
2542
1974
2421
160
547
3464
2488
3863
3697
760
3605
3455
377
3256
1323
3655
2347
583
1567
1978
2855
138
2309
513
3756
2752
3161
319
1688
1885
2044
3135
2131
2839
924
593
3101
3300
718
1790
1024
1716
2663
3724
2865
440
2714
2484
3306
3705
1633
23
1786
2861
1625
3195
883
1996
2115
2790
275
1954
325
577
549
2470
1089
3377
3135
2510
295
3994
517
2661
4030
853
2305
898
450
1355
2200
900
3280
902
182
1530
53
418
787
3441
3385
3091
1746
1807
2933
2389
2847
2867
3707
2383
1323
3268
349
660
1113
968
3911
1821
3903
559
2099
819
3129
2895
220
1027
1869
1746
3937
4078
3371
299
2752
1075
2514
2722
2893
3210
1684
87
3199
3183
3183
101
2103
535
998
2234
1792
2669
730
1264
3276
3770
1928
2194
1002
3635
3508
855
2613
3627
1440
3625
1454
613
3556
986
448
3097
3447
1635
1635
1541
248
2784
3615
1444
1502
359
303
21
1093
2105
2389
611
2778
1430
3814
1301
3357
764
877
2278
932
2899
1907
1160
2468
2129
871
2943
4042
1668
994
3536
3151
2288
625
3077
1672
1518
934
752
589
2601
2865
2496
3294
2425
2200
2016
1710
3169
3810
2212
577
2311
2756
394
1649
1625
603
3361
2002
2742
275
230
1436
2500
1960
1329
2740
942
825
2649
1803
700
1845
1666
2131
631
1200
4034
3841
2488
3490
484
2391
3665
2311
101
218
3349
3369
238
1307
3010
2655
1873
1748
2708
704
1303
3863
795
2748
2627
740
313
53
1154
3734
1033
2228
2819
1889
3318
3935
254
1716
351
1978
4086
1682
3714
2605
807
2996
1539
43
1911
3093
1387
2466
1728
1016
2252
1698
3119
2472
1381
17
162
3349
2411
611
1792
2883
2560
952
2613
617
2419
1659
2300
2224
1718
1377
2744
2333
1212
1672
2889
615
3861
3863
2853
4036
2107
2254
2440
1049
3774
2135
1510
2550
2831
4048
902
3038
446
958
646
3419
2782
130
3443
2685
1829
3893
1127
2024
2859
2307
2438
2794
2502
1270
1728
648
1712
2254
2665
3419
3199
329
2180
412
1252
1407
3492
1579
2264
1395
597
93
545
3357
1569
3683
3280
2972
3256
3663
3885
3298
3853
1133
1942
2982
1087
2540
1256
2716
2772
1867
1899
2311
704
3397
2361
305
904
1974
1301
764
1069
2585
3909
2494
4068
2917
1335
591
2496
3740
2510
515
1663
2817
4062
293
1793
1254
3790
3024
1355
954
2234
3373
801
450
1379
2744
692
635
117
4016
2968
944
992
3992
202
3615
3492
1198
460
3492
2837
3224
3369
2837
3262
3226
2038
1101
2865
523
1553
1091
428
3113
3760
39
1379
875
2518
1855
436
3451
3951
1950
1962
3226
27
2978
3947
1553
1563
295
1682
341
142
3066
3117
1579
3091
1436
3701
2690
119
3845
127
3532
1799
3331
879
666
2970
1218
3260
732
2448
1109
3415
2268
97
2677
752
107
3639
259
3994
3578
2631
3300
3953
1978
658
254
1432
2067
3357
2020
1000
3812
3234
2905
63
3137
2740
1232
3107
3792
889
3584
3649
2250
2935
2238
962
2026
3994
3276
1375
3028
3800
3677
637
2309
922
1274
279
3179
3320
394
648
676
2829
2002
3214
885
3661
3451
379
1220
1387
156
2520
3010
309
375
3353
2036
1996
1972
3611
3107
1141
3149
2730
3175
2855
758
1962
2974
1559
212
3387
1337
3895
315
2488
2810
4044
2178
3891
998
3994
3506
2222
1722
3957
4020
3822
1337
887
2671
3933
1617
726
3468
3931
2502
1984
2431
1774
563
1835
2270
1192
1204
1234
3099
2627
1613
198
4036
2046
1922
2774
4008
2619
690
3510
1974
1446
712
2879
1917
2421
3766
3052
2323
466
1629
1704
2091
1974
3060
2059
3280
1162
3042
3355
2048
2242
2055
1682
365
3625
2952
2897
3500
1035
537
1893
3482
357
2583
49
4068
1008
559
2210
3343
867
1684
1274
1035
3441
1732
766
1139
2458
2619
2337
1488
948
3449
1549
1801
2049
543
1825
456
908
839
2335
67
982
3339
2129
2298
1889
2712
611
3375
3046
3653
2171
3117
684
412
3447
1702
321
2478
3742
3657
994
875
2194
3957
4038
553
555
2585
1426
3191
1087
3379
644
3574
1768
4032
1684
617
1720
3256
3687
3927
1424
138
289
1025
1482
3387
267
194
2250
269
2692
2077
2762
3484
3268
1180
3927
1226
1732
2538
361
775
232
1928
2163
627
263
1881
1004
1373
2734
3653
1240
3490
3792
1303
2087
3437
2379
1301
2038
2373
182
3639
3197
2710
1573
3806
847
1762
1700
3951
2456
2538
642
450
3633
454
3651
2407
2214
2103
2696
3949
1551
442
418
1944
2044
2685
1389
3381
1258
2083
3141
3843
2147
3631
3232
388
964
3177
1508
138
2528
1684
3389
2248
3865
670
430
787
1732
958
2988
1881
381
1571
3822
1793
160
561
2008
3915
1022
1212
2107
1569
1657
4006
3322
1565
1307
2286
2190
2173
3536
1831
1166
3447
885
1930
938
125
23
119
2123
2558
2730
51
2349
216
1881
3504
2625
1125
3216
906
1313
1917
2448
956
1456
414
3347
3050
2843
504
1077
3826
1222
2101
1702
480
2669
1204
1224
1502
339
448
851
781
9
3568
557
2895
3627
932
2464
2385
2434
1766
3351
2488
367
2240
1803
1305
142
512
3375
3377
994
3496
257
1357
1778
940
3996
2921
3794
506
3026
1305
2270
1329
289
2605
3405
1162
2788
1248
4040
3647
1357
2149
676
1063
1990
11
3441
311
1567
3486
3185
2875
2806
2667
3345
1182
3564
3669
577
982
154
2925
2304
813
1168
3167
3081
3012
377
1740
3135
3986
3195
2490
1788
537
1863
1595
1682
3633
1514
1573
1087
339
1139
3208
1319
3141
3982
325
3367
2790
2869
1460
2226
3875
1174
95
3290
1180
2800
635
900
2905
1940
2036
3514
1799
1295
3784
3117
2478
928
2038
386
17
3774
210
3873
3524
1075
3808
212
3081
470
3562
2046
2812
3923
718
2837
297
803
273
3266
3705
3623
2558
3657
287
710
1549
3714
3693
466
252
1208
3845
2556
335
1809
4004
3792
1506
2710
690
1383
1287
3699
1069
91
936
3232
472
422
3409
2341
3435
3066
3627
1432
3623
1244
1702
2057
2117
232
1561
297
2998
323
3282
1016
238
2407
613
877
1730
918
3395
3764
2429
1867
3754
1722
978
2240
3137
2917
3653
734
2004
3220
3425
2123
1071
1222
3641
420
537
3199
1029
3804
2901
1790
3107
1371
2490
3724
1583
3240
3169
1335
740
3554
1932
2518
3276
319
2464
2258
1121
301
3863
855
1611
1496
1841
127
1666
883
412
3661
1049
3010
2889
1750
1811
777
3556
3667
1232
3980
3373
444
3318
3851
3528
1559
2597
3212
4070
2603
2276
1234
3766
1313
4040
1222
2184
700
337
3520
3429
3897
2790
1412
2577
873
3246
1516
357
1922
654
3195
1172
1335
1071
1
539
1611
2046
4006
938
81
1218
2700
3419
954
3385
1472
341
2542
1893
2226
216
3889
2627
3635
51
3202
3040
2657
3044
2419
1911
345
541
730
3004
492
1855
3544
1289
434
1764
3913
793
1293
3699
1778
3129
1599
3738
2865
690
351
1708
1986
2073
2351
484
1089
3056
3544
2639
2561
2873
2952
476
2526
696
3109
1571
2454
3697
1895
3877
4026
4052
379
928
2125
2681
3879
658
3296
1837
1855
1397
3052
2036
561
502
1365
2399
2546
1295
3945
2472
3869
2980
3129
3284
367
369
916
3204
3326
408
3125
4076
1178
2220
3447
2869
704
3070
1301
81
2780
2851
2804
329
3595
3562
3494
3421
3460
680
4016
4048
2270
1520
4016
1226
3159
283
4004
3891
2137
7
3907
3306
1478
3202
261
359
1726
3197
442
992
1974
3407
2361
2772
3695
2236
3331
279
3974
2601
1355
992
1919
1919
2698
1158
1264
2252
1811
2425
482
1115
1811
1619
3048
2595
531
339
1938
1109
3482
3707
1760
3445
2962
2284
4026
4038
1002
3677
3695
448
7
2260
621
2331
3056
2611
3772
1266
801
1587
2462
192
889
3091
492
2919
829
2002
178
2421
3838
3306
1109
1948
2093
2427
1117
462
3788
2268
3824
1740
1373
4078
1782
379
1367
1254
869
932
1405
3415
109
466
4022
954
1405
2210
1663
515
3633
57
23
2413
694
1182
297
3218
1875
3631
3000
3157
1841
2869
672
4014
317
3774
1297
2984
3212
3322
2030
1264
1029
2546
2139
398
178
2038
3081
1480
119
2530
1530
3383
1414
738
3998
958
2921
2829
2260
99
2184
3337
2994
3262
1663
1236
2486
920
3014
1196
3335
1899
3568
1944
627
2256
3179
1025
3268
2184
2546
1010
1766
468
3865
3784
152
1790
148
3147
168
301
773
4094
1637
3762
593
1123
2849
3312
208
3937
2764
3143
3449
1063
1629
948
4042
140
3609
2556
119
1238
3597
313
484
3703
3992
779
1732
61
1216
3794
1674
3282
1813
2351
3004
895
2464
2014
2651
1200
1111
1
847
512
603
3625
2036
2821
1528
2020
464
831
3443
3385
2851
1964
644
686
2651
585
3639
446
3224
2623
2436
392
821
2722
4060
1718
926
3560
2986
2012
1444
1569
541
668
1206
257
1982
3254
2095
3613
893
2266
3621
152
1647
2383
1333
3004
2462
521
424
1170
1151
3195
3516
3780
1236
375
4088
2500
2706
57
652
537
3310
2405
1996
375
1712
1476
3284
3296
2248
2895
3949
1978
3161
2049
1281
2081
468
1242
3939
1321
1946
3286
2381
3542
2921
2802
781
2899
2972
1946
3046
3587
1799
627
3883
859
1496
2573
3165
3631
2399
2484
1930
1385
857
3562
1188
2024
3159
3607
1760
3062
256
3333
1537
1000
3191
3234
460
178
2899
1966
1071
2016
115
3994
1897
2819
2385
512
2714
3161
2992
918
2647
3591
466
1492
2421
426
1799
4028
3990
2661
2121
1978
2681
3397
597
662
2591
2347
2450
1401
1532
3306
2800
2425
4014
2379
869
851
2962
2986
1982
2798
883
3266
1821
1514
256
4038
2780
1962
2976
1029
1716
1305
3669
3377
3776
1938
2232
3455
1790
2059
2599
31
2823
3927
3147
2657
1160
2534
1867
2931
2365
1333
1857
4024
2766
789
3578
3466
2643
3709
2391
2042
136
2875
2478
2278
2252
2280
2855
3599
3451
2651
1075
4038
1510
2218
3828
3859
732
1553
3802
3496
1875
1615
3058
2752
25
2391
3961
3901
883
2198
932
3625
2180
3181
2504
1022
726
2075
2061
3050
4066
3734
2536
3288
1333
831
3861
3935
3097
5
1252
2218
843
1871
1087
1305
3728
2403
1109
3115
2450
3504
1478
2867
1655
3671
1347
7
773
2040
3224
2180
426
1095
281
1176
2083
3417
3790
3963
1823
553
2681
265
3165
1954
1297
2857
1018
1653
742
829
1403
107
3913
555
3897
2603
2180
2871
746
2498
3768
1432
1559
150
3236
704
2200
136
2905
162
208
1585
4060
1440
674
59
1861
1924
2438
53
3891
2923
591
3534
2601
2389
1718
379
1722
2155
480
2720
2760
3613
3141
1196
577
4092
2563
1524
321
4052
2895
2887
2679
2157
1476
2016
2611
900
1250
517
3722
3548
3468
3387
3431
295
3298
1692
2724
2760
2115
3824
690
180
613
3816
343
3976
871
3119
1968
3417
242
458
3349
2363
3673
1498
152
1474
3834
1712
2512
2514
381
2560
644
1954
3250
2633
1353
2300
3774
704
3863
1597
3125
281
1468
2270
2133
3695
3935
2385
3957
1530
650
2585
964
65
1166
1565
1631
3820
1825
2901
3695
1234
3296
1825
3762
2355
1200
1506
1922
1355
35
1899
1831
1067
2099
3988
4088
2462
2669
3052
1843
1014
456
3556
958
2954
2623
3145
1111
115
3687
1978
2349
3353
3357
561
2182
2752
1347
3836
2496
559
2847
2726
1877
893
2305
2706
1405
1357
1563
2329
2107
1845
579
1857
2151
3937
4004
2835
1254
1601
694
3502
275
3397
1809
3121
3840
2313
4018
3633
1274
29
355
591
1607
3193
79
3929
1587
3359
1258
2956
1788
2065
1869
2436
2151
996
3838
970
2546
2589
1236
3373
3425
873
891
3828
3840
3060
4016
1915
3988
353
61
3409
2226
367
1274
2260
2333
3528
2061
3603
2429
2155
3849
1276
1407
373
230
3798
3974
4006
2476
1436
650
4066
375
2591
2085
811
2077
2113
3601
1327
2714
1405
4058
3933
3675
756
1706
3244
1061
4076
1371
3066
428
3623
2901
2393
2542
3052
928
3611
1385
734
2018
1069
2814
3081
1692
504
3391
2311
3268
1740
3558
301
3191
988
1256
777
2456
2484
2236
1905
668
2913
45
3546
3949
3828
3770
373
1728
3978
2482
3163
1077
742
1706
3240
4078
3554
1659
178
1742
4008
1416
2641
2300
549
581
1063
2593
920
3901
3609
1867
2802
1210
3238
1266
3599
3820
2835
3260
305
883
1418
2861
3425
2246
3772
2159
3199
2055
2998
3212
2204
3820
3943
3337
228
3480
2405
3847
1567
1575
39
345
1712
2061
877
551
2754
3212
3030
3857
3881
341
3252
1107
3756
2397
1613
3202
1387
2264
329
2226
1522
182
1478
162
3038
738
136
4072
2512
3478
3639
2585
3185
1395
406
1484
3486
1329
3772
1863
3840
3838
250
2341
926
77
1180
855
1143
3756
3750
109
3778
807
539
3478
1053
1663
2937
1097
1875
1649
3621
3895
2061
2877
916
3373
2014
1597
2266
2270
833
1623
2450
1478
150
1045
3417
2085
273
1077
2302
676
2077
2901
1371
1516
3994
1434
1365
3611
4020
3621
2863
1786
3486
2996
2544
3992
2470
549
2490
1422
398
267
1754
1684
2254
3367
2028
2659
3635
504
1178
3363
3155
2577
3576
4074
2929
2526
1329
2603
1696
3824
3492
2790
3838
2980
2057
1313
1204
2365
3274
2129
3492
605
1776
3268
2161
4034
4094
2395
3306
593
2877
779
1031
2107
2341
1095
3629
3230
3351
2208
2579
3665
2002
1151
1422
506
1583
125
2879
3064
3220
823
773
1982
2059
1750
3974
2421
3824
2361
2943
2595
448
2611
1416
309
3532
3389
1913
1972
2607
77
2857
33
3488
849
3615
2048
710
2629
2615
2994
807
1141
1659
2720
2442
1230
2202
3568
3772
1474
65
3623
3363
2589
1615
1772
1389
1571
51
1020
2089
2819
3236
115
79
3290
1980
3443
1478
2061
2498
775
2127
3994
1976
2645
3175
2829
1283
1162
1238
2192
1875
1428
1863
226
843
658
1623
3409
1027
1407
3915
1996
3133
3349
1883
1837
2371
517
3103
3720
3381
2470
2373
3139
1502
1659
3431
2024
559
3633
2544
2627
1512
3921
2673
1871
3742
121
3972
3998
11
3087
283
390
559
3195
2468
1121
2948
4018
2486
797
2550
3663
2708
811
1593
3720
1055
3667
621
2180
889
2847
2605
811
2010
2581
15
1081
813
1825
335
3375
2042
4096
3522
960
1982
3784
676
519
865
2958
2196
1974
3355
1571
547
1289
2423
724
656
2280
1377
3691
841
648
1571
1339
2488
1962
2653
726
3202
3058
4044
3123
1565
4006
1978
3528
2591
2631
2544
2984
633
1470
51
2337
13
1476
2202
3191
2865
504
758
3111
857
1016
1637
2472
3863
750
3337
1700
2490
1861
1599
625
3671
3766
700
2855
3228
2663
214
726
1024
452
900
1226
831
2692
1117
3284
3913
2288
1621
3167
1668
2778
3306
2756
1160
1851
2258
2877
666
3141
3802
4062
2571
3010
4058
986
1012
73
2808
321
502
2450
863
3131
2966
1899
2698
2623
1958
3576
3695
1444
521
2702
1893
85
2506
664
801
2230
3405
144
889
3329
2911
706
2976
476
2224
1536
964
1174
2167
1680
1434
3913
2123
1841
3506
1474
3806
3828
4068
2188
2329
3978
1849
3794
3081
579
1339
3377
1875
1297
2270
1071
754
1827
1442
2313
33
1432
208
1087
769
1549
3089
2046
3925
2764
1154
2855
2357
1621
2278
504
2129
138
1373
3810
1821
654
2931
1129
3996
1938
2298
1835
3177
1317
424
914
3625
3443
1776
220
2746
3302
3633
2105
3048
1742
3597
2659
2796
1849
3077
3967
831
3961
2329
930
2369
496
1488
3034
19
3994
716
2823
1488
3558
1486
2075
1178
829
692
646
3885
502
3786
3345
240
1264
1678
1706
2929
3232
19
79
827
3568
3576
3621
1055
1145
3383
1260
1726
1627
1760
3718
3391
508
533
2026
589
2681
3576
2244
202
2556
456
305
3685
2786
1837
3351
466
3460
2649
2685
984
1591
1319
3131
720
609
893
2212
2061
1369
1137
115
3365
4072
1401
3798
1101
4010
1524
3724
3339
3786
2466
250
1752
1613
2375
2526
2667
2619
690
65
3639
2175
2941
3889
2034
3764
43
3536
3875
3179
4018
3657
83
867
