13
5
29
59
121
85
37
31
55
43
79
83
47
107
117
51
57
119
23
39
97
9
101
17
67
89
91
19
15
27
35
127
113
65
61
111
7
87
41
109
75
69
125
71
93
99
3
73
63
81
33
45
53
21
95
1
25
105
103
115
11
49
123
77
93
71
21
45
17
19
41
65
39
101
121
15
75
69
99
127
95
63
81
27
119
109
55
85
113
23
97
105
91
77
25
53
61
11
47
49
7
3
67
31
1
5
57
87
79
43
89
9
83
59
73
117
29
111
33
123
115
103
51
107
35
125
37
13
71
123
53
103
37
39
125
41
51
21
9
47
23
85
99
33
25
3
81
49
45
87
15
79
35
57
91
121
117
63
97
19
75
105
107
101
1
43
61
109
95
27
7
115
31
83
65
29
5
93
55
11
127
73
67
17
111
89
119
59
113
69
13
77
123
109
11
31
17
81
89
69
71
23
47
107
73
27
75
103
29
21
25
65
57
5
55
35
115
113
117
15
105
63
45
119
1
19
49
41
101
43
37
7
127
59
79
13
77
9
33
61
121
39
85
87
99
125
3
51
97
91
53
83
93
111
67
95
89
113
85
7
43
109
81
123
121
95
37
101
61
17
75
49
9
39
69
93
51
77
83
27
107
111
73
97
13
105
47
3
41
29
87
5
99
31
57
115
45
21
67
71
119
11
55
23
65
63
117
33
125
35
1
79
91
15
127
53
59
19
103
25
13
15
61
37
63
101
117
65
47
3
77
79
49
73
121
115
127
93
29
9
83
41
7
103
113
105
123
35
53
21
1
51
125
33
89
109
19
43
81
85
17
71
107
31
25
75
23
59
95
91
45
11
87
119
39
27
111
67
57
5
99
55
69
97
85
61
71
17
83
103
9
21
95
43
23
79
99
81
101
105
5
107
125
47
109
127
115
13
117
49
59
27
11
73
113
111
57
19
87
65
33
39
67
3
53
15
93
123
29
69
97
1
41
89
63
35
77
121
91
37
55
75
7
25
51
119
45
31
77
23
1
109
101
75
125
35
39
115
11
17
113
107
91
19
79
49
59
9
81
57
45
65
37
21
31
27
63
71
73
61
89
105
121
51
7
67
55
33
13
83
117
103
25
47
123
5
97
69
99
41
95
93
111
53
43
119
3
87
127
85
29
15
27
103
5
83
51
11
101
35
119
23
107
127
93
49
25
45
123
67
15
89
111
99
63
19
21
61
105
43
81
75
13
1
17
117
41
97
87
77
59
95
31
55
3
57
109
115
9
47
53
71
39
7
69
65
113
73
85
37
29
125
33
79
121
91
65
21
51
85
9
61
55
3
87
79
7
83
81
45
111
41
39
113
107
13
93
1
31
17
95
119
43
117
37
71
53
127
35
125
121
89
33
77
19
5
15
109
101
115
67
11
27
123
105
69
25
57
47
29
73
75
23
63
91
99
97
49
103
59
35
43
85
109
5
83
75
105
71
25
123
63
93
73
79
97
23
51
61
53
27
91
95
15
11
45
125
107
21
113
19
57
119
77
111
99
3
87
1
59
103
55
33
47
7
29
49
67
41
89
31
117
65
37
17
121
81
101
39
127
69
13
9
115
57
115
75
11
91
95
119
65
81
63
87
25
49
33
7
77
109
59
37
127
99
19
41
111
79
105
43
103
31
27
123
97
71
5
35
69
15
73
61
121
125
45
67
3
83
13
89
53
21
39
101
17
23
93
51
85
107
1
9
55
113
47
117
29
5
115
57
39
53
69
7
33
29
17
113
101
25
59
13
21
19
91
75
125
119
55
99
23
41
27
105
37
15
85
87
103
95
77
47
117
89
67
1
97
11
111
49
81
61
63
43
93
109
107
45
73
127
3
83
65
31
51
71
35
121
9
123
79
15
45
103
83
89
41
71
107
111
97
23
31
67
117
47
105
59
17
87
69
55
119
21
9
79
127
13
33
3
81
125
19
43
101
49
39
99
121
109
11
57
93
73
53
115
27
123
29
65
35
95
75
5
1
113
91
85
77
37
51
25
7
61
63
63
11
53
95
91
55
67
19
51
69
57
111
127
25
113
61
59
23
1
85
27
29
101
35
37
47
87
97
17
15
3
89
119
39
83
125
65
31
81
33
77
117
121
103
71
41
13
5
9
45
21
105
123
99
49
73
7
107
93
115
109
43
75
79
115
65
91
59
85
87
69
103
107
51
79
111
89
19
75
61
127
13
31
35
53
25
3
41
93
1
33
57
73
125
15
109
99
17
113
21
77
55
83
97
7
71
81
43
23
9
49
11
29
39
117
37
47
95
63
27
119
67
101
105
121
45
5
123
95
91
123
87
9
67
1
47
77
105
63
99
15
127
103
97
93
113
39
83
71
65
121
101
73
51
61
37
117
59
89
53
57
45
75
69
125
21
49
27
115
79
3
13
119
31
33
41
5
19
107
25
11
35
81
7
85
55
29
43
109
17
111
23
97
11
1
53
71
123
81
91
59
63
95
21
25
77
79
75
109
99
35
65
45
61
127
93
27
33
67
5
107
49
111
125
55
105
69
19
73
117
43
37
103
17
121
13
101
15
57
89
119
113
115
9
23
87
47
31
29
51
41
39
85
3
83
7
15
91
27
35
55
103
87
1
53
83
3
77
65
67
5
109
97
123
13
75
119
19
59
69
49
81
73
25
79
9
85
99
37
105
117
17
101
93
51
39
61
89
127
107
45
29
7
41
11
43
47
121
95
111
31
115
23
71
21
125
63
113
33
57
123
125
33
85
77
27
5
55
53
107
115
113
3
93
103
17
7
75
57
89
67
65
47
105
29
97
23
95
49
117
31
59
39
121
37
111
19
87
81
1
73
109
101
13
63
15
35
51
45
127
21
99
91
41
79
69
9
43
119
11
71
83
61
25
