1218
904
246
895
198
347
666
1270
1111
791
587
488
561
63
722
815
79
43
920
521
605
349
1089
67
303
686
184
1200
601
339
650
1039
879
817
607
182
291
238
379
637
1250
224
254
482
1184
845
950
1063
803
329
611
69
11
529
837
1035
672
242
541
779
1037
456
319
1186
472
109
1012
976
752
1272
295
5
716
192
331
639
271
1188
537
136
1059
31
279
269
1198
138
619
1083
230
928
849
1168
738
21
797
202
107
210
670
1156
591
351
436
720
59
642
922
714
799
265
581
371
297
448
89
946
367
1194
730
746
934
1057
432
154
1119
559
676
1170
422
970
1280
1139
1033
470
119
883
434
756
438
1232
226
428
508
341
974
498
293
583
299
869
325
1093
938
148
1246
156
762
144
881
123
998
140
458
129
787
531
1087
464
484
214
267
1008
768
847
942
690
1117
101
65
13
851
172
948
873
764
662
363
474
424
702
392
442
206
795
75
1010
1180
476
819
914
835
1145
1113
555
533
200
313
680
115
930
775
889
1081
152
988
410
285
162
343
1099
1045
517
373
732
317
674
744
1137
404
178
83
758
900
323
644
1127
55
1073
1103
515
1131
652
256
289
327
1041
1172
825
460
992
656
301
698
33
692
801
843
478
1115
908
793
958
748
1123
446
261
664
633
440
388
1149
81
454
853
1109
1095
240
93
390
1043
980
222
359
631
857
982
500
734
910
906
196
426
807
599
918
160
926
1018
1228
567
750
1276
1071
27
386
494
510
311
678
91
589
309
545
1196
1192
1234
111
565
597
125
480
394
396
287
1162
861
623
1079
506
609
1029
1065
654
855
1226
208
1067
186
821
833
408
1182
234
708
1004
897
1022
956
504
15
361
134
694
168
277
416
1204
724
180
194
1238
337
952
579
496
275
1268
1264
1002
1210
760
777
166
117
1244
1085
420
1166
754
789
462
805
212
898
466
978
932
571
839
1222
1000
158
766
573
283
418
512
375
1252
1049
660
9
966
865
813
1020
402
960
742
1016
95
1024
962
357
627
353
543
216
823
105
57
41
658
621
1254
984
990
706
1248
712
885
728
1147
1075
875
893
871
1190
49
964
385
103
535
603
954
1105
369
1097
218
73
877
809
1061
1208
710
557
127
811
704
1107
61
972
97
468
595
549
829
1027
539
924
617
1256
773
492
355
1101
688
936
1242
1077
53
563
365
220
1174
121
176
99
1091
1135
174
51
1047
944
85
1154
1262
1129
912
986
1051
248
383
841
547
188
377
321
891
916
1178
1141
37
204
400
87
527
259
29
629
486
1230
648
577
1133
406
146
1153
1212
250
615
398
785
613
827
345
1121
71
641
635
1176
232
164
646
996
1151
142
994
430
887
1278
1240
45
1202
281
740
575
1069
1158
1274
1220
252
273
1006
859
414
1214
783
726
1164
523
585
1125
1258
130
553
315
1236
305
551
569
450
3
781
263
525
228
7
35
902
170
940
684
444
1266
490
150
381
1206
1053
47
190
412
1014
333
696
863
307
968
1143
77
682
335
25
17
867
132
39
113
244
502
19
831
23
1055
625
593
452
736
1260
771
700
668
519
1216
1160
1224
1031
236
718
464
926
263
212
827
1151
662
1262
783
583
738
117
813
103
1075
5
639
440
847
1133
25
934
976
771
1204
236
1186
1093
265
11
311
75
208
130
1000
1200
166
450
718
287
232
83
686
823
1216
204
313
529
508
246
63
895
1154
351
367
817
766
315
244
396
462
218
1180
615
482
974
966
160
388
996
224
184
297
400
65
607
849
962
474
254
422
327
402
329
140
646
1176
1164
17
41
1029
581
458
916
478
299
460
323
1260
101
198
480
1014
1109
841
1113
1248
484
67
736
21
383
1172
631
541
545
670
621
517
69
486
523
619
172
754
132
954
97
162
984
641
658
845
964
742
192
504
426
23
1137
15
970
1206
488
216
19
371
59
365
51
174
988
506
613
200
494
914
843
762
728
942
807
684
377
1083
1160
343
952
392
597
1099
206
873
803
496
660
680
525
1168
758
428
1166
944
1238
49
438
801
1081
1105
29
1222
1272
150
279
585
406
259
390
555
875
109
230
234
565
196
1266
107
1202
220
1246
918
982
515
452
492
702
490
587
1043
650
1067
333
1051
136
1170
228
111
563
170
869
291
129
986
1188
897
906
775
125
1174
1095
551
1127
855
902
724
1077
571
164
1055
1145
9
1252
1117
353
363
355
746
764
936
543
793
779
734
373
1016
698
998
436
285
527
1037
99
654
1184
537
533
1162
398
857
881
912
1059
152
656
57
696
740
569
466
577
579
444
1004
412
418
1232
678
210
716
39
127
1129
1097
805
446
567
910
222
595
611
154
113
180
1234
1250
948
381
303
1010
432
13
1123
968
43
1061
35
1002
1121
1242
238
710
990
893
95
627
168
648
271
879
799
557
394
472
252
833
815
37
31
144
635
1224
1194
652
1049
301
375
889
1045
1153
502
283
978
385
573
121
1264
1236
190
53
752
73
797
676
1214
339
887
891
1141
1115
1089
194
561
1278
359
883
269
408
732
293
448
7
851
795
1024
1053
1147
539
71
519
950
1087
839
781
994
3
242
722
476
27
712
768
55
331
379
694
1033
1244
115
1158
730
589
666
335
420
468
1091
777
871
1079
134
623
1139
267
1258
690
946
442
1143
178
863
637
877
609
321
829
531
357
553
1196
281
924
1063
414
33
456
629
500
938
512
146
275
1085
1022
1101
692
1228
898
1208
1210
325
470
773
744
920
79
940
273
1031
1107
750
309
345
1190
188
81
1071
341
603
295
575
605
186
789
261
644
1240
337
1039
885
682
1057
416
547
601
240
599
156
867
958
688
434
932
369
980
454
248
289
1256
277
386
922
831
404
93
1254
706
361
674
1192
430
317
307
1220
787
1274
819
809
1119
642
1149
1008
791
704
700
158
617
256
956
559
1035
1041
1111
1069
1230
748
119
928
708
45
123
1103
91
85
720
349
549
47
1125
1212
1280
1178
835
908
305
498
1198
625
1012
202
972
1276
214
138
837
250
176
992
785
182
510
1020
672
930
1218
664
760
1018
1182
77
668
424
87
960
593
1027
105
825
1268
853
319
861
61
714
633
1073
591
756
1131
410
347
904
1065
1135
1156
1047
1270
535
859
89
1226
811
521
865
142
821
226
900
726
1006
148
603
474
1111
470
365
517
1121
1105
650
726
186
315
1024
134
341
1198
662
9
508
1113
885
559
958
1224
577
1133
1135
309
1006
887
335
337
670
690
176
795
847
738
218
1260
502
214
1097
39
946
466
912
319
388
178
446
839
789
768
1137
722
635
1101
190
353
379
357
301
817
815
1202
426
1004
688
142
456
329
97
629
1218
1194
1119
718
1232
869
174
484
442
478
1027
361
192
877
637
77
712
339
587
1250
269
1272
1168
180
1037
875
394
766
506
482
597
1180
1053
565
1099
966
700
926
569
601
476
234
855
702
1242
952
1043
930
639
1041
250
83
35
865
1212
1115
325
527
1151
472
492
744
1154
531
311
779
986
1196
732
758
418
1141
583
585
462
148
65
641
837
648
1031
450
236
444
920
500
480
819
377
710
581
101
1039
754
654
1230
105
694
91
851
615
829
452
430
184
1008
918
1095
827
605
809
541
867
791
571
182
146
123
1045
1186
906
208
551
1077
567
704
150
1246
263
633
1160
1125
944
281
599
440
898
416
1210
1033
533
17
25
684
716
152
496
1063
1085
893
285
61
303
111
438
708
660
1178
859
468
224
158
988
714
160
170
432
539
980
436
785
573
1051
41
424
99
1057
1204
916
53
1248
936
454
275
254
1075
448
210
291
512
644
1018
954
1174
720
343
220
504
1131
1129
140
138
613
400
1214
555
857
428
11
734
672
81
891
406
811
252
283
63
1117
125
1274
307
1162
1103
1069
1220
1049
879
1029
984
494
49
1149
212
458
740
1264
113
968
940
323
617
242
631
375
752
381
793
162
206
392
265
359
970
349
15
498
821
801
1012
248
652
900
561
410
1000
1156
188
1093
1016
1020
1091
611
154
1208
575
3
883
525
579
204
412
799
267
73
992
964
363
156
271
736
200
873
327
728
121
781
623
7
1172
420
1010
686
674
849
843
383
914
398
305
948
549
27
240
1139
696
1079
75
486
333
764
1200
543
119
1238
244
226
724
1061
347
1276
129
762
1184
1254
609
194
1182
835
1164
742
1109
523
627
13
680
908
37
404
164
390
1035
95
43
33
321
331
664
871
642
93
136
863
978
519
414
1234
676
1226
293
646
273
115
259
607
775
1083
990
299
521
460
825
902
1022
127
1170
563
103
678
261
132
168
777
797
682
1123
595
5
938
279
289
1087
1256
1268
756
625
956
813
1244
1266
994
51
922
619
1158
621
515
87
386
962
367
529
287
1127
928
297
67
1067
464
807
895
730
897
934
1188
889
1258
942
783
47
1071
144
228
593
1252
246
861
109
222
853
21
803
1270
172
345
434
313
117
1280
277
746
666
841
408
1143
1059
750
369
23
831
553
974
537
1222
1145
771
805
196
317
351
59
422
904
29
1065
1047
89
69
1206
1176
130
230
216
535
107
238
1073
85
79
1240
488
1014
1081
557
658
355
881
547
1236
950
545
773
833
71
1107
371
1166
232
1278
706
31
45
982
591
19
396
490
402
1153
295
656
960
845
1262
166
1089
510
1216
589
760
385
698
976
998
1147
1002
256
1055
748
668
55
823
198
910
1228
692
1192
373
57
787
932
972
924
996
202
1190
107
898
1186
1188
1119
214
543
972
527
781
736
1194
152
714
414
1045
718
942
9
476
394
15
686
906
1006
194
732
458
178
93
496
734
561
1127
581
420
510
436
1260
551
825
1145
750
748
1101
666
597
1041
950
1230
988
579
1258
303
1190
309
881
756
539
41
117
762
267
889
482
392
869
847
452
428
742
777
696
658
966
787
148
1002
168
910
656
700
752
1107
918
1212
1274
1037
21
662
779
319
609
19
895
1022
341
1117
182
37
186
519
924
1131
1000
547
1083
1147
39
964
660
329
867
375
1111
515
831
252
599
111
569
196
930
1051
1093
113
498
1091
234
170
617
432
1256
202
426
466
220
1264
843
75
47
89
343
758
166
760
726
1029
129
821
1137
1075
25
813
1069
408
652
323
1192
71
801
819
615
438
295
857
642
1232
440
682
893
900
629
174
793
242
944
57
545
885
607
871
1204
1168
827
331
887
694
59
1031
430
877
236
897
619
43
27
63
462
115
1024
688
773
232
424
992
702
508
200
335
1206
125
722
1210
1198
589
948
140
172
273
192
136
1065
692
954
160
523
996
1089
347
1014
1172
986
1218
79
33
285
1276
377
873
198
1018
261
29
357
883
1081
381
244
922
31
809
480
13
1033
105
940
154
1063
875
1125
1196
1158
517
799
287
275
1077
1097
1012
1242
210
315
1020
635
444
577
325
637
1234
474
1224
486
506
77
500
484
1043
639
460
1250
1073
789
1246
1240
1226
259
333
369
1254
1067
936
674
1252
855
706
305
837
1156
188
920
385
1214
863
952
478
976
849
771
418
932
593
307
1095
61
406
1166
958
716
91
565
815
1135
680
81
533
412
109
1200
1115
571
123
978
138
902
488
130
69
1055
797
1059
363
398
1174
625
627
277
291
228
926
468
553
728
3
5
710
1087
238
664
1129
1236
299
829
180
891
740
263
472
845
97
470
448
23
928
980
1113
35
216
1160
248
708
746
396
321
297
142
531
1222
583
464
359
833
555
970
371
353
1280
535
641
839
557
434
859
390
676
791
383
775
404
1164
644
256
1105
1053
73
738
206
1008
654
587
51
879
567
938
1220
416
1151
766
712
631
1049
279
492
345
573
1079
1170
1035
1268
367
670
537
807
1133
156
768
1010
990
1149
956
49
512
1099
281
162
146
402
17
1244
650
119
121
521
1047
803
795
85
446
95
283
1141
982
224
1123
45
1121
601
1154
158
317
605
450
613
754
504
230
841
585
744
633
144
835
337
914
265
218
946
960
490
67
1184
563
962
968
269
623
668
150
53
226
720
254
55
998
529
621
240
65
127
912
851
184
994
271
1178
327
724
1103
611
456
293
1057
7
984
1162
1085
1216
99
764
1109
1208
355
1248
1266
246
559
904
1039
494
1270
541
1238
1004
442
313
11
1143
373
1176
1262
422
678
164
134
1027
1153
974
704
805
1180
386
1061
646
311
908
648
603
698
1139
861
916
853
672
1202
549
176
823
1071
103
222
365
204
730
1272
811
1182
212
525
591
1228
595
817
289
575
132
502
400
410
208
301
783
785
351
690
349
865
684
454
1016
87
1278
361
339
101
934
250
83
379
388
190
627
1139
660
400
1242
1039
1156
39
25
561
1276
5
277
637
1111
906
168
946
125
1214
236
646
75
1071
1272
142
33
537
978
1147
438
974
97
81
791
609
833
768
956
908
1206
1184
1099
351
216
285
873
396
920
466
418
414
367
547
898
442
327
851
970
688
71
694
416
764
517
811
841
166
1010
47
31
121
891
527
291
1000
1164
1192
490
1145
771
639
430
134
900
319
422
339
623
1103
1016
341
303
61
43
910
464
702
440
607
1234
855
712
1230
279
633
1190
718
625
1079
178
1222
192
136
1256
746
525
1067
1202
815
1137
194
589
1123
952
184
313
829
942
587
232
603
1270
500
1125
154
325
615
867
408
9
377
492
988
65
1031
1168
1049
652
672
777
21
37
1204
734
785
690
1117
1085
787
301
113
990
803
730
1008
347
218
198
926
1063
1240
1037
172
369
160
295
940
99
680
176
1115
924
412
1047
1035
111
1174
515
1045
1131
470
1024
573
1097
821
849
883
736
87
1073
1220
240
398
557
1238
357
174
148
152
436
706
1182
49
428
1166
819
1105
996
1232
684
406
932
857
968
563
1041
783
668
371
271
881
662
773
230
234
801
756
488
521
1107
1055
869
180
359
897
506
617
248
420
889
335
228
629
375
877
164
585
23
1004
555
190
59
19
1043
293
704
944
1095
960
424
188
117
1012
1274
1018
583
972
446
353
809
250
914
728
462
333
281
238
1278
569
329
224
930
273
708
381
1057
1196
3
1093
482
1119
631
1061
103
170
648
918
510
571
904
1246
484
1218
337
480
404
845
508
543
1212
599
986
579
825
1154
863
748
954
256
132
361
641
11
595
476
696
817
410
1248
283
1083
315
539
305
83
567
962
1258
601
621
244
200
1170
916
553
813
1059
720
964
261
109
432
732
452
674
1226
1087
162
504
53
710
605
17
1129
51
928
1262
1002
379
1149
762
91
345
1151
15
212
613
299
27
1208
950
1172
847
196
795
938
859
7
1224
750
454
658
619
670
895
150
1014
716
1077
269
57
67
512
1020
474
101
934
287
458
754
186
635
55
1254
448
472
831
837
206
666
966
226
682
611
494
793
726
1158
871
182
450
1029
138
1186
390
1141
781
468
204
478
887
559
355
1252
158
13
593
823
1121
1006
893
976
700
259
758
444
982
392
385
797
875
107
1075
1228
63
998
1101
144
992
1033
502
789
222
523
210
1210
365
1180
724
156
93
827
742
1178
1176
95
698
835
1244
807
89
1264
1200
879
692
775
656
41
119
760
388
265
519
252
1022
307
402
597
140
591
311
654
331
77
79
309
496
1113
246
678
1236
853
1198
321
69
123
1053
1069
958
650
535
373
349
1143
343
1250
545
1162
317
434
460
948
531
805
456
45
1027
779
740
1109
1268
35
115
289
912
363
1091
1135
1153
922
383
426
127
394
323
130
664
529
714
843
738
275
1194
752
1089
766
565
551
129
744
722
386
486
1051
984
936
85
202
839
1160
214
575
1280
642
1081
980
146
29
208
267
1260
1133
263
498
73
105
242
644
1127
799
902
676
577
1266
297
885
220
686
549
1065
1216
865
254
581
1188
994
861
541
533
758
353
619
97
1145
1073
539
889
813
891
855
635
904
502
551
117
712
523
311
1119
105
422
196
136
1174
238
777
129
948
1228
1278
547
928
375
315
771
1186
452
662
521
730
885
200
442
567
1180
396
206
45
1127
603
879
1162
61
960
486
488
365
952
440
404
1085
714
146
698
1101
448
446
775
450
140
343
605
873
1246
599
1063
123
845
392
637
1031
916
1107
990
1045
1057
1033
1143
529
958
672
642
73
1069
1039
79
111
658
132
795
297
865
41
432
833
1226
561
978
1188
666
581
1274
164
1135
519
512
1115
922
1192
633
323
857
728
109
478
261
379
476
1000
160
573
1035
1149
668
823
1190
1153
853
811
954
337
839
629
639
746
305
571
1139
265
627
1230
89
236
819
426
587
490
694
142
781
641
1141
825
363
940
341
81
754
764
472
176
964
381
359
1075
127
508
232
43
926
436
1079
246
130
49
1109
67
1214
377
299
914
670
51
1256
986
65
335
789
333
1137
996
607
107
924
859
345
783
1083
285
988
289
1008
355
119
47
1252
898
569
13
565
1103
281
103
966
938
1010
706
1260
732
597
809
3
367
31
115
678
1184
263
500
835
918
1125
742
686
204
1123
762
158
287
494
720
95
579
974
718
541
1129
1170
1121
39
1238
5
1248
1218
313
406
1147
27
11
454
910
327
768
252
1014
1236
480
1280
291
174
815
871
464
228
877
625
1254
428
1264
631
515
950
303
557
543
994
740
510
1065
83
192
734
87
293
900
700
1250
470
101
674
224
408
23
148
930
1059
1099
1270
821
162
57
577
37
1154
410
756
418
55
1077
91
1067
250
319
517
424
962
1022
851
202
1198
386
1061
1200
553
1234
1055
317
214
279
736
1016
1053
1212
897
504
301
93
69
617
218
307
779
773
912
611
545
680
1160
613
325
1166
188
361
1208
984
1220
1081
803
644
682
1172
434
623
702
1131
210
484
589
799
980
559
843
482
575
1071
63
1202
861
1206
283
883
1024
1089
1178
976
817
563
271
827
664
1242
849
535
1244
1091
549
331
168
748
456
752
75
982
1093
414
1224
972
533
430
895
144
178
277
942
1018
1182
351
908
805
99
1194
704
273
349
186
652
466
259
1043
1262
555
462
684
402
1222
150
936
208
785
906
708
1266
400
154
492
19
33
17
347
807
1095
398
506
388
156
724
692
240
1037
190
1196
867
902
134
321
797
182
527
1240
59
121
998
1258
591
656
212
226
474
460
968
25
172
992
601
696
650
248
416
1113
621
648
875
216
113
170
1004
53
369
525
254
1105
646
9
847
230
496
184
7
242
458
267
932
970
390
1097
166
1002
1006
609
29
1047
787
583
688
654
412
329
585
831
1012
373
716
1029
71
194
1232
1151
222
1276
881
309
944
438
1168
760
956
869
710
837
85
829
531
357
77
1272
394
934
887
1210
1049
295
125
1087
1156
801
595
920
690
244
946
1176
615
15
1164
1027
152
275
498
1268
385
220
21
138
766
676
256
339
793
593
420
1216
468
444
722
1020
1051
791
750
1111
841
198
1158
234
35
738
726
371
1041
383
1204
863
180
1133
893
537
660
744
269
1117
746
37
932
835
847
1043
150
333
968
1113
339
696
1099
1095
289
398
109
1091
684
1153
781
771
113
220
611
964
381
271
1158
1276
412
299
313
519
775
958
140
515
472
599
557
263
1008
712
1156
23
648
1083
549
940
783
639
900
309
902
142
924
432
75
1162
869
1204
208
1087
265
575
460
1109
1039
444
589
714
1063
468
297
944
980
361
353
134
1268
1067
277
418
633
1093
619
206
164
525
529
1141
833
722
33
1194
807
230
498
734
654
283
45
406
394
1073
91
609
748
103
795
918
317
49
793
1242
837
71
984
7
891
553
101
904
1226
293
168
1170
174
194
136
1027
5
1151
67
1139
9
99
517
400
595
377
125
831
512
1107
738
105
1220
311
541
1192
390
240
13
214
1202
1274
1097
279
365
680
960
1085
480
87
347
97
555
871
962
855
196
938
1105
974
821
535
238
373
1125
650
942
355
1147
182
750
1270
478
956
758
1160
506
1188
434
732
470
617
895
117
15
666
35
1081
1119
845
926
1246
978
369
1053
1002
756
893
1256
1145
482
1216
799
77
668
1131
577
686
704
690
1186
47
539
797
452
573
210
305
791
724
789
1111
563
551
621
728
388
291
1210
950
664
490
180
502
658
843
178
1260
571
1168
244
204
1077
1200
1244
875
1178
972
527
1174
948
744
954
777
430
321
1172
1012
760
1278
25
256
607
674
1228
261
1129
188
853
694
484
676
672
581
591
805
877
863
779
1024
315
363
450
81
454
1051
1117
246
1035
637
946
402
803
414
144
396
254
1252
226
706
889
51
644
827
426
605
1010
19
474
766
166
488
841
1065
1045
585
1127
1103
1196
242
119
1234
922
85
1004
1033
787
839
510
982
295
329
152
897
1069
579
1258
1149
273
898
436
29
1049
386
428
531
27
69
885
773
601
1143
79
327
1020
593
464
424
698
754
700
1055
1115
448
1208
250
970
597
500
692
569
547
823
1137
1236
65
768
496
1016
55
996
1230
438
95
1029
851
422
656
59
934
198
351
383
1101
307
583
635
702
716
652
976
662
218
269
815
93
127
446
1212
627
543
988
456
736
811
1264
726
1047
1154
1238
1059
57
1000
1071
385
410
11
1218
1248
708
966
331
508
89
190
998
910
1224
641
275
325
825
1176
61
408
486
186
420
259
1121
162
138
742
43
567
613
379
232
992
357
718
883
660
688
41
343
1272
17
476
646
129
1075
335
801
222
216
392
1214
561
1037
615
462
267
936
857
83
359
1254
994
3
200
53
281
908
587
849
873
31
859
341
1266
623
212
170
565
236
228
930
813
404
1133
1123
523
1022
867
625
603
158
1166
990
829
146
861
202
371
63
154
121
730
184
740
752
1006
375
160
1041
285
682
986
176
521
809
1190
952
710
1250
928
123
1262
642
1079
1164
559
762
1014
1198
492
73
156
21
1182
466
1057
887
670
349
224
367
1240
287
785
764
234
337
172
1232
440
1206
301
1280
130
631
192
252
678
1061
906
533
1089
39
1184
879
1180
107
323
111
920
1222
458
629
1031
881
494
912
865
115
416
303
545
132
442
819
1135
1018
817
916
720
537
504
319
248
148
345
914
895
758
1085
470
232
900
777
692
400
81
25
652
573
897
123
271
7
244
611
690
1248
438
369
31
129
208
442
962
785
15
789
138
1244
597
285
1154
101
125
873
932
180
859
956
63
119
633
1278
1109
222
1053
865
1063
303
1012
637
498
877
724
833
948
434
1276
847
388
246
940
394
1123
768
109
902
904
327
976
200
938
297
658
972
710
1266
1097
561
53
357
549
127
1242
684
869
1115
1200
817
577
1127
533
1250
226
216
214
545
95
512
335
69
688
1065
273
1101
1151
492
321
871
851
609
1041
646
1224
881
1234
746
930
1280
1121
1061
734
686
1081
569
97
1002
277
742
1125
670
970
468
996
756
1210
603
385
506
474
740
908
857
958
476
17
783
337
1135
980
912
261
835
117
238
315
454
625
1174
206
706
13
377
1010
1153
504
730
1232
67
1020
922
426
1222
1113
59
1264
416
267
525
1039
1087
887
1176
146
537
293
519
1216
242
664
750
1035
1014
736
105
861
631
1069
702
480
361
1051
140
791
73
1129
1031
575
1093
309
21
156
601
718
281
1166
1220
1156
162
910
607
867
343
375
771
5
1107
529
1057
906
166
1079
295
1160
65
1147
220
450
1071
406
914
1196
103
488
29
775
823
202
825
811
176
460
428
259
33
351
224
182
738
158
527
51
585
916
964
420
367
333
571
440
1236
301
1103
319
1137
819
815
660
432
339
837
642
579
130
954
1198
164
752
722
654
1018
1006
1238
1186
1045
178
263
1119
988
831
1190
174
204
1182
510
704
359
148
136
77
885
289
539
9
1262
1192
307
781
381
764
555
1254
766
748
446
829
402
500
648
1133
115
587
341
317
809
1228
154
966
1256
593
779
998
821
1141
331
430
672
49
1111
676
383
517
1204
464
170
3
581
412
85
363
1008
720
1059
797
1091
152
694
855
942
269
323
353
1164
83
982
696
1143
934
879
521
254
462
494
773
121
1246
71
422
414
650
839
1274
1089
918
898
478
355
142
974
1083
1206
408
234
404
1073
803
644
883
172
1047
55
89
515
23
662
19
1226
805
1033
1139
813
283
132
543
236
557
168
762
621
615
386
728
668
1252
547
496
1117
1180
936
875
218
744
841
250
523
35
305
27
1218
212
801
639
188
950
960
708
700
349
107
287
1099
79
926
436
1043
716
712
1004
1149
827
563
678
311
192
1202
990
410
1022
190
1077
635
1194
196
1024
345
799
1178
186
531
567
113
252
793
541
1000
1240
144
379
920
99
1055
583
111
1260
160
248
1208
1029
228
47
490
87
1258
599
714
944
863
946
984
1158
1075
891
150
605
256
482
928
1067
11
565
726
1230
279
986
889
1105
424
275
313
508
418
61
787
682
240
194
924
396
1172
134
1212
617
1145
57
45
390
91
674
1027
472
265
347
484
452
627
656
553
1268
502
466
458
680
43
1170
591
329
994
595
535
93
952
1214
760
456
398
448
992
1016
623
698
629
37
373
754
589
1168
371
1037
230
845
325
893
807
619
1272
392
291
365
486
551
666
1131
849
968
613
75
299
1049
1184
184
732
1270
853
795
1162
210
444
559
198
41
978
39
1095
843
1188
641
57
1154
1087
267
136
119
734
313
1174
771
855
829
726
998
343
123
492
648
1210
432
696
658
581
1153
1085
1079
234
1260
309
363
1158
283
801
383
787
978
650
1109
754
863
994
968
482
412
160
904
381
101
956
551
37
831
1276
623
1031
1206
35
1045
1121
934
839
760
1049
222
1149
349
265
1069
845
859
527
740
664
450
146
1198
619
698
1204
702
1194
1061
194
700
166
984
168
946
521
506
1010
690
494
1133
335
1089
652
817
5
750
768
519
394
321
992
436
69
517
29
287
1035
460
1065
918
654
670
893
448
452
531
305
414
418
1200
583
718
327
694
646
938
990
809
954
130
539
256
1184
470
970
779
103
1075
466
33
1188
1236
182
773
117
490
1280
430
666
716
811
311
1006
224
113
79
1178
952
127
722
404
291
281
192
803
25
775
928
186
232
706
1093
565
1029
289
1242
379
369
89
668
1000
420
1278
1063
1156
1274
764
236
1059
676
67
359
561
795
17
228
869
724
926
1180
1117
879
1051
515
877
857
1067
426
950
1123
19
164
672
908
329
200
1143
504
442
83
1101
944
611
881
81
781
63
424
1018
77
609
1266
261
738
367
1027
714
1145
180
597
914
1216
841
1232
410
13
337
756
1222
1258
508
966
365
500
789
252
125
402
1111
339
1037
827
821
960
599
440
178
974
1103
785
107
1105
1248
744
392
196
547
53
388
190
752
206
641
1139
162
601
1160
204
980
573
1033
835
184
557
373
589
621
575
254
639
361
188
428
897
422
823
525
605
1057
49
637
660
1131
791
1176
478
867
807
1020
964
1250
216
323
23
198
484
458
1041
777
535
871
746
148
920
1186
1097
476
172
279
543
1095
1166
248
982
1214
396
742
986
295
385
972
615
720
843
259
293
537
958
680
333
115
682
218
238
65
246
510
1170
1264
799
11
1190
1099
325
61
545
319
416
341
345
273
1262
728
805
833
1230
1115
553
99
269
766
577
1226
1055
91
563
355
932
226
1081
815
486
1272
1270
656
454
922
936
861
1012
853
220
849
512
736
7
277
152
386
710
910
1202
906
559
1127
434
271
1208
631
400
996
109
132
625
1246
71
883
762
1083
315
595
865
662
603
1022
1008
73
1129
202
242
633
1224
529
263
627
1024
1077
1218
873
825
523
1244
924
462
331
819
244
357
549
758
3
684
285
351
27
1256
488
43
444
446
138
783
617
962
1172
212
87
129
45
887
1004
948
93
121
916
230
496
39
900
686
1228
678
940
813
111
541
21
1053
51
301
297
214
1162
9
377
1113
75
208
692
1147
569
1238
567
140
674
438
533
1168
170
642
375
591
875
210
371
41
15
797
150
644
793
1071
1141
472
456
579
95
406
732
895
1234
635
1014
988
474
885
555
1091
942
105
299
468
891
712
902
250
889
912
1268
1137
748
1125
480
613
1016
688
976
1119
97
847
317
851
390
464
142
275
1164
1043
134
930
629
1039
31
837
85
593
307
347
704
398
708
585
55
174
408
156
1220
587
1252
1135
1151
1254
607
154
571
1196
898
47
730
158
1182
240
303
498
353
1073
1002
144
59
1107
1212
176
1047
502
1240
1192
1049
877
954
845
337
464
972
220
1091
327
579
936
595
517
349
65
835
202
694
73
547
902
1258
813
559
974
162
375
263
740
506
992
1111
799
994
85
613
738
585
466
926
684
567
549
1101
1188
519
299
41
365
611
827
1129
355
305
1190
420
1079
61
450
523
123
706
756
196
912
553
690
601
1149
1039
1154
186
462
587
1252
1184
700
898
688
156
388
291
960
1242
1186
359
1266
154
938
418
248
644
760
265
1156
539
853
408
7
5
875
13
1164
1256
1151
77
948
555
271
1230
216
565
928
968
908
25
59
988
964
113
1135
406
1254
315
49
174
1093
573
1083
212
244
43
510
773
1180
768
785
134
1137
1081
460
1047
662
1262
240
686
434
823
482
267
200
172
633
273
621
724
234
762
1018
529
269
1274
639
369
357
1210
1024
379
125
398
716
21
1045
180
766
432
1260
1073
666
275
1043
31
805
543
309
232
819
1236
236
117
218
498
170
1174
97
502
281
678
373
615
285
914
1113
791
736
23
371
1057
1220
597
468
551
93
605
29
793
720
144
1014
525
807
1069
996
472
758
1099
900
871
1153
279
385
101
111
1031
295
1264
392
289
962
297
1276
442
99
1041
809
410
557
1162
250
660
1119
1097
764
37
176
833
746
89
674
168
1272
1166
1278
91
35
1170
680
1105
283
863
752
569
381
849
1194
744
930
541
424
664
53
940
910
803
127
454
146
496
138
246
67
1248
627
668
27
341
607
637
583
1053
303
428
712
1240
571
599
63
1095
654
192
1182
329
426
702
797
400
990
843
164
698
9
1222
728
1020
646
1270
430
682
984
1012
617
535
1071
748
396
944
142
527
377
57
672
779
918
242
1027
904
452
480
129
363
321
230
531
55
881
1244
883
119
1109
95
208
325
69
458
619
879
1133
1123
361
730
783
867
980
353
603
335
1226
47
130
656
609
631
1055
204
1147
869
986
1143
1037
1250
390
39
79
178
1141
490
577
545
444
198
704
11
839
440
893
754
512
81
831
311
652
593
456
293
1121
952
474
214
825
504
182
1085
1192
1238
670
103
998
500
641
416
15
1196
71
922
1160
1176
563
478
650
190
710
160
492
821
343
1010
313
105
319
1065
446
1158
950
1002
1107
414
1004
1214
885
1006
222
865
873
1139
261
561
75
966
515
148
339
1075
1212
394
45
404
1087
1067
815
188
851
333
906
1208
932
484
956
1022
777
1218
226
1234
345
982
946
1172
228
861
287
1103
1200
942
920
734
83
1224
1216
859
1077
801
470
351
916
533
1204
19
140
252
811
771
1008
1168
976
184
347
331
635
254
742
855
259
718
625
1125
1089
696
210
795
206
51
17
897
841
3
87
402
1198
837
787
978
488
789
412
714
591
301
323
575
817
676
422
1178
1131
486
152
692
1000
750
934
1051
924
158
166
448
775
581
132
436
891
256
307
1232
438
857
1029
658
623
494
150
847
386
121
115
895
1280
521
887
1035
1117
33
537
194
1016
1033
1206
722
889
109
383
277
224
1228
642
726
1127
317
238
1063
1115
829
136
1145
1246
781
648
1202
708
629
1061
970
367
958
107
476
732
1059
508
589
1268
1234
1107
5
190
166
873
1127
188
252
25
500
668
33
1200
1029
113
656
89
154
408
996
452
557
121
1278
1033
1216
1087
646
361
541
809
456
599
819
1091
238
611
641
158
607
831
902
793
234
1240
174
115
1049
1061
482
148
442
275
1055
835
27
502
1188
537
79
764
718
940
1018
698
799
228
1212
299
97
1145
861
349
309
875
918
1129
791
1158
263
803
172
119
583
289
692
1260
208
863
1105
236
198
297
700
35
642
192
160
1051
130
1256
625
635
1226
440
343
305
486
77
1280
1037
744
591
345
748
1276
404
954
226
734
430
519
1135
1214
920
1083
339
1156
887
821
648
1117
1172
549
775
962
138
906
446
1113
1020
422
926
773
428
982
1190
1109
938
220
827
466
1121
928
412
1035
246
577
144
1182
432
714
371
232
708
960
200
984
849
65
23
81
204
1222
575
168
1047
922
726
702
359
273
31
444
73
1012
19
1244
1045
1176
515
206
1027
1220
1010
125
664
29
569
855
436
75
672
285
291
402
680
837
674
1006
146
908
478
1097
269
254
555
654
817
527
1123
1111
1067
722
785
83
107
777
140
142
525
194
581
476
365
178
385
758
1141
484
170
117
1075
992
845
771
57
383
210
1131
317
287
732
980
216
730
1077
301
950
750
914
766
865
684
1081
704
458
644
1079
754
1059
1016
815
353
101
944
37
1218
1262
259
1119
1039
924
150
152
787
45
186
176
1248
53
1266
337
1000
660
1166
627
424
1252
1194
398
1154
319
904
595
406
1153
1224
1085
631
605
325
307
781
976
841
916
563
889
670
958
742
504
609
1002
277
460
893
13
706
327
843
256
85
182
1264
381
942
498
295
910
1254
293
164
898
539
61
472
315
601
1089
230
952
1031
1063
686
573
331
1149
974
1208
823
932
1250
1258
7
762
597
1073
1232
1170
454
535
615
388
547
825
69
341
746
59
438
250
3
355
716
690
271
895
936
480
1151
621
224
464
807
1008
1210
129
1043
109
682
994
603
1160
156
202
351
1014
619
851
420
587
839
801
829
71
379
970
11
869
897
545
367
335
67
650
724
1164
720
492
218
132
414
871
728
240
41
418
1238
1174
162
1204
867
966
617
666
946
637
529
805
1186
760
1024
988
795
565
968
1071
91
551
43
531
196
1053
490
553
736
696
900
357
912
1274
881
1178
678
1115
136
543
948
1147
633
877
281
1004
313
39
470
1041
847
561
1202
333
434
9
972
1198
1069
390
242
123
517
859
891
394
567
377
712
416
21
811
533
1162
783
244
1246
488
261
857
127
184
738
496
386
180
279
15
410
710
593
303
1065
267
1268
375
363
694
462
1133
879
629
508
559
613
63
396
990
752
1095
347
111
311
105
95
1206
652
1093
400
134
103
978
1196
321
214
579
930
369
212
248
474
1125
1236
468
986
55
323
93
658
448
329
662
571
494
639
1057
47
885
998
853
779
768
756
740
523
797
1184
51
1228
1192
510
1137
426
450
934
1230
833
956
1168
883
585
283
222
789
506
964
676
623
1101
99
521
688
17
1139
1022
1272
512
1099
265
589
1143
813
392
1103
49
87
1270
1242
373
1180
95
1176
265
573
807
174
823
496
674
710
1262
1151
893
196
119
1121
988
589
309
1236
766
952
127
1268
849
555
361
218
932
385
154
129
113
474
1075
1147
111
168
115
39
329
525
603
1186
504
63
117
222
859
982
81
799
238
422
355
545
432
658
563
672
611
426
402
948
35
1022
682
1115
910
172
404
956
877
1127
130
839
512
462
41
15
777
1051
1057
930
750
523
1117
210
652
480
1200
198
506
99
662
285
1270
898
452
381
664
379
557
515
654
744
1238
1280
67
103
825
303
805
1139
230
242
1091
990
1190
1061
740
543
283
1039
144
150
1101
1145
698
623
851
702
444
958
351
71
327
863
547
248
1234
1002
250
617
857
510
881
1202
1059
609
1008
1071
246
259
706
275
1198
305
613
1160
1192
484
869
976
464
1178
11
1105
875
1087
764
132
906
1024
579
65
375
633
383
311
998
708
734
593
791
650
176
1266
1095
1276
736
1135
13
398
1196
142
57
204
1053
940
234
1228
1226
335
412
440
21
819
986
273
51
984
1240
827
644
648
887
895
883
315
533
224
1222
101
339
577
47
458
535
561
1065
946
363
91
853
722
793
720
1188
980
140
1131
166
109
922
408
670
214
1012
416
1081
1218
5
343
811
45
676
964
813
1206
254
182
797
601
291
972
1020
492
323
208
498
758
567
924
934
891
704
1006
476
1250
454
220
635
1212
914
373
1182
1180
164
152
307
803
25
1258
279
559
206
646
190
815
760
950
680
625
396
902
539
688
490
450
263
581
55
716
779
267
424
642
377
726
1055
821
619
1272
1254
529
200
97
775
500
1129
73
1232
656
531
1111
369
1014
281
517
817
1041
871
434
714
718
692
918
17
960
690
232
357
942
904
1069
1149
879
27
436
1083
549
1174
69
587
756
571
1029
61
337
317
974
1077
394
1153
202
410
831
1162
105
629
936
456
1033
926
353
1047
442
599
847
1214
1168
966
87
53
188
388
867
319
789
627
502
331
583
962
3
694
43
482
347
256
7
1043
855
696
575
809
508
468
569
156
994
446
841
107
686
607
551
1220
1208
631
730
1063
527
1246
783
180
186
668
954
301
438
1073
333
597
31
325
448
345
833
762
970
845
1252
1158
365
873
414
738
666
148
418
244
748
428
478
978
1194
1123
75
123
406
781
146
829
728
1016
541
125
400
470
843
386
787
1037
79
521
392
1133
1107
771
158
944
1244
1278
162
240
23
678
1067
897
1170
591
732
49
637
700
585
835
684
1099
341
565
1109
472
1125
1204
1010
170
1256
19
194
595
912
269
1137
293
1154
460
277
1018
59
1089
742
795
1172
488
216
486
1248
299
359
968
1097
837
752
228
996
184
1119
1260
367
992
160
1141
801
519
1045
920
271
785
261
1184
1093
908
1224
1274
9
134
297
1166
1000
37
93
321
615
236
287
1230
1156
537
621
928
430
1113
938
916
1143
660
1085
712
754
639
1210
1027
466
1031
83
1164
553
178
226
889
768
212
746
295
77
89
192
1242
494
1004
349
390
1216
33
136
885
121
85
252
1103
313
861
865
29
1035
724
773
289
1079
138
900
371
420
1264
641
605
1049
914
123
1154
920
496
579
1107
127
639
789
982
603
1041
1158
1037
698
234
853
23
35
1113
1123
621
468
702
1236
1160
97
523
607
1280
275
646
200
670
311
781
142
984
418
950
611
256
347
1238
323
944
1278
388
39
416
817
1180
1170
1266
1178
1133
174
45
650
273
1131
1129
55
831
5
533
1254
859
1012
140
940
1075
541
430
506
633
1071
238
648
956
484
1174
805
287
561
869
383
1186
25
1206
379
486
198
1073
248
656
605
119
208
1020
597
307
932
593
91
1248
1004
954
821
1262
422
113
571
986
517
402
700
412
589
875
543
889
448
1109
865
575
787
988
910
898
668
539
105
978
577
53
623
1089
1220
67
267
819
833
482
1053
839
1172
160
206
742
654
666
130
69
1067
1218
381
1270
726
3
684
841
65
736
172
1208
259
1014
1097
194
136
1031
1194
958
583
972
1117
420
305
1024
835
1057
400
285
414
754
724
295
722
1061
1274
581
1260
462
1252
333
1077
494
1141
553
960
480
873
1022
226
281
1240
186
146
138
1087
355
1065
341
1016
337
89
242
1264
1214
1125
1027
464
1105
1184
752
428
934
1093
212
904
500
1230
619
263
474
766
271
930
1018
1210
1010
744
466
291
37
996
29
1139
591
31
529
587
1198
349
47
315
976
353
93
1276
454
1127
440
476
321
714
244
49
188
1047
1196
166
531
125
81
992
369
809
773
746
768
202
385
615
710
777
111
478
1008
948
57
551
434
390
184
154
19
706
644
676
490
891
712
373
398
103
748
1168
164
1228
220
674
1111
329
641
214
450
916
1081
289
825
1091
43
512
148
1166
446
867
900
1006
658
887
182
386
15
1063
363
1164
750
265
1069
906
627
1115
1143
779
95
861
170
519
893
303
557
83
204
472
793
331
918
299
535
510
1101
855
1002
1051
690
585
232
180
508
176
1258
297
762
760
218
33
962
652
250
1200
1035
61
498
301
1250
662
521
277
980
740
327
1244
549
1049
720
444
470
797
357
254
1188
775
696
1226
811
555
525
912
936
845
502
813
156
1268
795
51
442
230
79
1182
672
559
158
803
613
829
545
152
410
785
827
563
178
686
843
210
424
964
815
642
599
565
394
438
883
1043
224
458
9
436
885
41
664
261
134
216
1119
129
109
1039
73
756
847
728
132
168
625
77
1162
879
807
908
990
1103
107
851
59
1153
547
309
799
456
637
764
942
631
367
27
365
283
1190
335
492
452
1000
871
601
406
946
970
1272
144
688
682
791
190
1232
1202
730
926
1033
222
1234
1055
325
928
361
1145
196
432
246
115
708
343
377
1151
1147
1242
738
313
783
617
345
162
1192
734
902
609
71
1079
897
692
732
881
895
569
317
228
595
924
236
849
998
527
240
952
1099
994
504
371
7
359
1095
678
1149
1083
99
629
396
537
1029
718
1256
1045
75
1121
339
801
117
21
716
922
101
1216
1135
63
426
269
17
837
1156
857
1059
694
823
771
567
660
252
863
938
758
704
279
121
1204
488
375
573
408
1224
150
974
460
87
11
404
351
680
515
1137
319
635
293
877
1085
392
1246
13
966
1176
85
1222
968
1212
192
875
238
1133
817
833
877
954
142
692
611
1063
295
222
849
1031
635
1014
839
335
795
648
291
857
873
444
448
940
900
1065
43
531
970
462
9
480
97
617
434
603
164
117
1113
200
716
684
256
912
5
517
1190
609
132
176
13
623
488
1035
512
758
287
1135
898
95
186
184
103
130
992
710
343
424
490
958
613
551
930
1097
313
1164
11
323
601
115
557
228
341
1280
319
345
775
369
299
869
1256
134
895
470
1018
835
549
629
641
678
1047
1101
762
37
773
156
1121
966
275
642
1258
672
841
1188
172
442
500
972
504
881
71
533
1004
1049
926
422
724
1202
605
1006
879
960
347
902
793
39
333
458
1115
974
1153
1210
734
1123
910
712
853
1252
956
158
379
492
208
1204
694
190
920
1222
224
452
271
220
1228
998
827
529
593
698
138
1168
35
1139
1109
182
1129
140
289
625
922
65
750
916
357
402
646
454
91
1105
406
244
252
394
468
383
996
1051
392
1022
3
779
113
265
1045
986
123
855
889
1178
315
936
1037
351
748
1077
1119
1127
736
1162
908
787
464
1137
307
756
396
363
240
851
17
426
688
1182
700
843
738
1246
1075
377
994
7
234
194
198
702
53
527
212
575
87
627
515
57
742
1002
127
1166
535
21
555
400
430
1248
1158
166
871
543
33
367
154
676
180
1083
1055
1067
591
361
1244
656
496
821
801
885
1016
523
125
1091
1057
1087
412
732
1174
1053
67
589
277
1264
766
777
539
662
740
785
633
1156
1061
51
1093
1236
764
1208
950
1089
236
789
1234
339
805
1180
660
486
242
567
1278
174
1039
1254
168
982
1103
809
283
682
410
89
1276
77
375
93
883
261
783
1012
373
573
47
686
904
267
607
1268
1224
650
1151
1192
226
1220
386
819
1071
825
107
508
297
388
148
829
204
59
398
1147
146
414
1043
79
1149
250
706
446
621
569
666
893
301
1107
19
891
887
1160
525
29
353
771
720
768
799
565
428
472
615
105
285
202
416
847
1059
101
440
1274
946
1176
561
119
303
559
1117
918
744
129
823
1240
714
1262
99
541
680
111
1170
474
976
521
1270
934
365
619
1131
553
968
327
585
438
162
404
136
637
246
31
674
815
1141
1095
121
1143
813
281
1266
797
450
218
670
1230
658
1250
160
1198
948
863
1212
144
359
502
587
1099
726
631
583
150
25
718
1186
924
1194
305
728
55
73
952
482
942
861
867
547
1000
325
654
329
170
837
1027
1172
1272
494
1081
791
984
760
311
668
178
210
321
85
1216
722
460
704
1242
418
49
644
708
865
928
152
273
498
1184
69
859
337
1196
216
545
506
63
906
1218
1226
293
964
81
1145
355
980
230
690
109
978
1154
484
1232
831
381
938
476
279
75
537
1079
45
696
420
639
730
595
1206
1085
1214
27
1200
61
1008
1024
897
581
944
478
15
845
206
317
1029
232
248
269
563
1073
803
807
309
752
432
754
188
811
254
331
385
652
41
746
597
962
664
1238
781
1010
914
1260
259
599
23
1020
1111
192
1125
263
456
1033
196
510
408
390
519
466
988
1041
214
349
371
1069
932
571
577
83
990
579
436
720
238
1041
129
502
103
700
1016
186
1232
1101
31
944
942
734
422
7
1014
1200
599
178
404
1085
740
329
1107
208
1022
424
1230
982
414
234
67
779
1268
1174
1176
256
410
623
1208
416
1272
1240
694
69
313
1252
57
827
714
1029
551
402
867
271
589
656
1127
363
386
285
482
1012
478
823
635
738
676
948
325
434
293
557
297
591
158
537
650
17
768
773
49
1264
265
160
55
428
125
267
1081
301
1168
803
875
1270
1045
1238
130
1182
240
1228
1248
97
914
607
1246
1250
91
1065
644
25
974
819
1006
517
980
1154
464
648
1010
1274
545
926
577
259
1218
476
619
283
932
1172
625
349
1234
504
484
805
1053
1093
29
547
893
664
156
642
1194
279
359
1027
375
970
105
244
299
1077
323
617
426
254
900
553
1196
920
89
811
388
468
347
95
111
748
132
224
984
1000
883
13
99
781
912
1156
275
918
686
148
59
1266
613
960
101
119
472
210
248
1188
1087
565
269
885
992
908
212
1089
408
1141
1057
303
938
357
73
71
1055
815
541
361
305
1202
51
837
470
1031
652
220
813
690
712
535
166
85
367
1131
672
521
510
190
906
1198
730
206
916
1071
1073
317
1192
192
654
242
43
273
783
726
319
789
881
291
315
1151
898
736
47
371
5
381
3
994
460
436
795
1125
575
506
420
579
529
1097
680
1111
1256
863
833
1037
732
170
817
847
63
214
595
146
710
164
37
674
1212
728
432
1145
202
1149
910
605
573
581
216
1095
1162
563
261
1113
117
351
851
760
345
152
65
398
140
519
448
754
1047
1117
895
615
1043
1258
194
9
1083
83
1109
1002
1147
1280
1180
392
940
539
1236
134
549
450
1222
246
500
23
1105
123
597
986
53
859
660
196
1204
127
295
964
1242
742
236
289
508
873
1206
855
343
440
771
1049
930
418
162
629
593
601
887
1210
1170
631
1186
230
385
252
446
383
841
1061
688
390
1139
39
121
45
456
33
1035
492
990
1260
835
1164
452
486
559
35
339
744
843
1059
263
113
587
807
853
998
785
603
430
277
365
555
400
797
184
1051
922
1226
571
646
462
79
1184
512
936
1067
281
724
966
93
1115
1214
396
668
764
682
107
1024
1190
496
61
722
658
1063
950
889
1075
480
706
934
172
218
250
956
488
353
791
752
585
1166
1254
138
857
458
41
879
750
871
684
442
1033
746
1119
15
670
226
821
1143
531
406
77
609
168
902
1133
839
762
567
454
21
337
515
1069
1276
19
952
809
988
698
758
829
861
498
1216
1103
311
954
904
611
692
377
946
1123
327
333
1135
1137
621
136
1008
176
1099
877
777
996
845
831
543
200
379
583
494
891
704
641
718
801
1160
466
154
1158
204
637
849
81
1262
87
678
708
369
182
1020
309
1004
702
561
825
490
373
639
527
756
142
1278
799
438
232
228
533
928
865
1039
394
1224
1153
287
666
787
412
150
307
174
27
1129
525
1178
976
222
1121
968
958
1091
1079
633
144
569
924
978
198
331
335
1220
11
180
1018
474
775
793
115
321
627
897
523
188
766
444
1244
972
109
75
662
355
341
696
962
716
869
623
464
815
934
1020
341
750
698
295
893
966
345
561
754
27
996
585
337
81
134
67
611
563
543
1083
539
432
581
821
746
273
420
394
119
861
791
95
154
375
1047
682
950
1115
859
408
766
748
1168
1266
259
1081
335
956
734
1103
1061
908
1006
1109
692
232
434
1010
1178
416
914
132
381
775
1033
500
125
404
69
172
198
811
1244
625
406
952
138
428
269
898
962
823
281
902
801
706
1131
254
91
490
1091
33
478
551
1073
597
202
452
1270
1105
55
835
817
527
349
642
752
1117
591
343
541
442
557
736
1065
1000
702
595
627
605
13
1004
577
531
1149
1154
230
1220
912
613
3
178
261
831
23
1051
970
1125
454
476
1041
758
654
398
1145
889
1250
779
547
418
113
863
396
853
635
851
839
386
1156
307
726
926
424
1018
71
867
849
990
1113
1226
891
696
728
1121
637
242
359
787
738
1143
688
283
940
1129
1027
244
1016
448
633
984
819
837
484
482
101
37
924
65
845
992
938
829
1228
555
968
1043
383
666
895
730
720
930
297
740
93
650
1093
1214
210
7
129
152
662
676
1057
498
1208
609
680
1067
1254
327
631
1111
321
658
43
885
1151
1176
470
537
486
674
212
690
809
1049
117
900
1268
587
392
533
1099
1119
256
1158
773
549
236
35
357
639
5
1186
928
672
1216
390
1141
865
684
99
136
678
156
1137
97
1087
1240
77
833
377
313
206
1174
797
1280
756
436
799
694
827
371
1089
287
373
807
764
1053
1085
105
1022
716
710
194
1196
127
781
785
1246
1075
1059
857
17
1274
1212
430
722
85
190
565
768
1252
299
517
160
158
1045
289
246
271
1164
248
512
1133
412
317
621
29
644
39
339
506
1264
1170
1035
388
847
619
881
1190
462
589
456
379
1166
252
1029
571
440
164
569
887
1200
208
686
718
771
220
599
444
1008
45
922
523
168
1236
224
875
1202
545
250
1194
494
573
942
1278
1180
1188
422
646
402
1069
603
916
988
109
641
515
57
1258
474
182
275
855
1184
869
361
63
704
648
186
519
958
1218
492
1039
148
305
9
998
843
936
446
1123
150
1204
664
1079
400
426
107
438
1210
504
762
1248
184
714
742
238
329
825
214
793
315
410
59
897
906
508
986
1097
1192
879
301
656
670
529
15
877
510
192
130
1071
19
488
204
115
353
883
873
226
285
980
1031
162
1232
1135
267
535
347
468
976
1234
559
593
188
724
1012
385
1256
783
450
1055
1238
583
51
174
920
355
777
460
525
61
910
496
277
1002
629
41
234
49
904
841
1242
111
414
982
73
369
1153
660
974
200
363
83
502
1206
480
789
458
617
1037
121
365
472
732
805
668
89
932
291
218
170
1095
21
323
964
700
553
579
1276
744
31
712
946
325
367
1172
228
978
795
75
1014
333
615
196
1101
311
994
1063
265
1162
279
331
180
607
103
760
944
575
813
960
144
567
240
1262
1198
25
142
601
11
466
1107
166
871
309
351
918
53
216
521
652
1127
1147
803
47
222
303
140
123
708
87
1224
176
1222
954
1260
146
972
293
1024
79
1182
319
263
1077
1272
1139
1230
948
1160
756
1081
1012
541
512
694
502
61
1010
1270
398
510
218
1172
208
339
365
827
254
299
242
460
1093
295
920
226
498
811
1260
1248
414
974
992
736
867
960
466
559
1105
1004
748
543
77
113
627
1266
787
448
1178
305
136
1153
666
1244
119
57
51
676
176
432
109
523
256
87
1055
400
688
103
785
478
875
396
819
236
307
706
361
1230
1000
865
250
1154
859
7
152
771
279
164
91
1075
206
1115
158
758
603
375
430
887
1268
200
845
19
59
1039
178
1224
426
998
1250
515
914
1049
641
714
1156
662
156
1278
1166
480
936
879
1020
311
402
1210
263
148
49
204
1234
1216
1186
1202
309
1079
833
1214
664
1024
21
825
168
129
557
1212
613
39
162
470
186
170
1117
716
329
1103
1198
196
244
420
686
924
1133
1208
337
1254
450
440
23
1073
37
297
815
529
940
232
635
648
238
1139
33
779
474
281
744
996
1053
1107
442
434
1170
791
893
1238
210
621
388
363
1242
325
1196
783
869
746
317
436
964
377
488
972
41
531
188
813
1069
468
904
519
762
180
938
553
1190
601
220
821
1047
684
881
319
333
1182
273
781
174
486
9
438
93
1194
293
855
956
1137
625
115
130
29
696
1236
71
1063
1256
883
500
803
1218
712
535
303
472
1176
1240
234
277
1113
980
835
841
698
17
871
248
595
194
1151
404
527
1077
585
381
545
1129
521
390
900
760
224
1016
67
994
142
658
720
1192
65
958
533
654
970
81
851
928
611
134
623
222
1131
1111
1252
861
79
988
1043
750
678
577
932
105
25
95
343
406
323
571
45
13
898
15
73
650
789
891
633
198
1029
692
212
908
646
458
839
27
508
1037
1097
773
797
379
1125
230
607
1184
704
1272
47
146
629
775
708
321
394
452
1258
934
644
289
184
1149
144
724
843
831
1141
89
347
752
922
85
1083
228
619
1222
5
484
127
946
166
732
817
551
111
1162
1033
416
138
123
53
734
490
952
132
35
730
1188
1135
986
99
1087
1085
863
150
462
345
1246
265
392
539
615
912
1089
1095
283
335
1168
1119
656
1099
690
1059
367
742
777
537
75
1008
1158
504
978
1123
1274
668
117
799
410
444
795
984
857
160
710
561
754
353
371
1051
494
492
428
837
373
674
660
926
349
853
873
1276
587
359
259
240
315
563
567
1200
910
1147
154
642
547
1035
506
525
456
700
101
672
1109
1143
930
639
954
962
216
1067
43
1022
902
1226
847
121
591
386
1065
1121
549
726
267
849
1174
605
517
214
1220
722
454
702
383
597
916
809
1018
63
682
172
579
680
464
966
1091
942
1232
1014
327
670
83
355
1264
202
301
823
918
313
271
182
97
990
631
889
11
252
1262
555
190
1057
1164
948
482
1101
637
807
581
125
261
565
740
107
895
192
1002
877
424
31
1041
69
1031
805
1071
976
617
1206
593
583
766
331
285
1180
275
1027
738
589
1061
341
446
569
287
291
269
422
140
764
728
1160
768
496
1006
369
573
418
1204
609
1280
476
3
982
1145
906
885
944
801
575
412
55
950
351
1228
599
385
408
968
652
357
793
718
1127
246
897
1045
829
902
206
795
402
43
67
182
311
1045
956
1202
244
510
1115
97
464
75
875
53
1133
714
430
1186
652
49
760
11
1190
533
19
470
611
23
922
936
873
212
248
113
3
184
523
351
99
1089
617
261
722
414
801
146
129
835
1160
375
1246
359
1230
480
654
950
486
746
893
783
275
704
148
460
867
37
694
573
543
764
583
355
93
555
508
142
150
111
642
331
1071
809
833
307
1170
817
1254
1083
930
343
1057
1018
766
45
779
857
964
962
918
5
506
474
910
1069
238
1035
1141
1039
698
726
521
1216
563
200
87
924
123
478
797
740
1266
912
619
895
1117
670
240
349
597
490
1164
132
1085
85
758
168
847
1031
799
47
172
396
295
379
827
519
27
1073
601
341
1256
484
537
59
773
1129
940
504
1051
1107
958
1061
259
682
996
1081
63
952
877
309
845
25
706
1024
383
1236
373
843
736
1220
1047
339
906
178
976
224
273
388
1147
166
412
1158
345
1000
446
410
1238
7
664
567
363
807
579
593
265
986
1264
492
1037
337
1033
589
13
1270
569
1156
621
426
900
390
89
1226
71
476
277
73
839
571
831
279
885
819
545
841
502
271
1043
904
853
500
1194
559
1208
1162
1278
303
908
565
658
648
321
422
357
1222
242
1184
768
130
305
319
498
934
525
1228
623
95
250
482
210
230
256
1272
432
710
214
1004
466
541
156
1067
202
674
869
1182
595
416
1154
762
849
1022
293
236
1248
1192
134
57
994
269
154
281
164
1153
1178
1206
1166
712
353
176
948
581
1091
488
55
575
462
33
385
327
454
926
438
289
881
152
587
823
680
978
232
787
897
692
603
1059
1252
635
1151
160
1137
41
728
605
775
1055
660
1196
889
954
1029
301
539
252
678
1135
496
531
970
323
79
672
208
494
561
408
299
448
69
365
968
420
718
716
1097
585
748
1109
535
329
452
960
61
392
914
916
998
325
865
31
315
254
676
440
180
646
218
1111
1149
119
974
297
109
629
1123
615
377
1250
1075
15
557
696
335
267
369
234
367
871
418
744
1180
666
1131
811
641
1232
1079
992
162
136
815
938
966
1008
1105
821
194
1268
51
1125
458
77
946
285
1087
551
198
1103
406
144
1244
1168
434
371
898
527
436
756
1010
101
1063
386
91
361
515
793
668
121
263
1234
1280
1240
1065
803
35
400
837
220
720
117
226
442
1101
988
246
512
754
738
861
633
791
625
928
644
517
333
547
81
1099
599
196
115
942
1204
1053
724
204
781
174
21
83
125
1260
283
158
708
444
103
1077
688
1127
1113
639
1224
577
1121
805
1210
1172
17
1176
1020
813
190
1027
347
1276
1016
1041
1049
984
216
650
752
287
637
404
138
456
291
450
863
700
742
591
980
829
1218
228
1139
607
1212
883
684
9
785
39
887
317
891
381
1200
662
1095
394
188
468
1274
105
107
29
192
627
549
65
186
730
859
1188
1174
777
932
1143
879
313
920
1262
424
222
686
609
990
1014
702
855
472
140
428
656
398
631
1012
1002
1006
944
750
972
690
553
771
170
789
127
734
1145
529
825
613
1242
1093
732
1258
851
1119
982
1198
1214
1226
37
333
303
595
525
164
1071
1039
490
656
617
859
1200
49
897
984
706
829
1010
1214
658
7
301
750
1278
265
867
363
968
740
1043
200
623
799
1093
688
53
865
680
456
944
746
847
748
779
613
194
1274
353
1276
593
158
1186
482
424
964
621
474
1111
1156
261
63
567
642
1107
835
373
549
1073
440
283
502
583
670
918
795
148
144
470
379
744
1147
146
341
73
768
345
607
601
718
335
900
1262
1099
442
87
492
1224
1166
615
281
256
1018
611
791
331
1143
585
45
635
861
1095
591
248
605
932
57
841
416
1113
1256
166
234
1240
454
41
125
321
1270
242
198
218
811
619
839
1170
700
720
1158
43
926
1137
898
712
883
222
291
579
1091
494
940
496
813
1184
519
21
873
817
990
1101
254
910
458
992
488
65
1129
385
13
1008
220
660
885
529
710
486
893
359
67
99
111
1194
704
553
434
420
224
129
581
319
1079
357
948
821
500
390
686
1051
924
426
192
1000
315
1222
478
309
1153
1131
3
646
708
103
1272
5
1014
783
728
1012
273
1119
285
160
452
625
515
789
1228
998
762
587
1145
35
355
557
206
269
1252
736
797
666
1117
400
573
1141
1174
871
831
510
698
714
1244
827
577
69
1162
240
527
81
517
349
930
1002
476
460
849
367
323
132
879
803
966
418
702
535
19
279
773
438
833
912
232
954
629
1172
109
881
1063
970
648
724
75
988
928
71
785
432
377
436
777
914
214
252
402
1268
275
650
1212
855
295
994
123
633
89
936
978
55
668
150
307
115
1103
267
1260
1206
383
1254
555
142
1105
1258
684
351
644
942
51
1202
138
815
722
1061
381
347
766
946
15
1004
410
450
571
1216
47
1109
843
1027
845
33
986
627
1045
1192
174
754
1230
920
117
1190
1210
716
325
547
299
204
79
1075
807
259
216
1280
1024
428
956
809
462
982
464
93
105
59
1135
869
974
1127
95
208
39
962
895
412
851
781
787
1154
575
758
468
541
589
263
662
1246
1053
172
444
960
508
742
430
29
922
289
1180
140
154
107
119
1083
134
1264
472
228
212
1057
317
394
1047
446
313
392
972
388
277
83
369
771
506
569
121
938
339
1234
1133
77
521
1188
85
609
599
877
950
375
537
11
902
512
27
101
127
857
1031
1168
539
180
1035
654
1067
1029
672
1097
775
603
738
674
23
1085
1248
958
726
523
760
236
639
178
480
182
1115
952
329
906
1049
168
1238
756
559
484
31
533
97
734
1089
202
1149
25
597
1160
1081
694
980
637
466
545
891
676
504
1059
305
690
17
1151
682
561
563
404
730
641
1006
1020
825
61
1121
1041
196
908
1198
287
1016
1069
230
1232
422
170
297
696
1178
1164
448
764
1208
1196
210
1077
1022
311
1182
408
1250
652
238
184
1218
565
386
1065
398
887
551
1055
136
1033
934
1087
1266
396
692
863
875
498
365
1220
904
1236
732
337
9
190
996
889
801
1176
406
414
130
664
327
531
250
156
113
916
819
91
1037
152
678
226
176
271
1204
361
162
823
371
752
1139
246
343
543
1242
186
1125
837
976
293
188
1123
805
793
853
631
244
1065
1091
569
150
529
49
470
593
829
309
127
35
254
811
339
627
728
922
478
1115
644
819
748
837
666
718
704
492
686
273
218
1049
77
994
113
1123
490
464
972
674
1170
95
1055
436
45
793
261
641
914
1220
869
541
323
583
519
107
984
1093
746
311
946
265
823
1073
714
416
744
394
1004
1272
408
944
295
1222
305
208
228
613
1192
81
938
400
831
940
63
424
656
160
559
587
1107
1214
200
361
720
787
1111
355
1008
101
466
420
1145
1268
73
781
900
752
152
148
1063
462
839
327
700
1103
375
1154
1127
571
948
637
172
287
47
897
893
31
768
154
174
1087
23
170
65
639
1147
388
535
722
1232
222
906
142
543
184
37
942
515
285
841
708
1119
319
1016
1236
629
964
438
178
1204
1089
855
279
635
539
652
1194
87
180
1135
918
650
482
863
861
1105
212
1162
1027
204
1039
932
357
1029
1059
1097
234
198
660
3
1270
982
232
930
1254
422
766
619
474
1262
196
166
446
69
902
750
506
1020
908
694
335
557
1071
883
617
662
426
807
119
259
912
186
648
996
248
726
230
484
732
396
988
871
1022
646
895
1010
460
621
1137
1002
468
347
480
537
1077
553
140
363
607
521
551
1000
756
244
381
986
601
926
412
962
1218
162
879
1031
934
89
633
881
220
383
275
1256
55
488
1250
125
99
779
698
851
123
885
299
337
283
910
1184
27
1143
240
369
605
795
1033
134
182
418
1228
545
11
611
525
565
61
386
192
1024
642
359
392
916
1266
567
353
93
214
1176
512
1139
1190
547
1141
430
1131
13
696
954
508
271
827
341
1047
706
1248
1158
494
105
625
1178
43
803
1133
216
1200
712
952
773
980
740
315
267
936
809
682
1208
1186
414
805
236
1153
1109
920
136
589
1226
17
351
591
434
771
847
1198
1006
349
1172
85
365
833
1095
859
168
777
454
307
1151
1166
25
458
575
527
924
210
450
498
597
29
194
329
1083
377
321
1075
1238
958
188
1252
115
1101
775
317
1230
1149
928
510
325
402
301
452
1182
976
1264
97
664
164
385
293
428
1258
121
599
333
7
1053
371
690
738
33
1276
950
865
1212
581
676
146
670
857
277
226
760
1234
561
1014
603
1125
898
158
406
176
79
843
960
835
1043
345
631
678
1242
75
799
404
813
1210
797
71
246
533
291
1018
1188
654
190
252
758
5
504
1121
256
889
373
688
970
1246
783
19
496
41
531
379
887
845
762
668
103
1099
1168
724
573
486
502
734
15
242
577
59
238
432
456
1180
968
658
585
873
904
367
867
801
398
1260
1278
789
67
53
390
730
815
297
1037
817
579
549
684
202
680
702
289
1117
1069
825
990
263
1113
716
615
130
1045
144
1156
111
623
1274
849
692
1067
736
1081
791
117
442
1085
281
742
1174
109
156
710
303
313
974
440
206
129
1206
821
764
39
269
224
21
563
1196
672
1079
91
1035
500
595
966
1012
1202
132
9
956
1280
978
1164
250
1061
555
476
1041
875
410
1051
1240
472
51
1244
331
1224
1216
1160
1057
517
785
992
853
83
523
448
609
343
444
57
891
138
877
1129
754
998
