1217
903
245
895
197
347
665
1269
1111
791
587
487
561
63
721
815
79
43
919
521
605
349
1089
67
303
685
183
1199
601
339
649
1039
879
817
607
181
291
237
379
637
1249
223
253
481
1183
845
949
1063
803
329
611
69
11
529
837
1035
671
241
541
779
1037
455
319
1185
471
109
1011
975
751
1271
295
5
715
191
331
639
271
1187
537
135
1059
31
279
269
1197
137
619
1083
229
927
849
1167
737
21
797
201
107
209
669
1155
591
351
435
719
59
641
921
713
799
265
581
371
297
447
89
945
367
1193
729
745
933
1057
431
153
1119
559
675
1169
421
969
1279
1139
1033
469
119
883
433
755
437
1231
225
427
507
341
973
497
293
583
299
869
325
1093
937
147
1245
155
761
143
881
123
997
139
457
257
787
531
1087
463
483
213
267
1007
767
847
941
689
1117
101
65
13
851
171
947
873
763
661
363
473
423
701
391
441
205
795
75
1009
1179
475
819
913
835
1145
1113
555
533
199
313
679
115
929
775
889
1081
151
987
409
285
161
343
1099
1045
517
373
731
317
673
743
1137
403
177
83
757
899
323
643
1127
55
1073
1103
515
1131
651
255
289
327
1041
1171
825
459
991
655
301
697
33
691
801
843
477
1115
907
793
957
747
1123
445
261
663
633
439
387
1149
81
453
853
1109
1095
239
93
389
1043
979
221
359
631
857
981
499
733
909
905
195
425
807
599
917
159
925
1017
1227
567
749
1275
1071
27
385
493
509
311
677
91
589
309
545
1195
1191
1233
111
565
597
125
479
393
395
287
1161
861
623
1079
505
609
1029
1065
653
855
1225
207
1067
185
821
833
407
1181
233
707
1003
1025
1021
955
503
15
361
133
693
167
277
415
1203
723
179
193
1237
337
951
579
495
275
1267
1263
1001
1209
759
777
165
117
1243
1085
419
1165
753
789
461
805
211
897
465
977
931
571
839
1221
999
157
765
573
283
417
511
375
1251
1049
659
9
965
865
813
1019
401
959
741
1015
95
1023
961
357
627
353
543
215
823
105
57
41
657
621
1253
983
989
705
1247
711
885
727
1147
1075
875
893
871
1189
49
963
513
103
535
603
953
1105
369
1097
217
73
877
809
1061
1207
709
557
127
811
703
1107
61
971
97
467
595
549
829
1027
539
923
617
1255
773
491
355
1101
687
935
1241
1077
53
563
365
219
1173
121
175
99
1091
1135
173
51
1047
943
85
1153
1261
1129
911
985
1051
247
383
841
547
187
377
321
891
915
1177
1141
37
203
399
87
527
259
29
629
485
1229
647
577
1133
405
145
1
1211
249
615
397
785
613
827
345
1121
71
769
635
1175
231
163
645
995
1151
141
993
429
887
1277
1239
45
1201
281
739
575
1069
1157
1273
1219
251
273
1005
859
413
1213
783
725
1163
523
585
1125
1257
129
553
315
1235
305
551
569
449
3
781
263
525
227
7
35
901
169
939
683
443
1265
489
149
381
1205
1053
47
189
411
1013
333
695
863
307
967
1143
77
681
335
25
17
867
131
39
113
243
501
19
831
23
1055
625
593
451
735
1259
771
699
667
519
1215
1159
1223
1031
235
717
463
925
263
211
827
1151
661
1261
783
583
737
117
813
103
1075
5
639
439
847
1133
25
933
975
771
1203
235
1185
1093
265
11
311
75
207
129
999
1199
165
449
717
287
231
83
685
823
1215
203
313
529
507
245
63
895
1153
351
367
817
765
315
243
395
461
217
1179
615
481
973
965
159
387
995
223
183
297
399
65
607
849
961
473
253
421
327
401
329
139
645
1175
1163
17
41
1029
581
457
915
477
299
459
323
1259
101
197
479
1013
1109
841
1113
1247
483
67
735
21
383
1171
631
541
545
669
621
517
69
485
523
619
171
753
131
953
97
161
983
769
657
845
963
741
191
503
425
23
1137
15
969
1205
487
215
19
371
59
365
51
173
987
505
613
199
493
913
843
761
727
941
807
683
377
1083
1159
343
951
391
597
1099
205
873
803
495
659
679
525
1167
757
427
1165
943
1237
49
437
801
1081
1105
29
1221
1271
149
279
585
405
259
389
555
875
109
229
233
565
195
1265
107
1201
219
1245
917
981
515
451
491
701
489
587
1043
649
1067
333
1051
135
1169
227
111
563
169
869
291
257
985
1187
1025
905
775
125
1173
1095
551
1127
855
901
723
1077
571
163
1055
1145
9
1251
1117
353
363
355
745
763
935
543
793
779
733
373
1015
697
997
435
285
527
1037
99
653
1183
537
533
1161
397
857
881
911
1059
151
655
57
695
739
569
465
577
579
443
1003
411
417
1231
677
209
715
39
127
1129
1097
805
445
567
909
221
595
611
153
113
179
1233
1249
947
381
303
1009
431
13
1123
967
43
1061
35
1001
1121
1241
237
709
989
893
95
627
167
647
271
879
799
557
393
471
251
833
815
37
31
143
635
1223
1193
651
1049
301
375
889
1045
1
501
283
977
513
573
121
1263
1235
189
53
751
73
797
675
1213
339
887
891
1141
1115
1089
193
561
1277
359
883
269
407
731
293
447
7
851
795
1023
1053
1147
539
71
519
949
1087
839
781
993
3
241
721
475
27
711
767
55
331
379
693
1033
1243
115
1157
729
589
665
335
419
467
1091
777
871
1079
133
623
1139
267
1257
689
945
441
1143
177
863
637
877
609
321
829
531
357
553
1195
281
923
1063
413
33
455
629
499
937
511
145
275
1085
1021
1101
691
1227
897
1207
1209
325
469
773
743
919
79
939
273
1031
1107
749
309
345
1189
187
81
1071
341
603
295
575
605
185
789
261
643
1239
337
1039
885
681
1057
415
547
601
239
599
155
867
957
687
433
931
369
979
453
247
289
1255
277
385
921
831
403
93
1253
705
361
673
1191
429
317
307
1219
787
1273
819
809
1119
641
1149
1007
791
703
699
157
617
255
955
559
1035
1041
1111
1069
1229
747
119
927
707
45
123
1103
91
85
719
349
549
47
1125
1211
1279
1177
835
907
305
497
1197
625
1011
201
971
1275
213
137
837
249
175
991
785
181
509
1019
671
929
1217
663
759
1017
1181
77
667
423
87
959
593
1027
105
825
1267
853
319
861
61
713
633
1073
591
755
1131
409
347
903
1065
1135
1155
1047
1269
535
859
89
1225
811
521
865
141
821
225
899
725
1005
147
603
473
1111
469
365
517
1121
1105
649
725
185
315
1023
133
341
1197
661
9
507
1113
885
559
957
1223
577
1133
1135
309
1005
887
335
337
669
689
175
795
847
737
217
1259
501
213
1097
39
945
465
911
319
387
177
445
839
789
767
1137
721
635
1101
189
353
379
357
301
817
815
1201
425
1003
687
141
455
329
97
629
1217
1193
1119
717
1231
869
173
483
441
477
1027
361
191
877
637
77
711
339
587
1249
269
1271
1167
179
1037
875
393
765
505
481
597
1179
1053
565
1099
965
699
925
569
601
475
233
855
701
1241
951
1043
929
639
1041
249
83
35
865
1211
1115
325
527
1151
471
491
743
1153
531
311
779
985
1195
731
757
417
1141
583
585
461
147
65
769
837
647
1031
449
235
443
919
499
479
819
377
709
581
101
1039
753
653
1229
105
693
91
851
615
829
451
429
183
1007
917
1095
827
605
809
541
867
791
571
181
145
123
1045
1185
905
207
551
1077
567
703
149
1245
263
633
1159
1125
943
281
599
439
897
415
1209
1033
533
17
25
683
715
151
495
1063
1085
893
285
61
303
111
437
707
659
1177
859
467
223
157
987
713
159
169
431
539
979
435
785
573
1051
41
423
99
1057
1203
915
53
1247
935
453
275
253
1075
447
209
291
511
643
1017
953
1173
719
343
219
503
1131
1129
139
137
613
399
1213
555
857
427
11
733
671
81
891
405
811
251
283
63
1117
125
1273
307
1161
1103
1069
1219
1049
879
1029
983
493
49
1149
211
457
739
1263
113
967
939
323
617
241
631
375
751
381
793
161
205
391
265
359
969
349
15
497
821
801
1011
247
651
899
561
409
999
1155
187
1093
1015
1019
1091
611
153
1207
575
3
883
525
579
203
411
799
267
73
991
963
363
155
271
735
199
873
327
727
121
781
623
7
1171
419
1009
685
673
849
843
383
913
397
305
947
549
27
239
1139
695
1079
75
485
333
763
1199
543
119
1237
243
225
723
1061
347
1275
257
761
1183
1253
609
193
1181
835
1163
741
1109
523
627
13
679
907
37
403
163
389
1035
95
43
33
321
331
663
871
641
93
135
863
977
519
413
1233
675
1225
293
645
273
115
259
607
775
1083
989
299
521
459
825
901
1021
127
1169
563
103
677
261
131
167
777
797
681
1123
595
5
937
279
289
1087
1255
1267
755
625
955
813
1243
1265
993
51
921
619
1157
621
515
87
385
961
367
529
287
1127
927
297
67
1067
463
807
895
729
1025
933
1187
889
1257
941
783
47
1071
143
227
593
1251
245
861
109
221
853
21
803
1269
171
345
433
313
117
1279
277
745
665
841
407
1143
1059
749
369
23
831
553
973
537
1221
1145
771
805
195
317
351
59
421
903
29
1065
1047
89
69
1205
1175
129
229
215
535
107
237
1073
85
79
1239
487
1013
1081
557
657
355
881
547
1235
949
545
773
833
71
1107
371
1165
231
1277
705
31
45
981
591
19
395
489
401
1
295
655
959
845
1261
165
1089
509
1215
589
759
513
697
975
997
1147
1001
255
1055
747
667
55
823
197
909
1227
691
1191
373
57
787
931
971
923
995
201
1189
107
897
1185
1187
1119
213
543
971
527
781
735
1193
151
713
413
1045
717
941
9
475
393
15
685
905
1005
193
731
457
177
93
495
733
561
1127
581
419
509
435
1259
551
825
1145
749
747
1101
665
597
1041
949
1229
987
579
1257
303
1189
309
881
755
539
41
117
761
267
889
481
391
869
847
451
427
741
777
695
657
965
787
147
1001
167
909
655
699
751
1107
917
1211
1273
1037
21
661
779
319
609
19
895
1021
341
1117
181
37
185
519
923
1131
999
547
1083
1147
39
963
659
329
867
375
1111
515
831
251
599
111
569
195
929
1051
1093
113
497
1091
233
169
617
431
1255
201
425
465
219
1263
843
75
47
89
343
757
165
759
725
1029
257
821
1137
1075
25
813
1069
407
651
323
1191
71
801
819
615
437
295
857
641
1231
439
681
893
899
629
173
793
241
943
57
545
885
607
871
1203
1167
827
331
887
693
59
1031
429
877
235
1025
619
43
27
63
461
115
1023
687
773
231
423
991
701
507
199
335
1205
125
721
1209
1197
589
947
139
171
273
191
135
1065
691
953
159
523
995
1089
347
1013
1171
985
1217
79
33
285
1275
377
873
197
1017
261
29
357
883
1081
381
243
921
31
809
479
13
1033
105
939
153
1063
875
1125
1195
1157
517
799
287
275
1077
1097
1011
1241
209
315
1019
635
443
577
325
637
1233
473
1223
485
505
77
499
483
1043
639
459
1249
1073
789
1245
1239
1225
259
333
369
1253
1067
935
673
1251
855
705
305
837
1155
187
919
513
1213
863
951
477
975
849
771
417
931
593
307
1095
61
405
1165
957
715
91
565
815
1135
679
81
533
411
109
1199
1115
571
123
977
137
901
487
129
69
1055
797
1059
363
397
1173
625
627
277
291
227
925
467
553
727
3
5
709
1087
237
663
1129
1235
299
829
179
891
739
263
471
845
97
469
447
23
927
979
1113
35
215
1159
247
707
745
395
321
297
141
531
1221
583
463
359
833
555
969
371
353
1279
535
769
839
557
433
859
389
675
791
383
775
403
1163
643
255
1105
1053
73
737
205
1007
653
587
51
879
567
937
1219
415
1151
765
711
631
1049
279
491
345
573
1079
1169
1035
1267
367
669
537
807
1133
155
767
1009
989
1149
955
49
511
1099
281
161
145
401
17
1243
649
119
121
521
1047
803
795
85
445
95
283
1141
981
223
1123
45
1121
601
1153
157
317
605
449
613
753
503
229
841
585
743
633
143
835
337
913
265
217
945
959
489
67
1183
563
961
967
269
623
667
149
53
225
719
253
55
997
529
621
239
65
127
911
851
183
993
271
1177
327
723
1103
611
455
293
1057
7
983
1161
1085
1215
99
763
1109
1207
355
1247
1265
245
559
903
1039
493
1269
541
1237
1003
441
313
11
1143
373
1175
1261
421
677
163
133
1027
1
973
703
805
1179
385
1061
645
311
907
647
603
697
1139
861
915
853
671
1201
549
175
823
1071
103
221
365
203
729
1271
811
1181
211
525
591
1227
595
817
289
575
131
501
399
409
207
301
783
785
351
689
349
865
683
453
1015
87
1277
361
339
101
933
249
83
379
387
189
627
1139
659
399
1241
1039
1155
39
25
561
1275
5
277
637
1111
905
167
945
125
1213
235
645
75
1071
1271
141
33
537
977
1147
437
973
97
81
791
609
833
767
955
907
1205
1183
1099
351
215
285
873
395
919
465
417
413
367
547
897
441
327
851
969
687
71
693
415
763
517
811
841
165
1009
47
31
121
891
527
291
999
1163
1191
489
1145
771
639
429
133
899
319
421
339
623
1103
1015
341
303
61
43
909
463
701
439
607
1233
855
711
1229
279
633
1189
717
625
1079
177
1221
191
135
1255
745
525
1067
1201
815
1137
193
589
1123
951
183
313
829
941
587
231
603
1269
499
1125
153
325
615
867
407
9
377
491
987
65
1031
1167
1049
651
671
777
21
37
1203
733
785
689
1117
1085
787
301
113
989
803
729
1007
347
217
197
925
1063
1239
1037
171
369
159
295
939
99
679
175
1115
923
411
1047
1035
111
1173
515
1045
1131
469
1023
573
1097
821
849
883
735
87
1073
1219
239
397
557
1237
357
173
147
151
435
705
1181
49
427
1165
819
1105
995
1231
683
405
931
857
967
563
1041
783
667
371
271
881
661
773
229
233
801
755
487
521
1107
1055
869
179
359
1025
505
617
247
419
889
335
227
629
375
877
163
585
23
1003
555
189
59
19
1043
293
703
943
1095
959
423
187
117
1011
1273
1017
583
971
445
353
809
249
913
727
461
333
281
237
1277
569
329
223
929
273
707
381
1057
1195
3
1093
481
1119
631
1061
103
169
647
917
509
571
903
1245
483
1217
337
479
403
845
507
543
1211
599
985
579
825
1153
863
747
953
255
131
361
769
11
595
475
695
817
409
1247
283
1083
315
539
305
83
567
961
1257
601
621
243
199
1169
915
553
813
1059
719
963
261
109
431
731
451
673
1225
1087
161
503
53
709
605
17
1129
51
927
1261
1001
379
1149
761
91
345
1151
15
211
613
299
27
1207
949
1171
847
195
795
937
859
7
1223
749
453
657
619
669
895
149
1013
715
1077
269
57
67
511
1019
473
101
933
287
457
753
185
635
55
1253
447
471
831
837
205
665
965
225
681
611
493
793
725
1157
871
181
449
1029
137
1185
389
1141
781
467
203
477
887
559
355
1251
157
13
593
823
1121
1005
893
975
699
259
757
443
981
391
513
797
875
107
1075
1227
63
997
1101
143
991
1033
501
789
221
523
209
1209
365
1179
723
155
93
827
741
1177
1175
95
697
835
1243
807
89
1263
1199
879
691
775
655
41
119
759
387
265
519
251
1021
307
401
597
139
591
311
653
331
77
79
309
495
1113
245
677
1235
853
1197
321
69
123
1053
1069
957
649
535
373
349
1143
343
1249
545
1161
317
433
459
947
531
805
455
45
1027
779
739
1109
1267
35
115
289
911
363
1091
1135
1
921
383
425
127
393
323
129
663
529
713
843
737
275
1193
751
1089
765
565
551
257
743
721
385
485
1051
983
935
85
201
839
1159
213
575
1279
641
1081
979
145
29
207
267
1259
1133
263
497
73
105
241
643
1127
799
901
675
577
1265
297
885
219
685
549
1065
1215
865
253
581
1187
993
861
541
533
757
353
619
97
1145
1073
539
889
813
891
855
635
903
501
551
117
711
523
311
1119
105
421
195
135
1173
237
777
257
947
1227
1277
547
927
375
315
771
1185
451
661
521
729
885
199
441
567
1179
395
205
45
1127
603
879
1161
61
959
485
487
365
951
439
403
1085
713
145
697
1101
447
445
775
449
139
343
605
873
1245
599
1063
123
845
391
637
1031
915
1107
989
1045
1057
1033
1143
529
957
671
641
73
1069
1039
79
111
657
131
795
297
865
41
431
833
1225
561
977
1187
665
581
1273
163
1135
519
511
1115
921
1191
633
323
857
727
109
477
261
379
475
999
159
573
1035
1149
667
823
1189
1
853
811
953
337
839
629
639
745
305
571
1139
265
627
1229
89
235
819
425
587
489
693
141
781
769
1141
825
363
939
341
81
753
763
471
175
963
381
359
1075
127
507
231
43
925
435
1079
245
129
49
1109
67
1213
377
299
913
669
51
1255
985
65
335
789
333
1137
995
607
107
923
859
345
783
1083
285
987
289
1007
355
119
47
1251
897
569
13
565
1103
281
103
965
937
1009
705
1259
731
597
809
3
367
31
115
677
1183
263
499
835
917
1125
741
685
203
1123
761
157
287
493
719
95
579
973
717
541
1129
1169
1121
39
1237
5
1247
1217
313
405
1147
27
11
453
909
327
767
251
1013
1235
479
1279
291
173
815
871
463
227
877
625
1253
427
1263
631
515
949
303
557
543
993
739
509
1065
83
191
733
87
293
899
699
1249
469
101
673
223
407
23
147
929
1059
1099
1269
821
161
57
577
37
1153
409
755
417
55
1077
91
1067
249
319
517
423
961
1021
851
201
1197
385
1061
1199
553
1233
1055
317
213
279
735
1015
1053
1211
1025
503
301
93
69
617
217
307
779
773
911
611
545
679
1159
613
325
1165
187
361
1207
983
1219
1081
803
643
681
1171
433
623
701
1131
209
483
589
799
979
559
843
481
575
1071
63
1201
861
1205
283
883
1023
1089
1177
975
817
563
271
827
663
1241
849
535
1243
1091
549
331
167
747
455
751
75
981
1093
413
1223
971
533
429
895
143
177
277
941
1017
1181
351
907
805
99
1193
703
273
349
185
651
465
259
1043
1261
555
461
683
401
1221
149
935
207
785
905
707
1265
399
153
491
19
33
17
347
807
1095
397
505
387
155
723
691
239
1037
189
1195
867
901
133
321
797
181
527
1239
59
121
997
1257
591
655
211
225
473
459
967
25
171
991
601
695
649
247
415
1113
621
647
875
215
113
169
1003
53
369
525
253
1105
645
9
847
229
495
183
7
241
457
267
931
969
389
1097
165
1001
1005
609
29
1047
787
583
687
653
411
329
585
831
1011
373
715
1029
71
193
1231
1151
221
1275
881
309
943
437
1167
759
955
869
709
837
85
829
531
357
77
1271
393
933
887
1209
1049
295
125
1087
1155
801
595
919
689
243
945
1175
615
15
1163
1027
151
275
497
1267
513
219
21
137
765
675
255
339
793
593
419
1215
467
443
721
1019
1051
791
749
1111
841
197
1157
233
35
737
725
371
1041
383
1203
863
179
1133
893
537
659
743
269
1117
745
37
931
835
847
1043
149
333
967
1113
339
695
1099
1095
289
397
109
1091
683
1
781
771
113
219
611
963
381
271
1157
1275
411
299
313
519
775
957
139
515
471
599
557
263
1007
711
1155
23
647
1083
549
939
783
639
899
309
901
141
923
431
75
1161
869
1203
207
1087
265
575
459
1109
1039
443
589
713
1063
467
297
943
979
361
353
133
1267
1067
277
417
633
1093
619
205
163
525
529
1141
833
721
33
1193
807
229
497
733
653
283
45
405
393
1073
91
609
747
103
795
917
317
49
793
1241
837
71
983
7
891
553
101
903
1225
293
167
1169
173
193
135
1027
5
1151
67
1139
9
99
517
399
595
377
125
831
511
1107
737
105
1219
311
541
1191
389
239
13
213
1201
1273
1097
279
365
679
959
1085
479
87
347
97
555
871
961
855
195
937
1105
973
821
535
237
373
1125
649
941
355
1147
181
749
1269
477
955
757
1159
505
1187
433
731
469
617
895
117
15
665
35
1081
1119
845
925
1245
977
369
1053
1001
755
893
1255
1145
481
1215
799
77
667
1131
577
685
703
689
1185
47
539
797
451
573
209
305
791
723
789
1111
563
551
621
727
387
291
1209
949
663
489
179
501
657
843
177
1259
571
1167
243
203
1077
1199
1243
875
1177
971
527
1173
947
743
953
777
429
321
1171
1011
759
1277
25
255
607
673
1227
261
1129
187
853
693
483
675
671
581
591
805
877
863
779
1023
315
363
449
81
453
1051
1117
245
1035
637
945
401
803
413
143
395
253
1251
225
705
889
51
643
827
425
605
1009
19
473
765
165
487
841
1065
1045
585
1127
1103
1195
241
119
1233
921
85
1003
1033
787
839
509
981
295
329
151
1025
1069
579
1257
1149
273
897
435
29
1049
385
427
531
27
69
885
773
601
1143
79
327
1019
593
463
423
697
753
699
1055
1115
447
1207
249
969
597
499
691
569
547
823
1137
1235
65
767
495
1015
55
995
1229
437
95
1029
851
421
655
59
933
197
351
383
1101
307
583
635
701
715
651
975
661
217
269
815
93
127
445
1211
627
543
987
455
735
811
1263
725
1047
1153
1237
1059
57
999
1071
513
409
11
1217
1247
707
965
331
507
89
189
997
909
1223
769
275
325
825
1175
61
407
485
185
419
259
1121
161
137
741
43
567
613
379
231
991
357
717
883
659
687
41
343
1271
17
475
645
257
1075
335
801
221
215
391
1213
561
1037
615
461
267
935
857
83
359
1253
993
3
199
53
281
907
587
849
873
31
859
341
1265
623
211
169
565
235
227
929
813
403
1133
1123
523
1021
867
625
603
157
1165
989
829
145
861
201
371
63
153
121
729
183
739
751
1005
375
159
1041
285
681
985
175
521
809
1189
951
709
1249
927
123
1261
641
1079
1163
559
761
1013
1197
491
73
155
21
1181
465
1057
887
669
349
223
367
1239
287
785
763
233
337
171
1231
439
1205
301
1279
129
631
191
251
677
1061
905
533
1089
39
1183
879
1179
107
323
111
919
1221
457
629
1031
881
493
911
865
115
415
303
545
131
441
819
1135
1017
817
915
719
537
503
319
247
147
345
913
895
757
1085
469
231
899
777
691
399
81
25
651
573
1025
123
271
7
243
611
689
1247
437
369
31
257
207
441
961
785
15
789
137
1243
597
285
1153
101
125
873
931
179
859
955
63
119
633
1277
1109
221
1053
865
1063
303
1011
637
497
877
723
833
947
433
1275
847
387
245
939
393
1123
767
109
901
903
327
975
199
937
297
657
971
709
1265
1097
561
53
357
549
127
1241
683
869
1115
1199
817
577
1127
533
1249
225
215
213
545
95
511
335
69
687
1065
273
1101
1151
491
321
871
851
609
1041
645
1223
881
1233
745
929
1279
1121
1061
733
685
1081
569
97
1001
277
741
1125
669
969
467
995
755
1209
603
513
505
473
739
907
857
957
475
17
783
337
1135
979
911
261
835
117
237
315
453
625
1173
205
705
13
377
1009
1
503
729
1231
67
1019
921
425
1221
1113
59
1263
415
267
525
1039
1087
887
1175
145
537
293
519
1215
241
663
749
1035
1013
735
105
861
631
1069
701
479
361
1051
139
791
73
1129
1031
575
1093
309
21
155
601
717
281
1165
1219
1155
161
909
607
867
343
375
771
5
1107
529
1057
905
165
1079
295
1159
65
1147
219
449
1071
405
913
1195
103
487
29
775
823
201
825
811
175
459
427
259
33
351
223
181
737
157
527
51
585
915
963
419
367
333
571
439
1235
301
1103
319
1137
819
815
659
431
339
837
641
579
129
953
1197
163
751
721
653
1017
1005
1237
1185
1045
177
263
1119
987
831
1189
173
203
1181
509
703
359
147
135
77
885
289
539
9
1261
1191
307
781
381
763
555
1253
765
747
445
829
401
499
647
1133
115
587
341
317
809
1227
153
965
1255
593
779
997
821
1141
331
429
671
49
1111
675
383
517
1203
463
169
3
581
411
85
363
1007
719
1059
797
1091
151
693
855
941
269
323
353
1163
83
981
695
1143
933
879
521
253
461
493
773
121
1245
71
421
413
649
839
1273
1089
917
897
477
355
141
973
1083
1205
407
233
403
1073
803
643
883
171
1047
55
89
515
23
661
19
1225
805
1033
1139
813
283
131
543
235
557
167
761
621
615
385
727
667
1251
547
495
1117
1179
935
875
217
743
841
249
523
35
305
27
1217
211
801
639
187
949
959
707
699
349
107
287
1099
79
925
435
1043
715
711
1003
1149
827
563
677
311
191
1201
989
409
1021
189
1077
635
1193
195
1023
345
799
1177
185
531
567
113
251
793
541
999
1239
143
379
919
99
1055
583
111
1259
159
247
1207
1029
227
47
489
87
1257
599
713
943
863
945
983
1157
1075
891
149
605
255
481
927
1067
11
565
725
1229
279
985
889
1105
423
275
313
507
417
61
787
681
239
193
923
395
1171
133
1211
617
1145
57
45
389
91
673
1027
471
265
347
483
451
627
655
553
1267
501
465
457
679
43
1169
591
329
993
595
535
93
951
1213
759
455
397
447
991
1015
623
697
629
37
373
753
589
1167
371
1037
229
845
325
893
807
619
1271
391
291
365
485
551
665
1131
849
967
613
75
299
1049
1183
183
731
1269
853
795
1161
209
443
559
197
41
977
39
1095
843
1187
769
57
1153
1087
267
135
119
733
313
1173
771
855
829
725
997
343
123
491
647
1209
431
695
657
581
1
1085
1079
233
1259
309
363
1157
283
801
383
787
977
649
1109
753
863
993
967
481
411
159
903
381
101
955
551
37
831
1275
623
1031
1205
35
1045
1121
933
839
759
1049
221
1149
349
265
1069
845
859
527
739
663
449
145
1197
619
697
1203
701
1193
1061
193
699
165
983
167
945
521
505
1009
689
493
1133
335
1089
651
817
5
749
767
519
393
321
991
435
69
517
29
287
1035
459
1065
917
653
669
893
447
451
531
305
413
417
1199
583
717
327
693
645
937
989
809
953
129
539
255
1183
469
969
779
103
1075
465
33
1187
1235
181
773
117
489
1279
429
665
715
811
311
1005
223
113
79
1177
951
127
721
403
291
281
191
803
25
775
927
185
231
705
1093
565
1029
289
1241
379
369
89
667
999
419
1277
1063
1155
1273
763
235
1059
675
67
359
561
795
17
227
869
723
925
1179
1117
879
1051
515
877
857
1067
425
949
1123
19
163
671
907
329
199
1143
503
441
83
1101
943
611
881
81
781
63
423
1017
77
609
1265
261
737
367
1027
713
1145
179
597
913
1215
841
1231
409
13
337
755
1221
1257
507
965
365
499
789
251
125
401
1111
339
1037
827
821
959
599
439
177
973
1103
785
107
1105
1247
743
391
195
547
53
387
189
751
205
769
1139
161
601
1159
203
979
573
1033
835
183
557
373
589
621
575
253
639
361
187
427
1025
421
823
525
605
1057
49
637
659
1131
791
1175
477
867
807
1019
963
1249
215
323
23
197
483
457
1041
777
535
871
745
147
919
1185
1097
475
171
279
543
1095
1165
247
981
1213
395
741
985
295
513
971
615
719
843
259
293
537
957
679
333
115
681
217
237
65
245
509
1169
1263
799
11
1189
1099
325
61
545
319
415
341
345
273
1261
727
805
833
1229
1115
553
99
269
765
577
1225
1055
91
563
355
931
225
1081
815
485
1271
1269
655
453
921
935
861
1011
853
219
849
511
735
7
277
151
385
709
909
1201
905
559
1127
433
271
1207
631
399
995
109
131
625
1245
71
883
761
1083
315
595
865
661
603
1021
1007
73
1129
201
241
633
1223
529
263
627
1023
1077
1217
873
825
523
1243
923
461
331
819
243
357
549
757
3
683
285
351
27
1255
487
43
443
445
137
783
617
961
1171
211
87
257
45
887
1003
947
93
121
915
229
495
39
899
685
1227
677
939
813
111
541
21
1053
51
301
297
213
1161
9
377
1113
75
207
691
1147
569
1237
567
139
673
437
533
1167
169
641
375
591
875
209
371
41
15
797
149
643
793
1071
1141
471
455
579
95
405
731
895
1233
635
1013
987
473
885
555
1091
941
105
299
467
891
711
901
249
889
911
1267
1137
747
1125
479
613
1015
687
975
1119
97
847
317
851
389
463
141
275
1163
1043
133
929
629
1039
31
837
85
593
307
347
703
397
707
585
55
173
407
155
1219
587
1251
1135
1151
1253
607
153
571
1195
897
47
729
157
1181
239
303
497
353
1073
1001
143
59
1107
1211
175
1047
501
1239
1191
1049
877
953
845
337
463
971
219
1091
327
579
935
595
517
349
65
835
201
693
73
547
901
1257
813
559
973
161
375
263
739
505
991
1111
799
993
85
613
737
585
465
925
683
567
549
1101
1187
519
299
41
365
611
827
1129
355
305
1189
419
1079
61
449
523
123
705
755
195
911
553
689
601
1149
1039
1153
185
461
587
1251
1183
699
897
687
155
387
291
959
1241
1185
359
1265
153
937
417
247
643
759
265
1155
539
853
407
7
5
875
13
1163
1255
1151
77
947
555
271
1229
215
565
927
967
907
25
59
987
963
113
1135
405
1253
315
49
173
1093
573
1083
211
243
43
509
773
1179
767
785
133
1137
1081
459
1047
661
1261
239
685
433
823
481
267
199
171
633
273
621
723
233
761
1017
529
269
1273
639
369
357
1209
1023
379
125
397
715
21
1045
179
765
431
1259
1073
665
275
1043
31
805
543
309
231
819
1235
235
117
217
497
169
1173
97
501
281
677
373
615
285
913
1113
791
735
23
371
1057
1219
597
467
551
93
605
29
793
719
143
1013
525
807
1069
995
471
757
1099
899
871
1
279
513
101
111
1031
295
1263
391
289
961
297
1275
441
99
1041
809
409
557
1161
249
659
1119
1097
763
37
175
833
745
89
673
167
1271
1165
1277
91
35
1169
679
1105
283
863
751
569
381
849
1193
743
929
541
423
663
53
939
909
803
127
453
145
495
137
245
67
1247
627
667
27
341
607
637
583
1053
303
427
711
1239
571
599
63
1095
653
191
1181
329
425
701
797
399
989
843
163
697
9
1221
727
1019
645
1269
429
681
983
1011
617
535
1071
747
395
943
141
527
377
57
671
779
917
241
1027
903
451
479
257
363
321
229
531
55
881
1243
883
119
1109
95
207
325
69
457
619
879
1133
1123
361
729
783
867
979
353
603
335
1225
47
129
655
609
631
1055
203
1147
869
985
1143
1037
1249
389
39
79
177
1141
489
577
545
443
197
703
11
839
439
893
753
511
81
831
311
651
593
455
293
1121
951
473
213
825
503
181
1085
1191
1237
669
103
997
499
769
415
15
1195
71
921
1159
1175
563
477
649
189
709
159
491
821
343
1009
313
105
319
1065
445
1157
949
1001
1107
413
1003
1213
885
1005
221
865
873
1139
261
561
75
965
515
147
339
1075
1211
393
45
403
1087
1067
815
187
851
333
905
1207
931
483
955
1021
777
1217
225
1233
345
981
945
1171
227
861
287
1103
1199
941
919
733
83
1223
1215
859
1077
801
469
351
915
533
1203
19
139
251
811
771
1007
1167
975
183
347
331
635
253
741
855
259
717
625
1125
1089
695
209
795
205
51
17
1025
841
3
87
401
1197
837
787
977
487
789
411
713
591
301
323
575
817
675
421
1177
1131
485
151
691
999
749
933
1051
923
157
165
447
775
581
131
435
891
255
307
1231
437
857
1029
657
623
493
149
847
385
121
115
895
1279
521
887
1035
1117
33
537
193
1015
1033
1205
721
889
109
383
277
223
1227
641
725
1127
317
237
1063
1115
829
135
1145
1245
781
647
1201
707
629
1061
969
367
957
107
475
731
1059
507
589
1267
1233
1107
5
189
165
873
1127
187
251
25
499
667
33
1199
1029
113
655
89
153
407
995
451
557
121
1277
1033
1215
1087
645
361
541
809
455
599
819
1091
237
611
769
157
607
831
901
793
233
1239
173
115
1049
1061
481
147
441
275
1055
835
27
501
1187
537
79
763
717
939
1017
697
799
227
1211
299
97
1145
861
349
309
875
917
1129
791
1157
263
803
171
119
583
289
691
1259
207
863
1105
235
197
297
699
35
641
191
159
1051
129
1255
625
635
1225
439
343
305
485
77
1279
1037
743
591
345
747
1275
403
953
225
733
429
519
1135
1213
919
1083
339
1155
887
821
647
1117
1171
549
775
961
137
905
445
1113
1019
421
925
773
427
981
1189
1109
937
219
827
465
1121
927
411
1035
245
577
143
1181
431
713
371
231
707
959
199
983
849
65
23
81
203
1221
575
167
1047
921
725
701
359
273
31
443
73
1011
19
1243
1045
1175
515
205
1027
1219
1009
125
663
29
569
855
435
75
671
285
291
401
679
837
673
1005
145
907
477
1097
269
253
555
653
817
527
1123
1111
1067
721
785
83
107
777
139
141
525
193
581
475
365
177
513
757
1141
483
169
117
1075
991
845
771
57
383
209
1131
317
287
731
979
215
729
1077
301
949
749
913
765
865
683
1081
703
457
643
1079
753
1059
1015
815
353
101
943
37
1217
1261
259
1119
1039
923
149
151
787
45
185
175
1247
53
1265
337
999
659
1165
627
423
1251
1193
397
1153
319
903
595
405
1
1223
1085
631
605
325
307
781
975
841
915
563
889
669
957
741
503
609
1001
277
459
893
13
705
327
843
255
85
181
1263
381
941
497
295
909
1253
293
163
897
539
61
471
315
601
1089
229
951
1031
1063
685
573
331
1149
973
1207
823
931
1249
1257
7
761
597
1073
1231
1169
453
535
615
387
547
825
69
341
745
59
437
249
3
355
715
689
271
895
935
479
1151
621
223
463
807
1007
1209
257
1043
109
681
993
603
1159
155
201
351
1013
619
851
419
587
839
801
829
71
379
969
11
869
1025
545
367
335
67
649
723
1163
719
491
217
131
413
871
727
239
41
417
1237
1173
161
1203
867
965
617
665
945
637
529
805
1185
759
1023
987
795
565
967
1071
91
551
43
531
195
1053
489
553
735
695
899
357
911
1273
881
1177
677
1115
135
543
947
1147
633
877
281
1003
313
39
469
1041
847
561
1201
333
433
9
971
1197
1069
389
241
123
517
859
891
393
567
377
711
415
21
811
533
1161
783
243
1245
487
261
857
127
183
737
495
385
179
279
15
409
709
593
303
1065
267
1267
375
363
693
461
1133
879
629
507
559
613
63
395
989
751
1095
347
111
311
105
95
1205
651
1093
399
133
103
977
1195
321
213
579
929
369
211
247
473
1125
1235
467
985
55
323
93
657
447
329
661
571
493
639
1057
47
885
997
853
779
767
755
739
523
797
1183
51
1227
1191
509
1137
425
449
933
1229
833
955
1167
883
585
283
221
789
505
963
675
623
1101
99
521
687
17
1139
1021
1271
511
1099
265
589
1143
813
391
1103
49
87
1269
1241
373
1179
95
1175
265
573
807
173
823
495
673
709
1261
1151
893
195
119
1121
987
589
309
1235
765
951
127
1267
849
555
361
217
931
513
153
257
113
473
1075
1147
111
167
115
39
329
525
603
1185
503
63
117
221
859
981
81
799
237
421
355
545
431
657
563
671
611
425
401
947
35
1021
681
1115
909
171
403
955
877
1127
129
839
511
461
41
15
777
1051
1057
929
749
523
1117
209
651
479
1199
197
505
99
661
285
1269
897
451
381
663
379
557
515
653
743
1237
1279
67
103
825
303
805
1139
229
241
1091
989
1189
1061
739
543
283
1039
143
149
1101
1145
697
623
851
701
443
957
351
71
327
863
547
247
1233
1001
249
617
857
509
881
1201
1059
609
1007
1071
245
259
705
275
1197
305
613
1159
1191
483
869
975
463
1177
11
1105
875
1087
763
131
905
1023
579
65
375
633
383
311
997
707
733
593
791
649
175
1265
1095
1275
735
1135
13
397
1195
141
57
203
1053
939
233
1227
1225
335
411
439
21
819
985
273
51
983
1239
827
643
647
887
895
883
315
533
223
1221
101
339
577
47
457
535
561
1065
945
363
91
853
721
793
719
1187
979
139
1131
165
109
921
407
669
213
1011
415
1081
1217
5
343
811
45
675
963
813
1205
253
181
797
601
291
971
1019
491
323
207
497
757
567
923
933
891
703
1005
475
1249
453
219
635
1211
913
373
1181
1179
163
151
307
803
25
1257
279
559
205
645
189
815
759
949
679
625
395
901
539
687
489
449
263
581
55
715
779
267
423
641
377
725
1055
821
619
1271
1253
529
199
97
775
499
1129
73
1231
655
531
1111
369
1013
281
517
817
1041
871
433
713
717
691
917
17
959
689
231
357
941
903
1069
1149
879
27
435
1083
549
1173
69
587
755
571
1029
61
337
317
973
1077
393
1
201
409
831
1161
105
629
935
455
1033
925
353
1047
441
599
847
1213
1167
965
87
53
187
387
867
319
789
627
501
331
583
961
3
693
43
481
347
255
7
1043
855
695
575
809
507
467
569
155
993
445
841
107
685
607
551
1219
1207
631
729
1063
527
1245
783
179
185
667
953
301
437
1073
333
597
31
325
447
345
833
761
969
845
1251
1157
365
873
413
737
665
147
417
243
747
427
477
977
1193
1123
75
123
405
781
145
829
727
1015
541
125
399
469
843
385
787
1037
79
521
391
1133
1107
771
157
943
1243
1277
161
239
23
677
1067
1025
1169
591
731
49
637
699
585
835
683
1099
341
565
1109
471
1125
1203
1009
169
1255
19
193
595
911
269
1137
293
1153
459
277
1017
59
1089
741
795
1171
487
215
485
1247
299
359
967
1097
837
751
227
995
183
1119
1259
367
991
159
1141
801
519
1045
919
271
785
261
1183
1093
907
1223
1273
9
133
297
1165
999
37
93
321
615
235
287
1229
1155
537
621
927
429
1113
937
915
1143
659
1085
711
753
639
1209
1027
465
1031
83
1163
553
177
225
889
767
211
745
295
77
89
191
1241
493
1003
349
389
1215
33
135
885
121
85
251
1103
313
861
865
29
1035
723
773
289
1079
137
899
371
419
1263
769
605
1049
913
123
1153
919
495
579
1107
127
639
789
981
603
1041
1157
1037
697
233
853
23
35
1113
1123
621
467
701
1235
1159
97
523
607
1279
275
645
199
669
311
781
141
983
417
949
611
255
347
1237
323
943
1277
387
39
415
817
1179
1169
1265
1177
1133
173
45
649
273
1131
1129
55
831
5
533
1253
859
1011
139
939
1075
541
429
505
633
1071
237
647
955
483
1173
805
287
561
869
383
1185
25
1205
379
485
197
1073
247
655
605
119
207
1019
597
307
931
593
91
1247
1003
953
821
1261
421
113
571
985
517
401
699
411
589
875
543
889
447
1109
865
575
787
987
909
897
667
539
105
977
577
53
623
1089
1219
67
267
819
833
481
1053
839
1171
159
205
741
653
665
129
69
1067
1217
381
1269
725
3
683
841
65
735
171
1207
259
1013
1097
193
135
1031
1193
957
583
971
1117
419
305
1023
835
1057
399
285
413
753
723
295
721
1061
1273
581
1259
461
1251
333
1077
493
1141
553
959
479
873
1021
225
281
1239
185
145
137
1087
355
1065
341
1015
337
89
241
1263
1213
1125
1027
463
1105
1183
751
427
933
1093
211
903
499
1229
619
263
473
765
271
929
1017
1209
1009
743
465
291
37
995
29
1139
591
31
529
587
1197
349
47
315
975
353
93
1275
453
1127
439
475
321
713
243
49
187
1047
1195
165
531
125
81
991
369
809
773
745
767
201
513
615
709
777
111
477
1007
947
57
551
433
389
183
153
19
705
643
675
489
891
711
373
397
103
747
1167
163
1227
219
673
1111
329
769
213
449
915
1081
289
825
1091
43
511
147
1165
445
867
899
1005
657
887
181
385
15
1063
363
1163
749
265
1069
905
627
1115
1143
779
95
861
169
519
893
303
557
83
203
471
793
331
917
299
535
509
1101
855
1001
1051
689
585
231
179
507
175
1257
297
761
759
217
33
961
651
249
1199
1035
61
497
301
1249
661
521
277
979
739
327
1243
549
1049
719
443
469
797
357
253
1187
775
695
1225
811
555
525
911
935
845
501
813
155
1267
795
51
441
229
79
1181
671
559
157
803
613
829
545
151
409
785
827
563
177
685
843
209
423
963
815
641
599
565
393
437
883
1043
223
457
9
435
885
41
663
261
133
215
1119
257
109
1039
73
755
847
727
131
167
625
77
1161
879
807
907
989
1103
107
851
59
1
547
309
799
455
637
763
941
631
367
27
365
283
1189
335
491
451
999
871
601
405
945
969
1271
143
687
681
791
189
1231
1201
729
925
1033
221
1233
1055
325
927
361
1145
195
431
245
115
707
343
377
1151
1147
1241
737
313
783
617
345
161
1191
733
901
609
71
1079
1025
691
731
881
895
569
317
227
595
923
235
849
997
527
239
951
1099
993
503
371
7
359
1095
677
1149
1083
99
629
395
537
1029
717
1255
1045
75
1121
339
801
117
21
715
921
101
1215
1135
63
425
269
17
837
1155
857
1059
693
823
771
567
659
251
863
937
757
703
279
121
1203
487
375
573
407
1223
149
973
459
87
11
403
351
679
515
1137
319
635
293
877
1085
391
1245
13
965
1175
85
1221
967
1211
191
875
237
1133
817
833
877
953
141
691
611
1063
295
221
849
1031
635
1013
839
335
795
647
291
857
873
443
447
939
899
1065
43
531
969
461
9
479
97
617
433
603
163
117
1113
199
715
683
255
911
5
517
1189
609
131
175
13
623
487
1035
511
757
287
1135
897
95
185
183
103
129
991
709
343
423
489
957
613
551
929
1097
313
1163
11
323
601
115
557
227
341
1279
319
345
775
369
299
869
1255
133
895
469
1017
835
549
629
769
677
1047
1101
761
37
773
155
1121
965
275
641
1257
671
841
1187
171
441
499
971
503
881
71
533
1003
1049
925
421
723
1201
605
1005
879
959
347
901
793
39
333
457
1115
973
1
1209
733
1123
909
711
853
1251
955
157
379
491
207
1203
693
189
919
1221
223
451
271
219
1227
997
827
529
593
697
137
1167
35
1139
1109
181
1129
139
289
625
921
65
749
915
357
401
645
453
91
1105
405
243
251
393
467
383
995
1051
391
1021
3
779
113
265
1045
985
123
855
889
1177
315
935
1037
351
747
1077
1119
1127
735
1161
907
787
463
1137
307
755
395
363
239
851
17
425
687
1181
699
843
737
1245
1075
377
993
7
233
193
197
701
53
527
211
575
87
627
515
57
741
1001
127
1165
535
21
555
399
429
1247
1157
165
871
543
33
367
153
675
179
1083
1055
1067
591
361
1243
655
495
821
801
885
1015
523
125
1091
1057
1087
411
731
1173
1053
67
589
277
1263
765
777
539
661
739
785
633
1155
1061
51
1093
1235
763
1207
949
1089
235
789
1233
339
805
1179
659
485
241
567
1277
173
1039
1253
167
981
1103
809
283
681
409
89
1275
77
375
93
883
261
783
1011
373
573
47
685
903
267
607
1267
1223
649
1151
1191
225
1219
385
819
1071
825
107
507
297
387
147
829
203
59
397
1147
145
413
1043
79
1149
249
705
445
621
569
665
893
301
1107
19
891
887
1159
525
29
353
771
719
767
799
565
427
471
615
105
285
201
415
847
1059
101
439
1273
945
1175
561
119
303
559
1117
917
743
257
823
1239
713
1261
99
541
679
111
1169
473
975
521
1269
933
365
619
1131
553
967
327
585
437
161
403
135
637
245
31
673
815
1141
1095
121
1143
813
281
1265
797
449
217
669
1229
657
1249
159
1197
947
863
1211
143
359
501
587
1099
725
631
583
149
25
717
1185
923
1193
305
727
55
73
951
481
941
861
867
547
999
325
653
329
169
837
1027
1171
1271
493
1081
791
983
759
311
667
177
209
321
85
1215
721
459
703
1241
417
49
643
707
865
927
151
273
497
1183
69
859
337
1195
215
545
505
63
905
1217
1225
293
963
81
1145
355
979
229
689
109
977
1153
483
1231
831
381
937
475
279
75
537
1079
45
695
419
639
729
595
1205
1085
1213
27
1199
61
1007
1023
1025
581
943
477
15
845
205
317
1029
231
247
269
563
1073
803
807
309
751
431
753
187
811
253
331
513
651
41
745
597
961
663
1237
781
1009
913
1259
259
599
23
1019
1111
191
1125
263
455
1033
195
509
407
389
519
465
987
1041
213
349
371
1069
931
571
577
83
989
579
435
719
237
1041
257
501
103
699
1015
185
1231
1101
31
943
941
733
421
7
1013
1199
599
177
403
1085
739
329
1107
207
1021
423
1229
981
413
233
67
779
1267
1173
1175
255
409
623
1207
415
1271
1239
693
69
313
1251
57
827
713
1029
551
401
867
271
589
655
1127
363
385
285
481
1011
477
823
635
737
675
947
325
433
293
557
297
591
157
537
649
17
767
773
49
1263
265
159
55
427
125
267
1081
301
1167
803
875
1269
1045
1237
129
1181
239
1227
1247
97
913
607
1245
1249
91
1065
643
25
973
819
1005
517
979
1153
463
647
1009
1273
545
925
577
259
1217
475
619
283
931
1171
625
349
1233
503
483
805
1053
1093
29
547
893
663
155
641
1193
279
359
1027
375
969
105
243
299
1077
323
617
425
253
899
553
1195
919
89
811
387
467
347
95
111
747
131
223
983
999
883
13
99
781
911
1155
275
917
685
147
59
1265
613
959
101
119
471
209
247
1187
1087
565
269
885
991
907
211
1089
407
1141
1057
303
937
357
73
71
1055
815
541
361
305
1201
51
837
469
1031
651
219
813
689
711
535
165
85
367
1131
671
521
509
189
905
1197
729
205
915
1071
1073
317
1191
191
653
241
43
273
783
725
319
789
881
291
315
1151
897
735
47
371
5
381
3
993
459
435
795
1125
575
505
419
579
529
1097
679
1111
1255
863
833
1037
731
169
817
847
63
213
595
145
709
163
37
673
1211
727
431
1145
201
1149
909
605
573
581
215
1095
1161
563
261
1113
117
351
851
759
345
151
65
397
139
519
447
753
1047
1117
895
615
1043
1257
193
9
1083
83
1109
1001
1147
1279
1179
391
939
539
1235
133
549
449
1221
245
499
23
1105
123
597
985
53
859
659
195
1203
127
295
963
1241
741
235
289
507
873
1205
855
343
439
771
1049
929
417
161
629
593
601
887
1209
1169
631
1185
229
513
251
445
383
841
1061
687
389
1139
39
121
45
455
33
1035
491
989
1259
835
1163
451
485
559
35
339
743
843
1059
263
113
587
807
853
997
785
603
429
277
365
555
399
797
183
1051
921
1225
571
645
461
79
1183
511
935
1067
281
723
965
93
1115
1213
395
667
763
681
107
1023
1189
495
61
721
657
1063
949
889
1075
479
705
933
171
217
249
955
487
353
791
751
585
1165
1253
137
857
457
41
879
749
871
683
441
1033
745
1119
15
669
225
821
1143
531
405
77
609
167
901
1133
839
761
567
453
21
337
515
1069
1275
19
951
809
987
697
757
829
861
497
1215
1103
311
953
903
611
691
377
945
1123
327
333
1135
1137
621
135
1007
175
1099
877
777
995
845
831
543
199
379
583
493
891
703
769
717
801
1159
465
153
1157
203
637
849
81
1261
87
677
707
369
181
1019
309
1003
701
561
825
489
373
639
527
755
141
1277
799
437
231
227
533
927
865
1039
393
1223
1
287
665
787
411
149
307
173
27
1129
525
1177
975
221
1121
967
957
1091
1079
633
143
569
923
977
197
331
335
1219
11
179
1017
473
775
793
115
321
627
1025
523
187
765
443
1243
971
109
75
661
355
341
695
961
715
869
623
463
815
933
1019
341
749
697
295
893
965
345
561
753
27
995
585
337
81
133
67
611
563
543
1083
539
431
581
821
745
273
419
393
119
861
791
95
153
375
1047
681
949
1115
859
407
765
747
1167
1265
259
1081
335
955
733
1103
1061
907
1005
1109
691
231
433
1009
1177
415
913
131
381
775
1033
499
125
403
69
171
197
811
1243
625
405
951
137
427
269
897
961
823
281
901
801
705
1131
253
91
489
1091
33
477
551
1073
597
201
451
1269
1105
55
835
817
527
349
641
751
1117
591
343
541
441
557
735
1065
999
701
595
627
605
13
1003
577
531
1149
1153
229
1219
911
613
3
177
261
831
23
1051
969
1125
453
475
1041
757
653
397
1145
889
1249
779
547
417
113
863
395
853
635
851
839
385
1155
307
725
925
423
1017
71
867
849
989
1113
1225
891
695
727
1121
637
241
359
787
737
1143
687
283
939
1129
1027
243
1015
447
633
983
819
837
483
481
101
37
923
65
845
991
937
829
1227
555
967
1043
383
665
895
729
719
929
297
739
93
649
1093
1213
209
7
257
151
661
675
1057
497
1207
609
679
1067
1253
327
631
1111
321
657
43
885
1151
1175
469
537
485
673
211
689
809
1049
117
899
1267
587
391
533
1099
1119
255
1157
773
549
235
35
357
639
5
1185
927
671
1215
389
1141
865
683
99
135
677
155
1137
97
1087
1239
77
833
377
313
205
1173
797
1279
755
435
799
693
827
371
1089
287
373
807
763
1053
1085
105
1021
715
709
193
1195
127
781
785
1245
1075
1059
857
17
1273
1211
429
721
85
189
565
767
1251
299
517
159
157
1045
289
245
271
1163
247
511
1133
411
317
621
29
643
39
339
505
1263
1169
1035
387
847
619
881
1189
461
589
455
379
1165
251
1029
571
439
163
569
887
1199
207
685
717
771
219
599
443
1007
45
921
523
167
1235
223
875
1201
545
249
1193
493
573
941
1277
1179
1187
421
645
401
1069
603
915
987
109
769
515
57
1257
473
181
275
855
1183
869
361
63
703
647
185
519
957
1217
491
1039
147
305
9
997
843
935
445
1123
149
1203
663
1079
399
425
107
437
1209
503
761
1247
183
713
741
237
329
825
213
793
315
409
59
1025
905
507
985
1097
1191
879
301
655
669
529
15
877
509
191
129
1071
19
487
203
115
353
883
873
225
285
979
1031
161
1231
1135
267
535
347
467
975
1233
559
593
187
723
1011
513
1255
783
449
1055
1237
583
51
173
919
355
777
459
525
61
909
495
277
1001
629
41
233
49
903
841
1241
111
413
981
73
369
1
659
973
199
363
83
501
1205
479
789
457
617
1037
121
365
471
731
805
667
89
931
291
217
169
1095
21
323
963
699
553
579
1275
743
31
711
945
325
367
1171
227
977
795
75
1013
333
615
195
1101
311
993
1063
265
1161
279
331
179
607
103
759
943
575
813
959
143
567
239
1261
1197
25
141
601
11
465
1107
165
871
309
351
917
53
215
521
651
1127
1147
803
47
221
303
139
123
707
87
1223
175
1221
953
1259
145
971
293
1023
79
1181
319
263
1077
1271
1139
1229
947
1159
755
1081
1011
541
511
693
501
61
1009
1269
397
509
217
1171
207
339
365
827
253
299
241
459
1093
295
919
225
497
811
1259
1247
413
973
991
735
867
959
465
559
1105
1003
747
543
77
113
627
1265
787
447
1177
305
135
1
665
1243
119
57
51
675
175
431
109
523
255
87
1055
399
687
103
785
477
875
395
819
235
307
705
361
1229
999
865
249
1153
859
7
151
771
279
163
91
1075
205
1115
157
757
603
375
429
887
1267
199
845
19
59
1039
177
1223
425
997
1249
515
913
1049
769
713
1155
661
155
1277
1165
479
935
879
1019
311
401
1209
263
147
49
203
1233
1215
1185
1201
309
1079
833
1213
663
1023
21
825
167
257
557
1211
613
39
161
469
185
169
1117
715
329
1103
1197
195
243
419
685
923
1133
1207
337
1253
449
439
23
1073
37
297
815
529
939
231
635
647
237
1139
33
779
473
281
743
995
1053
1107
441
433
1169
791
893
1237
209
621
387
363
1241
325
1195
783
869
745
317
435
963
377
487
971
41
531
187
813
1069
467
903
519
761
179
937
553
1189
601
219
821
1047
683
881
319
333
1181
273
781
173
485
9
437
93
1193
293
855
955
1137
625
115
129
29
695
1235
71
1063
1255
883
499
803
1217
711
535
303
471
1175
1239
233
277
1113
979
835
841
697
17
871
247
595
193
1151
403
527
1077
585
381
545
1129
521
389
899
759
223
1015
67
993
141
657
719
1191
65
957
533
653
969
81
851
927
611
133
623
221
1131
1111
1251
861
79
987
1043
749
677
577
931
105
25
95
343
405
323
571
45
13
897
15
73
649
789
891
633
197
1029
691
211
907
645
457
839
27
507
1037
1097
773
797
379
1125
229
607
1183
703
1271
47
145
629
775
707
321
393
451
1257
933
643
289
183
1149
143
723
843
831
1141
89
347
751
921
85
1083
227
619
1221
5
483
127
945
165
731
817
551
111
1161
1033
415
137
123
53
733
489
951
131
35
729
1187
1135
985
99
1087
1085
863
149
461
345
1245
265
391
539
615
911
1089
1095
283
335
1167
1119
655
1099
689
1059
367
741
777
537
75
1007
1157
503
977
1123
1273
667
117
799
409
443
795
983
857
159
709
561
753
353
371
1051
493
491
427
837
373
673
659
925
349
853
873
1275
587
359
259
239
315
563
567
1199
909
1147
153
641
547
1035
505
525
455
699
101
671
1109
1143
929
639
953
961
215
1067
43
1021
901
1225
847
121
591
385
1065
1121
549
725
267
849
1173
605
517
213
1219
721
453
701
383
597
915
809
1017
63
681
171
579
679
463
965
1091
941
1231
1013
327
669
83
355
1263
201
301
823
917
313
271
181
97
989
631
889
11
251
1261
555
189
1057
1163
947
481
1101
637
807
581
125
261
565
739
107
895
191
1001
877
423
31
1041
69
1031
805
1071
975
617
1205
593
583
765
331
285
1179
275
1027
737
589
1061
341
445
569
287
291
269
421
139
763
727
1159
767
495
1005
369
573
417
1203
609
1279
475
3
981
1145
905
885
943
801
575
411
55
949
351
1227
599
513
407
967
651
357
793
717
1127
245
1025
1045
829
901
205
795
401
43
67
181
311
1045
955
1201
243
509
1115
97
463
75
875
53
1133
713
429
1185
651
49
759
11
1189
533
19
469
611
23
921
935
873
211
247
113
3
183
523
351
99
1089
617
261
721
413
801
145
257
835
1159
375
1245
359
1229
479
653
949
485
745
893
783
275
703
147
459
867
37
693
573
543
763
583
355
93
555
507
141
149
111
641
331
1071
809
833
307
1169
817
1253
1083
929
343
1057
1017
765
45
779
857
963
961
917
5
505
473
909
1069
237
1035
1141
1039
697
725
521
1215
563
199
87
923
123
477
797
739
1265
911
619
895
1117
669
239
349
597
489
1163
131
1085
85
757
167
847
1031
799
47
171
395
295
379
827
519
27
1073
601
341
1255
483
537
59
773
1129
939
503
1051
1107
957
1061
259
681
995
1081
63
951
877
309
845
25
705
1023
383
1235
373
843
735
1219
1047
339
905
177
975
223
273
387
1147
165
411
1157
345
999
445
409
1237
7
663
567
363
807
579
593
265
985
1263
491
1037
337
1033
589
13
1269
569
1155
621
425
899
389
89
1225
71
475
277
73
839
571
831
279
885
819
545
841
501
271
1043
903
853
499
1193
559
1207
1161
1277
303
907
565
657
647
321
421
357
1221
241
1183
767
129
305
319
497
933
525
1227
623
95
249
481
209
229
255
1271
431
709
213
1003
465
541
155
1067
201
673
869
1181
595
415
1153
761
849
1021
293
235
1247
1191
133
57
993
269
153
281
163
1
1177
1205
1165
711
353
175
947
581
1091
487
55
575
461
33
513
327
453
925
437
289
881
151
587
823
679
977
231
787
1025
691
603
1059
1251
635
1151
159
1137
41
727
605
775
1055
659
1195
889
953
1029
301
539
251
677
1135
495
531
969
323
79
671
207
493
561
407
299
447
69
365
967
419
717
715
1097
585
747
1109
535
329
451
959
61
391
913
915
997
325
865
31
315
253
675
439
179
645
217
1111
1149
119
973
297
109
629
1123
615
377
1249
1075
15
557
695
335
267
369
233
367
871
417
743
1179
665
1131
811
769
1231
1079
991
161
135
815
937
965
1007
1105
821
193
1267
51
1125
457
77
945
285
1087
551
197
1103
405
143
1243
1167
433
371
897
527
435
755
1009
101
1063
385
91
361
515
793
667
121
263
1233
1279
1239
1065
803
35
399
837
219
719
117
225
441
1101
987
245
511
753
737
861
633
791
625
927
643
517
333
547
81
1099
599
195
115
941
1203
1053
723
203
781
173
21
83
125
1259
283
157
707
443
103
1077
687
1127
1113
639
1223
577
1121
805
1209
1171
17
1175
1019
813
189
1027
347
1275
1015
1041
1049
983
215
649
751
287
637
403
137
455
291
449
863
699
741
591
979
829
1217
227
1139
607
1211
883
683
9
785
39
887
317
891
381
1199
661
1095
393
187
467
1273
105
107
29
191
627
549
65
185
729
859
1187
1173
777
931
1143
879
313
919
1261
423
221
685
609
989
1013
701
855
471
139
427
655
397
631
1011
1001
1005
943
749
971
689
553
771
169
789
127
733
1145
529
825
613
1241
1093
731
1257
851
1119
981
1197
1213
1225
37
333
303
595
525
163
1071
1039
489
655
617
859
1199
49
1025
983
705
829
1009
1213
657
7
301
749
1277
265
867
363
967
739
1043
199
623
799
1093
687
53
865
679
455
943
745
847
747
779
613
193
1273
353
1275
593
157
1185
481
423
963
621
473
1111
1155
261
63
567
641
1107
835
373
549
1073
439
283
501
583
669
917
795
147
143
469
379
743
1147
145
341
73
767
345
607
601
717
335
899
1261
1099
441
87
491
1223
1165
615
281
255
1017
611
791
331
1143
585
45
635
861
1095
591
247
605
931
57
841
415
1113
1255
165
233
1239
453
41
125
321
1269
241
197
217
811
619
839
1169
699
719
1157
43
925
1137
897
711
883
221
291
579
1091
493
939
495
813
1183
519
21
873
817
989
1101
253
909
457
991
487
65
1129
513
13
1007
219
659
885
529
709
485
893
359
67
99
111
1193
703
553
433
419
223
257
581
319
1079
357
947
821
499
389
685
1051
923
425
191
999
315
1221
477
309
1
1131
3
645
707
103
1271
5
1013
783
727
1011
273
1119
285
159
451
625
515
789
1227
997
761
587
1145
35
355
557
205
269
1251
735
797
665
1117
399
573
1141
1173
871
831
509
697
713
1243
827
577
69
1161
239
527
81
517
349
929
1001
475
459
849
367
323
131
879
803
965
417
701
535
19
279
773
437
833
911
231
953
629
1171
109
881
1063
969
647
723
75
987
927
71
785
431
377
435
777
913
213
251
401
1267
275
649
1211
855
295
993
123
633
89
935
977
55
667
149
307
115
1103
267
1259
1205
383
1253
555
141
1105
1257
683
351
643
941
51
1201
137
815
721
1061
381
347
765
945
15
1003
409
449
571
1215
47
1109
843
1027
845
33
985
627
1045
1191
173
753
1229
919
117
1189
1209
715
325
547
299
203
79
1075
807
259
215
1279
1023
427
955
809
461
981
463
93
105
59
1135
869
973
1127
95
207
39
961
895
411
851
781
787
1153
575
757
467
541
589
263
661
1245
1053
171
443
959
507
741
429
29
921
289
1179
139
153
107
119
1083
133
1263
471
227
211
1057
317
393
1047
445
313
391
971
387
277
83
369
771
505
569
121
937
339
1233
1133
77
521
1187
85
609
599
877
949
375
537
11
901
511
27
101
127
857
1031
1167
539
179
1035
653
1067
1029
671
1097
775
603
737
673
23
1085
1247
957
725
523
759
235
639
177
479
181
1115
951
329
905
1049
167
1237
755
559
483
31
533
97
733
1089
201
1149
25
597
1159
1081
693
979
637
465
545
891
675
503
1059
305
689
17
1151
681
561
563
403
729
769
1005
1019
825
61
1121
1041
195
907
1197
287
1015
1069
229
1231
421
169
297
695
1177
1163
447
763
1207
1195
209
1077
1021
311
1181
407
1249
651
237
183
1217
565
385
1065
397
887
551
1055
135
1033
933
1087
1265
395
691
863
875
497
365
1219
903
1235
731
337
9
189
995
889
801
1175
405
413
129
663
327
531
249
155
113
915
819
91
1037
151
677
225
175
271
1203
361
161
823
371
751
1139
245
343
543
1241
185
1125
837
975
293
187
1123
805
793
853
631
243
1065
1091
569
149
529
49
469
593
829
309
127
35
253
811
339
627
727
921
477
1115
643
819
747
837
665
717
703
491
685
273
217
1049
77
993
113
1123
489
463
971
673
1169
95
1055
435
45
793
261
769
913
1219
869
541
323
583
519
107
983
1093
745
311
945
265
823
1073
713
415
743
393
1003
1271
407
943
295
1221
305
207
227
613
1191
81
937
399
831
939
63
423
655
159
559
587
1107
1213
199
361
719
787
1111
355
1007
101
465
419
1145
1267
73
781
899
751
151
147
1063
461
839
327
699
1103
375
1153
1127
571
947
637
171
287
47
1025
893
31
767
153
173
1087
23
169
65
639
1147
387
535
721
1231
221
905
141
543
183
37
941
515
285
841
707
1119
319
1015
1235
629
963
437
177
1203
1089
855
279
635
539
651
1193
87
179
1135
917
649
481
863
861
1105
211
1161
1027
203
1039
931
357
1029
1059
1097
233
197
659
3
1269
981
231
929
1253
421
765
619
473
1261
195
165
445
69
901
749
505
1019
907
693
335
557
1071
883
617
661
425
807
119
259
911
185
647
995
247
725
229
483
731
395
987
871
1021
645
895
1009
459
621
1137
1001
467
347
479
537
1077
553
139
363
607
521
551
999
755
243
381
985
601
925
411
961
1217
161
879
1031
933
89
633
881
219
383
275
1255
55
487
1249
125
99
779
697
851
123
885
299
337
283
909
1183
27
1143
239
369
605
795
1033
133
181
417
1227
545
11
611
525
565
61
385
191
1023
641
359
391
915
1265
567
353
93
213
1175
511
1139
1189
547
1141
429
1131
13
695
953
507
271
827
341
1047
705
1247
1157
493
105
625
1177
43
803
1133
215
1199
711
951
773
979
739
315
267
935
809
681
1207
1185
413
805
235
1
1109
919
135
589
1225
17
351
591
433
771
847
1197
1005
349
1171
85
365
833
1095
859
167
777
453
307
1151
1165
25
457
575
527
923
209
449
497
597
29
193
329
1083
377
321
1075
1237
957
187
1251
115
1101
775
317
1229
1149
927
509
325
401
301
451
1181
975
1263
97
663
163
513
293
427
1257
121
599
333
7
1053
371
689
737
33
1275
949
865
1211
581
675
145
669
857
277
225
759
1233
561
1013
603
1125
897
157
405
175
79
843
959
835
1043
345
631
677
1241
75
799
403
813
1209
797
71
245
533
291
1017
1187
653
189
251
757
5
503
1121
255
889
373
687
969
1245
783
19
495
41
531
379
887
845
761
667
103
1099
1167
723
573
485
501
733
15
241
577
59
237
431
455
1179
967
657
585
873
903
367
867
801
397
1259
1277
789
67
53
389
729
815
297
1037
817
579
549
683
201
679
701
289
1117
1069
825
989
263
1113
715
615
129
1045
143
1155
111
623
1273
849
691
1067
735
1081
791
117
441
1085
281
741
1173
109
155
709
303
313
973
439
205
257
1205
821
763
39
269
223
21
563
1195
671
1079
91
1035
499
595
965
1011
1201
131
9
955
1279
977
1163
249
1061
555
475
1041
875
409
1051
1239
471
51
1243
331
1223
1215
1159
1057
517
785
991
853
83
523
447
609
343
443
57
891
137
877
1129
753
997
