1701
1995
3135
1693
3121
3635
2663
3631
3083
1819
4051
1035
535
2287
1989
3963
2929
2833
2485
2737
561
1563
1827
757
2169
1841
4045
493
1013
4015
3427
3879
3547
2353
2319
3379
1689
2219
2083
2799
1229
2435
3829
3151
63
1387
3641
2327
1027
3141
633
1201
1767
793
1271
911
3545
1865
1383
1991
2521
2985
271
3093
2291
1403
859
39
739
2487
2747
3671
941
2409
809
3519
3207
2525
4067
3797
57
2977
1913
3735
3441
1877
2843
3407
729
987
3483
197
1405
953
1031
995
2425
1185
1981
2245
2467
3695
355
3037
1635
3933
2191
2787
199
795
2887
749
501
3521
1975
231
3925
1135
3901
2779
3573
3019
3429
3549
1919
1859
3927
3459
2695
1691
1543
1239
3399
1599
365
439
819
4047
1471
2055
2853
3133
1851
1821
2203
657
1777
519
2723
1295
33
2841
99
1885
2857
2173
1071
971
1
2313
3723
3687
2153
1111
451
839
3117
2377
3
991
3345
3683
387
3355
649
95
3543
1521
77
381
2715
1795
2495
709
1657
2087
1225
399
2053
1499
2775
3199
3621
3947
2063
3031
2989
2403
447
3471
9
1021
1907
2831
1341
3841
3013
3241
1623
1895
1875
2215
2147
765
3203
3403
1325
3067
1897
4019
1241
359
2047
3085
1187
2155
899
1019
153
951
41
4043
741
2069
145
1457
109
1807
2709
3761
3819
3313
3081
2987
3565
27
2457
2795
3431
2755
3511
2767
3953
2123
3663
11
3935
3159
1969
671
1147
491
577
317
2397
455
3301
2823
1817
1845
4083
187
3139
851
1643
1115
2283
3893
1783
821
2541
2669
323
2009
3999
1439
147
3725
3445
1933
933
3259
927
833
3531
445
3647
2631
2263
1573
1369
2967
2849
279
309
907
59
2261
2811
3661
4055
1771
1359
1577
865
3813
619
2109
2939
2591
3625
3131
3127
2815
4001
1893
3413
1467
1209
475
525
737
1731
1561
3873
2117
1745
2129
1189
3475
2111
1993
1813
717
1391
2909
3369
651
2765
69
1843
1653
1477
1997
2481
1121
2629
437
3943
2659
687
3597
923
1697
267
3451
3751
3385
2511
137
3335
817
2797
3501
3395
2163
3359
2893
2159
1915
3955
1449
3163
1057
2119
2513
1575
3349
1581
3289
2089
2533
1847
131
1235
2851
1889
1305
2249
3007
753
599
1837
2189
1213
4071
2137
2225
2583
2607
2411
2071
2519
2427
1033
1675
469
539
2379
1401
423
955
2017
2107
1751
3331
2615
89
371
3423
2785
2917
2101
2601
691
2281
227
999
1205
2903
1493
283
3581
511
1887
4053
981
3537
273
2883
925
591
1583
697
1815
3075
3659
1709
2587
1443
2501
65
1207
1247
2671
1901
3991
1453
1983
2383
2455
2145
3191
1677
2997
3831
2611
3201
1321
111
1741
801
1079
1955
1301
3059
3409
1053
1707
1797
945
2579
407
4057
3481
1091
2211
2983
883
2049
1679
3861
975
1265
2061
4023
881
2289
333
1291
1739
665
3741
545
3783
703
3317
903
1431
4017
2703
549
431
3073
2477
173
1523
367
275
2223
1281
305
1855
3333
3567
3727
3859
2293
2067
193
3223
141
2407
3257
2039
3217
127
3551
415
3643
435
1619
1579
1591
3983
2315
2741
3975
2303
3061
1755
1585
2563
2527
1823
433
1785
457
3367
2257
2135
1503
2613
1825
119
3529
2241
3039
2871
4037
3087
1447
2279
1765
3255
1809
2133
235
3321
1651
2759
17
2569
947
897
401
3949
3107
1085
2419
117
1627
1805
2655
257
377
2845
2817
841
2681
3415
3607
567
461
3881
1425
3995
3951
1141
3775
2045
771
3577
3237
1317
2819
993
2333
2679
1375
3909
3003
2913
2951
165
2043
3153
1525
807
1799
463
3853
557
863
985
1555
803
1649
4087
427
2897
301
3253
3357
1103
1835
1437
1263
2205
3929
3961
1167
743
1763
565
1345
1195
1717
2791
1331
2369
3373
1593
3051
2035
2739
2349
1049
983
1285
1407
2899
613
443
4095
3795
265
3043
3477
2539
2401
3119
541
1393
325
811
3765
1853
3773
3183
1775
211
659
2639
43
1355
3279
2185
335
2217
1703
919
2565
1293
3305
3115
3781
2923
1183
4041
3033
515
1937
2247
4059
319
2691
421
3149
707
363
3989
783
1347
2701
3179
3681
1879
1553
3703
103
1515
3527
1517
3541
1595
835
3959
589
2829
1069
3161
343
241
161
2571
3297
2809
3275
2355
735
1157
2367
625
3397
3125
2269
3227
1501
1923
3667
3155
1065
2805
3189
513
2749
3361
3097
107
813
1831
1747
3755
3869
23
3089
2865
1029
2489
4029
3467
1469
3917
2925
751
3789
1409
1733
1441
3993
75
2661
2761
1631
1811
2919
225
2523
15
2235
3693
849
2859
1505
2199
2555
3897
3311
2713
605
297
1953
1055
2131
2727
3175
3599
3639
3281
3977
181
3957
1511
1547
3287
1041
3265
587
3129
641
4063
1351
2549
2389
1925
1833
1479
2935
3101
3343
1237
3821
1483
3689
195
1961
481
2139
2373
2683
3069
2441
3479
1011
1349
559
2673
2453
785
1311
341
509
1395
2149
5
3739
281
2013
249
4093
2509
775
825
2227
37
3875
2127
3815
3677
2157
1899
855
3969
773
1491
209
3779
3261
2393
2175
1143
3209
3487
2437
4079
277
157
631
3411
81
1633
2237
2459
1061
2879
597
2301
223
287
3649
1117
3181
553
3655
2937
3887
495
3145
2003
1497
1971
2597
879
1869
3225
1427
2837
2095
3753
2623
1459
2665
523
1159
1261
3685
2781
2405
1529
3401
2499
1097
3525
329
253
627
2503
1539
1379
3731
1715
1607
2265
2699
3211
1905
1587
1939
2827
555
3743
3747
2689
2981
777
1155
1695
769
1927
699
3307
483
3559
55
2361
929
603
1721
1451
2001
3351
2449
3249
2007
2733
2927
3699
3931
2687
19
239
797
3383
3449
171
2307
3205
1139
943
1421
2751
2649
915
3027
2493
3877
547
2605
163
1193
3417
2885
3065
2399
3833
3733
615
2957
1475
869
1433
3009
2835
3579
1507
1389
379
1465
1333
4035
961
121
2285
2335
1615
229
1613
3867
4039
4013
1169
607
1073
3495
1673
1567
2949
1423
97
913
2243
1315
1217
2589
2311
3835
1929
3553
1687
3865
2031
1871
2847
3239
2625
579
2125
1165
2567
1941
1357
2975
2011
2337
845
3849
3057
1603
2443
2995
1637
489
1489
2415
1769
3803
1243
1249
2423
3295
4075
3499
2195
1299
1287
1455
3979
3601
1181
3921
3299
3719
3913
1087
3811
85
2515
1641
635
2961
243
3717
2993
1863
1903
395
1149
383
653
4011
1099
2113
2299
3173
331
2731
3063
25
639
569
1015
143
4065
1625
2735
3941
2323
667
1377
1801
3713
2357
2451
3763
1661
2385
191
1215
3759
781
1749
123
3455
1153
3673
2999
3273
3341
3271
2023
417
3325
3945
715
1787
3891
471
3493
3497
1435
3707
1559
2875
887
2855
601
3589
3561
3863
3143
815
1445
543
3809
1329
3029
3177
2653
1495
779
175
2075
3055
2041
3967
3363
255
3045
369
3137
2777
2725
2033
485
179
299
623
3557
3025
263
4009
677
2873
1093
3193
1417
3871
2721
419
693
3219
1089
405
901
1109
1025
2463
2317
609
629
459
853
2971
3665
3489
53
685
1963
3645
207
959
2529
3745
3283
2931
1829
2161
847
3623
2381
1781
353
2447
237
1977
3371
1957
2295
831
3419
1113
2693
1127
1743
1597
2103
2267
2491
4085
3011
2959
3389
3939
2807
583
721
3807
3309
2079
105
1541
115
2005
2097
3709
2029
3473
3749
3515
3233
467
829
1987
725
3669
1921
1257
3817
1531
1339
3329
2647
1551
183
2461
3971
965
647
2635
1473
2561
1917
4027
2763
67
1629
1273
2619
327
877
3785
321
611
893
1535
2351
149
3353
3595
3697
4073
3071
3793
3077
3617
45
3603
645
957
1043
889
1197
479
203
101
2705
2471
2413
2973
3997
3619
2431
3377
1101
2991
3509
91
133
2965
1967
87
1269
1537
681
251
3825
1251
2537
2941
2445
3883
823
1199
2861
2207
2143
2359
2371
2911
2273
7
205
3041
3387
4091
2711
2275
2171
1267
2573
2719
891
1589
2059
643
1119
291
527
1009
2963
3315
2429
315
1077
1245
3439
1045
247
3769
79
551
3593
2953
977
969
3843
663
1463
3171
2969
233
3465
125
827
689
3571
2365
2889
2543
1639
3435
2239
1873
2617
719
3919
3433
3517
2347
1363
403
2577
1605
3443
661
4069
963
1051
2793
2165
2553
2559
2895
2021
3469
2073
155
201
2599
2395
2309
3491
3105
389
361
347
1481
3633
2077
2641
571
2627
2085
397
4081
2821
2341
311
135
3507
3251
537
2475
2233
967
31
1647
767
1713
3923
1601
507
3889
3895
3855
1145
1307
857
1793
1947
3111
937
3799
1175
21
1945
2329
413
2469
3245
3575
2141
1023
1161
2363
2331
1279
2183
3099
3437
755
2547
529
3303
2497
3605
3405
4025
2091
269
2789
1699
2645
3701
503
621
3705
3293
3533
289
1173
3421
731
3505
3463
477
1617
4077
1415
683
339
351
2025
169
679
2433
2891
373
1667
3447
73
2391
285
3047
3157
799
3285
1849
1935
723
217
3651
3985
1509
789
713
4049
2345
3965
2771
1519
2813
1419
1671
2251
575
2657
1179
3221
2201
1125
1665
1857
4021
759
1297
3375
637
655
1411
1227
3675
2621
245
3629
3113
3823
213
1753
1177
2181
3767
1973
1063
3535
2921
669
3837
3569
71
3787
3513
4033
3337
2439
3583
1951
2945
1663
2685
3327
3165
3587
949
3017
3771
3079
3653
1083
2675
563
3339
3679
727
2717
1485
2697
465
1719
1399
3461
2745
2651
2557
2027
1397
2483
733
3905
2417
1123
1075
521
3827
2065
763
3269
2743
3347
505
221
585
473
1017
3711
2231
1313
1985
1867
1095
3715
1037
1259
1385
61
3247
4003
2773
1705
3049
2783
375
13
873
2979
1059
989
1761
1685
441
3907
2277
2099
3021
313
3555
2933
3243
3229
711
3005
1007
2297
1233
3197
261
4007
2037
2901
595
3637
1949
747
3023
385
1319
695
3839
1365
2177
3425
3167
3267
701
3015
3847
1943
349
1655
2151
3391
675
2877
307
1107
1133
3657
979
2343
2253
917
3903
2019
215
51
2517
259
393
2585
1429
1275
499
3277
497
1371
1569
3915
3845
3615
337
2121
3737
2633
1353
2479
3103
49
3851
1255
1545
2581
1803
921
3613
159
2551
2595
905
1729
3981
3123
1309
1791
293
487
3539
1759
931
3911
1557
1191
3235
673
2609
3381
391
3973
3035
47
3231
3591
997
2321
1131
2507
2221
1219
3503
1683
1003
1959
1047
4031
909
2473
3263
189
2869
1231
3091
1221
2803
1323
345
3195
3523
1163
837
2081
1327
1373
1911
3169
2881
1861
1723
139
3857
1211
1979
1659
3729
2325
1757
1621
3627
1725
1883
1171
2255
3757
3147
303
3691
2229
1129
3721
1223
425
3109
2907
3485
219
295
3987
1337
2115
1001
1277
3885
1253
1361
1773
2955
3053
761
617
2105
1487
3937
4005
1839
2179
4089
2677
2271
1611
3323
1105
2213
2193
2867
885
2187
705
973
1381
1779
1151
83
1335
429
3319
581
1343
3393
2757
3777
2707
2057
2839
1891
593
2375
1645
2769
2465
3801
2505
3791
573
2197
3185
2051
517
2943
1727
185
2093
1533
3805
1413
2643
2593
3453
939
3899
1137
2015
1711
129
2603
2575
1565
867
2947
2387
1931
787
2535
1303
843
1461
1081
4061
2729
167
531
2209
745
2863
2545
1549
411
113
1039
533
1513
2421
3187
2259
2905
3215
1571
1735
871
1669
805
3611
2825
2531
449
1367
29
2167
453
3365
1067
895
151
3291
1289
177
3213
2915
35
935
3001
1789
93
1965
2305
1527
2667
3457
2637
1737
2753
1909
1203
3609
861
3585
2801
1999
791
2339
1681
3563
875
1005
357
1881
1283
1609
409
3095
2149
3003
1669
307
3745
1145
2097
611
647
2063
2679
3779
1947
3417
1119
169
1031
2479
1751
2271
139
2099
61
1801
1885
695
2089
321
3741
459
205
3209
2317
657
3411
2107
2699
1075
1877
3649
547
2921
255
81
3685
2329
3907
1881
419
1085
2477
387
1167
3345
2635
59
3111
2797
3241
267
543
2991
2825
1361
953
1859
1431
3523
1753
3573
1005
3727
3533
819
2989
3587
2277
3133
1001
587
31
3889
379
1229
3297
3899
1789
143
1997
2151
3783
1235
1439
1619
1339
3799
1675
3527
2739
1063
2261
2729
1371
503
1091
2601
217
2925
241
3843
879
585
2249
2265
3723
2591
1979
3093
2511
1245
3383
3653
1861
3701
2209
757
2581
3223
4077
1931
1835
1381
2051
1197
765
2095
2587
2053
215
2595
3749
43
3997
1611
3939
807
2281
2649
161
1889
3471
9
4007
2135
3677
3207
3589
853
3611
4047
3847
751
3787
3353
2573
565
199
1871
1613
1077
865
471
2533
1691
55
1463
2373
559
963
817
3661
417
2939
3291
3369
1083
913
3695
3623
1421
3721
3013
3263
2017
721
1855
2553
1155
2333
609
4033
251
2459
3953
1953
1153
2245
1191
1079
2823
877
3943
101
1601
1527
1639
1741
2439
3903
2777
2065
679
103
159
3247
1935
3043
1253
537
369
2175
1157
887
2337
2067
449
785
2785
1187
1719
3631
3811
2443
789
521
603
2291
1521
1673
2565
301
411
2279
2607
567
1623
1335
3485
3031
1127
2537
4085
163
2215
3449
2137
1395
2645
3513
1471
477
1589
3791
1185
3077
3317
1261
2015
3333
3131
2721
669
2947
3285
3107
2855
311
2689
3103
499
233
17
1645
3769
1365
3851
3217
1129
1289
3359
71
1211
51
3553
399
4017
3705
2013
2011
1651
3185
3525
3477
1487
2211
2093
3867
2497
3379
3021
1373
1583
1661
1723
3789
3643
3845
2557
129
941
735
2307
3547
3391
2719
2643
571
141
2979
3493
3401
315
3433
1451
219
2081
3177
955
151
3531
2453
629
3153
1903
3763
263
3459
3819
3313
2451
3603
3767
1067
3001
2943
2493
3579
3047
2781
2435
3055
3825
1797
2181
3945
2369
731
3087
3323
1519
2071
925
137
1883
733
2853
1805
1573
1093
2983
1637
145
1277
1111
2399
3881
3189
3673
3509
1921
2297
2767
2473
3037
1441
2779
3505
197
1437
1605
2899
1391
1295
3541
2655
3149
3057
1653
2489
969
539
3879
809
1533
2491
475
1857
3049
1425
1415
1199
3489
3621
1231
2143
3969
1787
763
2257
3983
1711
1591
4093
439
231
3105
517
121
2083
4015
2031
3
1779
1331
3085
23
1263
3025
1679
2995
3633
1549
1869
2227
1399
2545
1901
837
3915
1047
2885
2911
3099
2001
3927
447
3837
1795
2795
633
3565
1565
843
2191
3557
2955
583
2707
3747
1293
1053
299
1853
3213
1251
971
551
2077
2611
375
1139
3363
1811
83
1539
2465
3823
2411
3195
3173
1043
1015
675
2731
3761
209
2365
1677
1
1513
57
2687
427
3255
2759
11
1225
693
2079
1457
1617
133
3063
1397
2229
1499
4063
783
2357
3067
1851
1249
1647
1665
891
365
2535
1923
2905
2999
2723
513
1815
3257
661
743
2705
3395
3437
1681
993
1315
2903
2555
3373
1107
3139
1219
2061
45
2671
2445
767
2009
3243
1099
2101
2997
663
3839
3679
95
2241
943
1147
1071
933
117
2549
3321
1057
479
801
3751
87
1663
613
869
4079
3165
93
2157
2713
593
697
2941
2189
2221
2299
3865
3221
4025
1105
2195
3543
1563
3781
1011
3495
1959
3425
803
3409
1607
3029
715
2269
2755
691
361
645
2657
3775
3805
1837
481
1575
3233
491
3619
3563
2223
2003
2745
3249
1843
737
213
2967
3925
1307
1823
99
787
2225
3157
2641
351
959
1123
3609
3015
961
3961
3451
2923
4027
3205
2531
3657
3135
2513
1615
271
535
1427
2929
1009
2335
3537
2363
2693
1897
3187
739
105
147
2239
1407
951
3935
2403
4011
2523
2431
3441
3303
27
2909
265
3163
3551
1343
3627
429
2285
2167
3483
2113
3487
2395
4075
2895
1585
3883
257
839
181
505
2753
1449
2711
2361
1743
2743
2161
1357
2773
2367
1041
3431
331
857
1981
2289
1791
2515
2481
2847
3637
1957
625
2949
3923
2651
37
1985
1217
2455
709
1097
1849
649
3853
1135
1069
1165
3719
1783
2969
2033
3175
1587
1715
235
2495
2387
1757
3567
615
2619
1257
393
1671
323
1141
2375
1275
2917
1207
1183
41
1961
1121
345
3267
1973
3699
2505
21
1689
2323
1933
3343
3813
639
3561
699
1551
1993
461
755
69
1905
1841
2275
893
3277
371
253
589
2233
3461
2647
2129
1629
327
2959
2829
3201
4081
3595
3115
1983
1393
3759
2703
1765
2741
2321
3901
2471
3129
1299
1401
1685
2715
981
1951
2751
3793
1537
597
293
2397
3893
1541
4051
641
3581
923
401
1739
1987
1515
2213
3773
3497
3355
1707
1409
871
2117
957
749
1847
1027
2653
91
3325
49
1517
3415
2835
2615
4019
3027
305
1971
2169
2907
1747
1255
1297
2207
2025
2401
901
285
3117
3733
1283
3161
1873
577
2219
1581
493
1473
1887
3491
3331
3361
1557
3885
3069
3757
723
2415
2869
3041
2179
2761
1269
2881
1325
3191
683
4095
3639
3841
3339
111
653
329
3171
4049
2883
2563
2961
3771
2863
1227
3143
847
3435
363
279
207
2217
2765
4039
2567
3569
227
2349
2685
3393
107
3183
1867
3599
1817
2087
855
2509
1419
1571
433
1945
1051
3371
2919
3725
2109
3469
3023
1907
1915
297
2771
3597
2421
2043
2833
405
3159
2871
177
1597
2897
3389
3821
791
4013
2971
2937
1845
859
1927
395
1351
2963
275
2381
1721
3957
3137
3731
79
781
2803
2973
2425
2311
835
3815
2709
3919
1311
3911
3667
2127
617
73
3169
125
929
3229
2831
883
1529
719
2517
2293
527
3293
3675
799
1761
2383
343
2789
2131
2345
813
1291
223
4035
1243
1827
2413
2827
2735
3081
1161
3335
4059
1567
2437
903
189
3777
1917
123
541
1113
3977
3193
1485
3427
1995
1285
1443
1727
3989
2163
2315
1773
1909
4057
1493
2085
967
3663
5
3009
1831
3515
681
2623
3405
2951
441
867
995
3765
773
3403
1403
2503
761
2933
3737
249
3941
155
2817
2787
409
273
1593
2639
2585
1941
149
825
3019
1475
833
2441
1033
1375
431
2231
2547
67
1239
2861
1367
2793
1007
2501
3073
2799
2485
1643
1975
3281
1561
109
3713
759
201
4071
127
591
1879
811
3647
3591
2193
2987
3125
2073
3141
1767
3873
1717
947
3535
2597
3327
1215
2507
3387
1553
1329
1059
1955
2809
519
1233
1829
3921
1259
1709
3687
1317
2843
289
1461
1733
2691
2203
2931
3795
3549
4053
183
1963
931
3475
2023
1467
2183
815
3315
3289
1949
725
3011
2845
667
621
3863
2599
3607
727
2891
309
2173
2075
2579
2331
1655
1705
2405
355
2665
65
4067
1447
2727
1303
1693
529
3875
1755
2667
1013
673
3265
1465
4031
2355
1535
2813
1999
1813
495
319
3625
53
889
1175
2605
3309
2985
2049
1771
1319
3913
3809
2519
927
2945
2251
2327
3929
821
1925
845
3711
3635
4069
2341
2267
1387
655
1201
2325
1037
337
1555
1821
3457
1193
1893
1659
937
3993
3827
4045
1333
1833
1087
2069
1687
1989
2525
4091
485
3835
3545
2865
1389
2385
2603
2811
637
3971
3665
1337
1479
3235
2875
1279
557
1631
2347
2669
2805
2593
3593
685
435
1825
2313
779
2059
2243
2125
1819
2561
979
237
2769
3829
3785
3311
2123
3349
25
3859
665
3347
2673
1369
2617
939
1039
2701
281
1967
291
2801
1459
3167
2091
1695
3033
2259
623
3517
3039
915
1777
975
1061
3473
841
489
3691
3871
7
1547
3467
1089
2807
2675
1173
987
2419
2045
2763
549
2857
3399
3203
455
2661
2569
2309
313
3857
2541
377
3629
2681
3445
2625
2819
2621
259
575
3385
2433
875
353
407
3909
1353
973
2901
2171
173
1103
1799
2867
1073
3113
29
2039
451
421
19
2633
2659
3947
1363
3585
1133
437
2589
3659
1453
3017
1433
2029
185
1203
1481
3273
1313
3101
1495
3555
3507
2965
1309
1477
303
3227
1627
3215
2159
1809
2353
1377
1505
2957
2887
3999
3931
1115
2165
2877
3801
3151
1049
579
569
203
89
3035
793
1109
1509
3671
2247
2775
373
823
3707
917
4029
1769
1411
1891
1525
3089
4009
3559
335
1635
3831
1025
849
2757
4037
851
1445
1223
3147
3053
2609
1701
2429
2697
989
2577
2103
2407
4041
2253
397
2147
1595
2295
2019
3951
2475
805
3933
659
1023
1341
1287
453
3245
2821
1205
245
3481
2287
897
4087
619
63
317
2859
3045
2575
2663
2851
1095
2631
2733
2737
1633
1875
3453
3803
1213
3051
403
1429
2543
515
1745
627
2389
2839
2879
3095
3605
863
3669
341
2199
3995
1355
2629
1101
239
3973
507
35
3109
75
545
3083
3279
1301
2613
119
3937
1965
287
2583
1943
1501
2747
3251
997
1807
2449
3991
3975
533
3735
1803
349
775
3305
1349
3577
3521
2139
3797
359
3005
1579
1713
1939
3075
4021
3197
167
3693
1385
1177
3225
3337
1247
4055
1327
157
2993
2105
1267
2115
1345
1991
711
1609
3963
3615
753
651
1699
3655
2977
229
3755
1271
3519
2177
277
3275
3571
187
1785
1179
501
2111
2371
1657
991
3259
561
3119
2527
1507
3365
2273
325
1137
3301
3703
1749
3261
3503
1125
3269
921
3145
717
3905
689
1735
2027
2469
2121
3697
1143
1895
467
1621
2057
1003
193
525
3181
1641
1969
3979
383
899
1545
1729
3211
3753
4005
3219
703
3895
3097
2047
3283
635
2197
2927
3407
1281
2141
13
1017
175
2627
283
3651
2551
3357
905
2915
2235
1839
465
1625
2351
77
1863
1781
269
1483
2303
469
909
1195
2815
599
3715
1929
1559
2889
3917
3575
225
2035
2849
1759
2377
1649
1919
1029
3743
2791
1169
1055
191
881
3299
741
999
1523
2359
445
771
677
3965
2343
3617
1171
4003
607
3059
1417
473
1413
1035
2677
907
4065
3271
1435
2283
3367
3949
425
3465
3377
2463
4001
3463
3307
211
3287
1323
1273
3239
2021
3329
687
2423
4073
339
1045
935
391
1865
2695
2301
509
179
1019
3319
1497
595
347
3887
1237
2119
2837
1221
357
1603
3539
3739
1455
2749
1977
555
2521
701
2529
3501
2393
1081
171
483
3717
1209
3065
2153
2637
195
3613
2783
2379
413
2841
911
3985
3061
1737
671
3455
1117
3421
1725
113
1667
831
4061
3429
3729
3855
2305
1359
2447
389
1151
3397
2893
3967
3231
1131
2255
497
873
631
131
919
3071
3511
39
385
1405
3877
487
2409
1149
1703
1489
2457
3959
713
2037
3499
3375
2339
707
3447
3381
3121
1265
1511
33
381
3601
4043
3981
2725
3583
1469
2483
983
3091
769
4023
2571
3849
333
2487
3807
1899
1163
605
2717
3127
3341
2185
2007
3237
85
795
2499
1065
797
3079
745
243
3689
97
1305
3351
945
827
135
3423
2391
3955
3199
1347
1775
463
1731
2319
221
3709
1911
563
3479
581
1599
415
1937
3897
985
885
2187
3253
895
3443
2873
2467
261
3817
1321
457
3179
1697
153
3861
3833
1491
1913
531
861
47
443
573
115
1793
1423
1021
2935
3419
4083
2953
3683
2683
1503
1383
3413
247
965
1543
1159
3295
3987
1569
949
3123
3439
295
3869
829
2975
643
1763
729
1181
2055
1683
2201
1577
4089
553
2237
2133
1189
423
2981
601
2417
2145
1379
747
2539
2155
3007
15
2461
705
3645
2041
1241
2559
2205
3529
2263
523
165
511
2427
2913
3681
2005
1531
3891
367
777
3641
977
3155
1413
2893
1061
2815
3883
1691
2049
2149
2637
1195
1677
2621
3073
2073
395
2903
1701
369
641
4043
4093
267
3593
3443
675
3187
3997
1367
601
599
171
4047
3441
1031
2429
1361
3001
1549
2895
67
1635
3875
3709
1129
769
2813
1059
1527
1035
3251
2533
1763
3419
3793
2417
953
111
2567
2109
3827
1741
3805
2915
3339
1935
3103
1629
2085
2691
3129
3633
1971
3585
1535
1077
3217
3065
3439
1925
2833
107
1235
1929
1309
1759
2999
857
2157
983
619
773
3945
425
1347
2873
3873
1863
1229
2327
3359
2545
3713
1
1423
1817
2421
3255
3355
2879
2067
2217
525
3113
2359
1991
2797
1571
2061
2869
143
485
3303
3317
405
541
1783
3057
3141
713
119
403
2563
3991
1599
149
3887
2315
3961
1685
2755
609
2287
1547
831
2141
1299
471
1645
1665
2785
611
2985
903
3719
2021
3171
2741
3337
1247
3417
923
63
2329
3721
285
1563
3437
3665
3737
2037
949
2279
269
3139
201
2705
2669
639
3667
945
2465
2471
907
3791
1053
2569
1381
3041
743
1509
3333
2505
293
2007
841
159
3271
3959
3413
2857
3099
2081
589
1351
4049
3173
1081
3951
299
1705
283
3145
411
3209
1401
1825
69
1127
2283
3817
309
2459
3839
2243
2179
2927
17
2711
2343
2571
2997
4063
3137
1447
1353
1267
2349
35
909
2133
3751
1399
1781
2639
2749
2331
19
3699
1577
2821
3895
2371
2131
2615
655
389
1803
199
3371
3239
691
581
2265
2519
1233
2475
427
1483
1697
3207
2935
979
2553
2139
1043
1329
977
2619
73
1843
307
1371
1753
3291
1965
2789
3231
2229
749
3151
635
1285
1917
2981
27
157
1719
3901
2723
643
421
1771
3401
3849
4079
765
851
1713
961
2791
1421
2737
1747
3301
79
371
109
2991
4019
3557
745
2557
3607
2413
3689
3215
3017
511
937
2271
2187
549
239
1583
2853
39
179
2203
333
659
3603
4071
1073
1651
3587
2153
2707
3741
177
459
1271
2463
3243
3095
1653
2087
1681
347
301
1461
345
203
1373
65
671
2147
3551
3093
2717
2917
4053
991
1121
1287
2923
707
3617
955
291
1335
1743
3831
1215
3985
2411
3259
2479
2023
1277
3577
3629
3119
2601
191
1417
3363
3391
785
863
3519
3435
623
2647
1419
53
2423
797
147
3197
3833
4007
3193
1733
3351
951
3705
557
2657
819
1307
2687
1065
1433
3019
185
1755
763
2009
445
897
1671
1499
1253
3955
3657
2623
925
3507
1273
407
2875
727
1295
4075
1643
2303
2631
2399
1171
455
2431
4061
695
3117
3341
1615
771
2855
1203
2355
2921
679
3229
721
3055
1923
2299
1969
2975
2065
1811
3927
2001
3769
3693
3299
2597
3893
2575
3221
2031
2555
317
3691
823
1161
3061
3101
1797
3711
2341
2079
1409
1479
927
3009
2261
419
2759
211
2191
2515
1183
1319
1333
2267
3659
1587
1613
1069
3975
3453
1927
303
1219
3421
3763
2671
497
3147
377
1075
3163
93
415
227
55
3529
3921
89
245
2269
1037
4033
323
3549
2731
591
2127
1529
2195
1533
943
1337
401
1793
1251
893
1945
1903
791
3501
3987
1585
2029
3273
2169
2911
3335
2779
3561
4065
607
2541
1425
3575
3325
933
3489
3367
2881
1145
2215
2537
3097
2649
3091
4027
1947
513
137
463
3281
1957
1981
1021
2351
2729
3767
1467
1837
605
3373
2409
1005
883
391
1899
1155
51
3345
3161
343
2231
2971
2889
3203
2919
1205
169
205
1801
1591
2787
739
647
3723
223
2393
3157
2319
1429
3753
1889
3415
681
3003
3653
2151
3249
2529
1777
1405
811
3397
1395
135
2391
939
3491
1669
2119
2775
3879
2653
1875
1193
3399
593
2427
4083
3701
2679
4015
1659
1257
3771
3949
4037
1589
1385
701
2733
2573
397
443
1345
3527
3847
3389
3971
1231
2931
2277
807
3801
989
1293
3313
2047
21
3035
3449
2661
2213
2979
1199
1833
1605
1955
2075
1357
2499
1725
3615
3911
2451
621
3431
2455
1315
1063
153
1869
3897
1089
3233
3481
3241
3601
3411
3295
3573
3143
2063
1963
617
793
645
127
3423
3731
3487
2641
2939
3407
3315
753
849
2245
1157
705
31
1019
1805
1849
3683
2293
1099
1657
1023
1761
2839
1537
3857
2383
2859
875
3445
1245
2897
2849
2951
437
2539
1595
833
3871
2305
2761
775
3261
4009
1861
3777
1523
1175
505
3619
3081
47
845
1911
4039
1459
545
575
477
859
703
1243
1883
839
3843
767
805
2247
2883
2011
2323
3631
1567
491
2809
2559
1141
2453
3023
2239
2683
947
1779
2019
2317
2381
399
3087
579
121
2489
587
3029
3309
3409
1131
2593
531
975
2925
335
2237
2055
3983
213
709
1551
1491
2667
885
2363
3939
1297
3941
4087
1189
3537
1501
2817
2335
2701
1857
1835
3025
4095
1055
3499
931
3825
1311
677
1011
2531
393
3973
1227
1915
3583
3675
789
2211
1369
1721
965
1359
2549
2827
129
4045
2697
757
2487
3477
905
3571
1291
2155
175
1655
1049
3623
3225
3263
329
1255
2513
2401
2781
667
2719
3891
825
4089
3655
413
337
3809
855
551
1693
473
559
2807
1321
2871
3509
2565
1987
3347
1221
1977
1731
41
2105
3963
195
685
1305
1033
289
95
29
3703
3223
381
3021
3521
2551
1789
3393
821
487
2113
429
1449
2407
2135
733
2959
1521
1375
653
1211
1185
2059
2441
2469
493
3063
3745
3269
1463
2477
3687
585
3015
2511
1431
2811
2841
2677
3185
3049
539
901
2497
2083
2205
3797
3013
2419
435
731
3931
3277
2163
987
1667
3757
1873
2681
3861
1281
2197
37
1839
2221
4041
1025
1751
633
1853
3635
2937
1453
1153
3907
719
3743
2831
2313
3037
1621
1263
3967
461
517
3565
4029
1119
3929
2285
1503
603
1325
699
3205
4067
3179
219
3473
1627
669
3109
2523
2845
3331
319
1953
2161
3639
163
1475
387
1179
1389
311
3933
1317
3525
469
1901
2591
321
1859
2297
717
657
3265
221
935
2295
1041
2801
2115
3287
373
263
247
2765
4025
4001
2249
697
3773
3467
2123
3543
853
3841
2385
1663
665
3047
1393
515
2605
3043
1539
117
1983
1505
521
155
2339
1519
2887
151
1765
3679
2783
255
3459
2721
919
2353
2435
2685
1579
193
277
1699
3235
2457
2709
3727
2493
1979
1633
3515
2901
2117
423
3649
1799
433
1093
3919
981
2467
2027
2829
783
507
891
1919
2693
233
1507
209
1723
1745
829
3211
331
3323
1411
2987
3979
1737
3485
3353
567
3729
1465
3011
2547
2043
1391
99
2527
809
1827
1435
1689
4035
1949
2993
2257
103
1885
23
2253
2957
3455
2757
2703
1623
2425
3567
417
1569
1739
1807
3031
995
2433
1163
2861
145
2387
2495
3853
2745
1995
315
2281
817
2415
1809
4085
1013
481
3733
1907
1383
3165
2025
349
1545
1891
189
275
1607
3321
2989
2689
2121
4077
1735
3005
2361
2795
2583
2395
3329
2041
3083
1641
693
1241
1795
1027
2405
4051
3563
3811
533
3915
1133
379
1471
25
2663
3765
1851
3059
1439
1167
3837
3
3167
2507
2035
3589
2209
2891
1703
2609
1867
1249
3541
183
963
2233
3505
1477
2263
4013
1773
475
537
2847
2125
3405
815
1687
1845
729
3213
2373
1303
529
361
2193
2309
75
1711
759
1485
3669
1913
1039
3177
993
3155
3859
77
3813
1559
3651
3867
133
741
843
1815
865
3823
3611
1675
2751
1275
2097
2095
2819
3121
1555
519
3613
2185
1261
1489
3759
3815
57
3357
501
1365
2595
3581
3535
457
2003
2825
4031
243
553
1113
3735
115
2447
3427
3403
3715
2071
2771
2173
3789
241
3807
123
3195
649
3877
2107
101
3131
1931
1787
2943
1847
1015
3917
3697
2069
967
105
141
3349
1881
1673
625
3289
2877
2485
1855
2365
3937
813
2525
3755
441
1379
1101
1513
1951
2101
2961
1639
3775
847
2481
895
2645
2865
999
1007
365
2227
761
915
2337
271
87
3381
1841
941
3595
2851
2005
3899
1123
3475
1561
3429
1993
2033
1237
235
1225
2627
1695
49
877
2273
327
83
2325
2017
3881
1135
755
3533
3749
1331
1139
781
3641
5
2103
3053
1473
3385
3717
3845
3379
2863
261
2837
1455
2739
779
465
687
1071
2969
3375
3599
4055
2747
207
1387
777
3695
1029
3591
295
3077
3865
3889
1967
3707
4059
4017
1493
3545
297
723
3625
3681
3451
2039
3075
1921
661
1107
479
2225
1785
1087
627
287
573
547
1727
867
3643
889
631
969
571
2587
1147
85
13
3181
1597
2983
3069
1565
985
2501
1511
3267
225
3297
2357
1001
2483
3637
2945
1729
2445
1749
3305
881
15
279
2735
1525
1831
3511
249
131
637
2929
3125
869
2629
3957
483
3779
2673
803
1707
2713
11
3905
1165
9
887
2909
305
3513
2655
3647
3027
1879
3115
725
3953
689
3377
3183
3253
3327
2699
2769
3285
1829
3913
2397
181
1617
2307
1649
917
3433
2509
2015
59
161
215
3677
1239
2589
3503
383
1481
787
1125
2955
1181
3033
2045
1531
2905
3447
341
2089
2437
1403
1715
735
1009
187
165
2183
555
1301
1517
265
385
1437
2933
447
3107
3627
1959
1363
325
3387
2535
921
1265
2941
3279
1349
615
3739
4003
3903
1999
3365
2973
1603
1937
1557
2099
2219
2347
217
353
1871
2167
2603
363
197
2345
489
879
1515
1973
2585
1279
273
3795
1085
2675
2611
1269
2311
313
3395
683
2579
2175
3671
2057
2967
2947
3855
973
3169
81
3785
2449
3469
2199
1223
3189
3257
3553
1047
2753
3153
2377
873
167
3609
801
2633
231
2111
1151
2953
3495
2885
3547
2461
2289
1975
1573
359
3517
1207
113
2577
3869
1057
1415
2241
1997
577
543
1045
4023
1541
351
2899
1445
3783
1067
253
2543
1097
1159
1905
61
711
1095
3725
747
1601
959
3497
1823
2599
1051
971
3461
899
1877
663
4081
4011
3293
2561
1909
1625
2403
2503
3851
1941
3071
2743
523
1091
453
799
3471
2727
3935
355
357
2517
1989
1105
1451
957
3275
1933
1661
499
229
613
251
2651
1553
1217
563
439
3045
1115
3605
1887
2177
3947
3369
3159
861
795
3319
3569
3559
1717
3787
1985
2777
3067
2907
2805
1323
1327
2367
651
911
3539
1313
3237
1679
2181
1893
1213
1017
71
2165
3123
3425
2013
4091
2379
2625
569
1775
3463
281
1767
2643
3555
2321
2635
1897
2823
2491
1103
2051
2473
1355
2715
2949
3597
2439
1377
3465
4021
3803
3673
3747
1631
3383
3579
449
827
1611
1111
1003
467
2977
3219
1109
2659
2763
3493
2091
2223
509
3909
2235
97
1149
3761
1543
3149
2725
1813
1441
2053
2965
2275
2389
3965
3127
3105
1769
3663
1187
2301
3201
2201
2843
3361
1197
1709
2803
139
3943
629
1283
737
583
1083
3283
2773
1757
3457
3199
503
409
1495
2259
125
1637
2617
1079
3133
3039
1289
2189
1117
3175
3307
1647
2137
1191
367
3247
2767
1497
3079
2093
565
561
3819
3051
3135
2607
835
4057
2913
257
2695
2077
3111
751
4069
375
2171
3989
431
4005
2665
3479
1457
3999
2963
2799
1339
3925
3007
2867
1895
1341
3781
1177
1683
1581
3885
2443
2145
1143
673
33
1821
1407
3969
2375
3923
3995
3661
3089
1593
871
1343
3799
1469
3343
2143
1819
3531
597
1943
3191
451
1137
3685
237
3645
173
1939
91
1209
3981
1609
595
43
1169
2835
3835
7
4073
3523
45
837
2613
3311
1259
1961
2159
929
3245
3085
3977
2291
3993
1791
3483
1575
1619
913
1173
3621
2333
2581
3227
2995
1443
2129
715
2369
997
3863
1201
1865
1427
339
1397
3829
3821
527
2207
535
1487
259
495
2255
2251
2793
2521
1867
1481
1785
3657
669
467
551
2897
145
19
2757
3853
957
841
3557
219
1021
2143
1725
1989
1189
1677
1911
3089
137
57
2907
2995
3831
2157
2947
1711
1229
1689
2803
2977
1659
743
2303
3487
1491
1069
3187
2049
291
3963
95
331
1321
3685
1793
2955
1863
3533
1887
2777
4061
787
3205
1553
1277
1367
329
3125
1135
187
971
263
305
1319
3911
1889
2617
2033
3281
4017
995
583
491
4051
4029
275
2733
4089
2459
3745
831
1739
205
3981
3099
947
629
413
3223
2165
1427
3891
1961
4045
1011
1391
1283
2593
2093
855
3785
1157
3827
3841
1819
1423
2061
1517
1461
1093
967
2317
837
721
193
899
433
2487
1355
1623
2841
3343
1885
317
3715
353
2285
2793
3449
3541
619
2745
3501
861
3377
3543
3855
1371
939
613
3267
3605
3117
1095
511
2447
1821
53
1439
3095
265
1543
2669
2255
2249
1969
2195
2045
3073
3059
1407
2387
1413
2213
3437
1049
49
2957
2193
2673
3833
1891
3047
1225
3989
4063
3153
905
2775
3561
3027
3741
635
2463
719
3895
1579
2787
2385
435
3903
1609
1339
2293
257
3945
1259
2805
3849
1351
83
965
3697
429
375
3569
2547
3535
3553
2873
2281
1051
4015
3043
3237
11
4005
3581
891
285
405
1951
35
3259
2953
2867
101
1495
2529
2233
369
1501
761
2261
943
2473
2043
2759
1591
2831
2349
1023
371
2105
1589
881
1907
2329
3257
3199
2055
897
443
879
1159
2057
2863
2815
325
1133
643
2229
2513
3675
1449
1777
2565
529
3359
3331
2189
3733
3433
2541
1965
2557
1717
555
183
3969
2911
3801
3181
3167
3225
1071
2855
1633
1275
3215
197
753
2237
1181
3807
2983
1927
1445
1441
2771
3871
2735
3469
1055
1745
821
675
741
987
1607
3177
3389
3173
1979
347
3899
1443
2239
2123
3263
2197
3727
1079
1695
3013
1273
1929
621
3325
3991
3407
2191
1923
3049
2999
259
2445
3327
75
1861
2765
1341
4013
953
277
97
3275
3683
3245
3607
819
2373
909
2441
2471
2227
3629
3755
4065
1767
3033
2537
3255
2103
3551
3397
243
1117
1873
1087
1113
2089
1653
3757
3811
1855
2231
3959
3793
69
3445
3847
343
377
3889
2893
4093
1973
3219
2371
3495
705
131
2615
2667
3431
3823
2507
135
755
1783
3429
2305
2909
585
2707
1723
1451
2035
1393
1415
2315
3309
2271
1741
3517
1115
2011
1505
1363
3929
233
1037
2621
1759
1483
601
3705
545
813
3821
2365
1731
655
2393
3529
2491
1557
839
1043
227
3717
863
2201
3069
1997
1167
3227
2131
3019
487
1573
1895
2335
3159
1075
1875
3355
3311
3999
1901
1735
577
1047
3399
2065
565
4041
3349
2523
1171
2149
1019
937
4073
3677
2451
3367
1063
2081
1081
803
2027
1239
2629
2179
2709
2453
2431
1039
3113
2415
3559
3075
927
3773
489
105
1471
1683
1709
3537
89
1045
2919
1265
1465
913
3689
695
2979
2883
3877
3967
3447
3011
2327
3351
1183
1823
1245
3079
1337
249
1347
2171
2801
403
3475
59
1015
765
1621
3289
1431
2029
1285
147
1687
1571
2989
3555
125
1743
121
383
2079
2869
351
3857
2861
1107
1199
299
395
3087
1843
2679
1251
2723
3423
1939
3779
129
3337
2095
735
3001
3455
3681
2257
2509
2221
3815
497
2009
2505
709
2823
1805
1857
2147
2253
2307
3631
1611
1601
445
2085
1727
2183
661
2525
4079
1523
2721
681
2397
1631
749
2827
253
1161
2273
1061
2553
2631
587
2353
13
425
1379
3381
71
1123
2223
2929
2555
2749
2693
1009
3129
1943
3633
1975
3767
779
3973
4019
3515
3921
3701
2423
1099
2619
1013
2241
2519
2289
3291
3387
189
3901
1235
2181
119
795
1211
301
2649
591
2595
1323
3913
2319
3845
1403
73
3867
725
4083
4023
3979
169
723
1479
2163
713
1007
115
1223
1353
2799
733
3601
3765
3527
2875
99
3965
703
3647
3191
3161
4043
3729
1833
2755
2785
1521
1383
185
1073
1143
3645
521
2409
1287
1585
223
235
3221
3085
173
7
2243
1909
455
853
1293
3931
1233
3771
505
3003
149
537
4085
1527
1165
2481
3421
763
2717
1497
357
867
2835
2209
1917
2811
1401
2987
1831
3669
1343
783
1577
2561
579
1881
3909
2141
3525
663
525
3703
1131
245
1679
1921
139
3031
1803
2087
2439
2627
1213
155
2647
2791
333
923
2763
1311
1425
2403
3171
2483
1315
1457
3615
2287
2161
2063
2653
3743
1673
3861
1993
2333
2905
1309
315
3051
3
515
2695
811
1691
1001
1153
4007
2663
2187
3707
2941
699
29
297
3123
781
2699
3179
269
3575
1185
691
2101
3467
1151
3915
1935
2677
877
2069
1945
3519
3435
2339
1847
247
2637
1475
3151
1429
1201
1139
1835
2925
509
271
2607
2217
3271
1121
3497
2691
2313
893
439
3503
469
33
2175
785
919
397
989
387
1871
3597
3057
1389
1409
1119
907
3375
229
771
1125
367
475
2511
3671
151
1141
3021
1237
847
895
707
3943
41
1219
1569
1057
3639
3039
2389
2747
283
1003
1531
825
915
1261
1463
1149
3489
3787
2935
1715
3603
543
3545
3739
729
2783
241
3941
1999
2357
1647
2073
3365
459
711
3409
3925
2857
3589
1581
1925
3549
1985
2425
195
2275
2461
2265
2997
817
2113
2613
1869
1665
2005
1205
3595
2821
931
2889
921
3879
745
2701
3115
3957
209
3321
595
3009
117
2077
1191
3725
1635
3953
2949
3613
2489
3207
977
633
43
3323
3097
1561
885
1619
4081
2761
21
1629
2301
1837
2025
2041
1719
3007
3939
2047
3619
2589
2469
2549
2013
3897
4025
3293
1661
3665
3363
2641
3231
645
255
107
503
345
1593
2971
2159
1513
519
3203
1197
1361
2435
807
3691
1597
641
1299
2417
1511
379
1433
1041
2169
123
727
67
1503
1549
2479
2205
1025
2795
955
3233
1467
1771
1547
523
2515
457
2611
2419
499
2545
3101
3983
1753
993
3919
2235
1967
3163
4035
417
165
2117
3373
1567
3211
3305
1815
3955
3759
759
1269
3457
93
1947
679
1749
3883
3241
2443
979
3649
1247
1697
309
1301
1763
1795
231
715
3209
975
461
1575
51
1649
2661
611
2681
3453
1693
3247
3851
2741
1453
3695
3809
485
85
191
3239
2751
3583
3253
973
3947
1535
2475
507
3451
3401
799
1193
2429
133
2659
945
2517
3169
1515
1147
1941
1625
409
1111
2411
2719
2427
3587
2931
2581
453
3511
3507
869
1365
2031
237
3611
339
2657
639
4071
3145
2399
3197
887
399
3055
1883
217
3579
1971
39
625
961
2531
289
2497
2413
1627
2577
873
1545
2023
1163
1563
4047
935
2843
1279
2967
215
1359
1851
769
3995
835
1769
3485
1349
1421
2503
3201
427
3761
2379
889
791
3713
419
2937
1675
1587
2601
949
2959
171
3035
1017
2347
3839
2543
1705
267
829
3279
609
3285
365
1331
1827
3157
4049
3751
1101
1899
2859
1879
3865
1645
665
3067
1195
1991
3805
281
1437
981
3395
3863
657
1537
3599
2927
2837
3315
3719
1529
1931
697
4001
2715
1877
2563
1091
1209
531
1949
3277
1307
181
1913
2913
2421
527
2639
3617
2731
3405
859
1893
3985
2119
2467
1955
2133
843
2825
3539
687
999
2951
1459
2323
1179
1641
3935
883
355
2259
2099
823
2789
113
3777
3273
411
3353
969
2829
517
3419
3037
1083
3287
3797
2125
3491
4031
3385
159
3071
1599
901
797
1085
3077
2703
79
3313
3261
827
541
239
3523
1175
3869
3753
2395
449
479
3441
865
1667
87
3667
4077
2345
2551
815
2939
1231
203
3265
2269
1263
2569
463
2121
2145
2807
3843
2917
3109
951
1357
1799
1963
2675
991
1813
2051
3053
163
337
3977
4055
1005
3307
2879
103
3341
3873
37
2689
2713
2083
3937
2729
2493
1703
3987
2877
1305
3625
693
2309
2705
959
3251
2773
1671
1713
2015
2923
1405
1289
3335
3623
2991
2899
2019
1325
2711
495
3763
1639
2359
1077
2501
1227
3509
3415
1257
929
1655
1757
3135
1651
3567
1699
1533
593
261
1509
2539
143
3699
1249
3371
2173
1177
3887
3803
2155
81
1303
3621
313
3103
2737
1761
2849
1701
845
2853
2597
2865
201
1313
2975
5
3651
3235
1485
2107
3923
1109
1169
2753
175
153
1937
3775
335
1027
293
1765
61
273
2903
287
3791
3083
1613
401
3025
1643
3835
3439
623
1541
3061
3783
2847
199
389
3875
177
1333
513
1747
3721
2671
3427
673
2945
1507
2109
25
3107
3661
2291
3183
1029
2325
1957
535
1983
2277
2361
251
627
2685
1477
777
789
701
3531
1381
3627
3781
437
3813
1243
319
1499
65
801
1737
871
1817
649
471
477
1377
3301
2585
179
1207
3749
3735
1387
2053
3147
3481
2571
3443
1789
2267
3687
415
2819
4087
833
27
2817
3005
2203
2609
1455
2499
2383
1089
3369
549
1781
3339
225
385
361
341
925
689
3643
421
2779
3357
2003
213
3295
2311
1859
3041
1373
1127
1137
15
3065
3653
2885
2059
3737
303
1897
2139
685
1187
2405
2377
1103
1031
3165
2527
2071
3505
451
773
211
3483
1595
1981
3563
2645
2575
2797
2625
533
1173
651
2299
3091
2655
2567
3105
589
4009
903
1539
1811
3017
737
599
1217
1473
31
1657
1681
1669
2283
1329
1281
1729
775
1155
3015
23
3143
2725
2665
1493
2437
2391
3391
1959
3229
2587
473
1255
1845
2559
1807
493
2961
767
3731
851
917
3819
4033
2651
3829
3673
1035
3521
55
1721
3951
2895
1105
2573
295
2599
575
3333
91
2605
307
2769
1267
3493
2767
2891
1419
2901
2137
2697
739
1129
2215
3659
1241
1905
1733
3459
2455
3329
547
483
3411
1797
607
3881
2247
3893
3413
2297
4053
3885
1565
3585
3249
1411
431
3141
141
1519
2251
933
3975
2965
1221
359
1395
391
2433
2495
3297
603
1637
501
2643
1385
111
605
1915
805
3133
3217
2457
127
2381
3635
3577
3461
3303
2635
615
393
3789
3131
557
3417
2363
1755
311
3465
2579
3513
4021
4069
1065
2535
3961
3193
1773
2263
1825
1203
3637
1417
1977
2321
45
1551
2375
1345
1033
3799
4039
2943
363
207
3917
2973
447
1317
1253
2887
3949
2963
3127
1779
3139
2583
2343
2279
2985
2211
2185
2921
857
731
4075
671
1487
3393
985
2687
2127
2153
539
2401
2881
63
1397
647
441
1685
2533
793
683
2727
747
3403
559
997
2743
2477
3571
1145
3063
2021
3907
1447
2993
1291
941
2683
1829
157
2207
3213
3709
659
1559
4091
2633
1791
3425
4067
3189
563
2039
349
3317
1399
3137
4011
2177
279
373
321
581
3663
1615
631
2037
17
167
1865
1053
561
1809
2199
3723
1583
3149
2245
3319
2915
653
2001
3119
1849
2739
3175
3379
1775
4003
4057
2521
3711
3769
2623
2367
3591
2351
875
3299
1751
465
481
1801
2407
3463
2969
2219
1369
1
757
2167
327
677
407
3029
2115
2355
3747
567
3155
2129
1841
4059
2007
3023
161
667
3825
553
423
3471
3933
4027
3045
1787
2151
3269
2097
3345
1995
569
323
1839
2933
3971
597
1853
1707
3477
1919
3479
47
3565
3243
2781
1295
3693
3817
1335
2851
1489
2067
3195
3499
3081
2075
3573
2981
809
2839
3679
3473
2331
1617
1987
1327
2845
3347
2017
1097
3655
4037
3609
2135
1605
2225
963
2111
2813
3641
2369
717
3111
4095
2449
1435
571
1525
1059
1603
3283
381
849
2295
1375
3093
3361
617
109
2091
637
3837
3997
2603
3859
1953
2809
1555
1067
1903
1933
1215
9
573
3593
2485
3185
1663
1469
3795
3905
2337
2871
221
751
77
2465
911
2833
3993
2591
3383
3121
3927
3547
983
1297
1271
2341
2141
2433
2151
1927
1987
1091
1175
2953
2069
2659
2777
123
3519
1075
1443
519
3223
237
2687
2143
2029
645
3173
1397
601
2431
1309
1777
2873
1001
1387
3877
587
1133
1781
2425
3783
1763
1189
3077
189
609
2423
4055
2835
253
2615
3695
3623
29
289
757
187
4039
3125
3951
2999
1645
1691
2203
3973
1117
3331
41
2349
2865
1657
11
1065
2869
1753
737
2561
3577
465
1081
313
401
1981
3631
2571
1963
463
2793
2245
1207
311
2303
489
577
1295
461
771
613
521
309
3467
271
2993
153
797
3911
1877
2727
1555
867
2965
2319
1937
2903
1043
803
181
2501
3707
1325
3833
753
2599
2927
35
273
649
3325
3761
221
3395
3501
3447
2359
3181
263
3775
3387
943
59
2157
677
2393
1477
3971
4067
633
893
1513
1083
557
1
2937
1381
905
1991
139
2047
3817
3295
1201
719
2957
901
335
1913
505
251
1183
793
3671
3013
3651
3733
2175
1501
39
3807
1231
1059
3403
555
1615
3179
2605
2023
3143
1977
1373
739
643
3523
1619
3499
501
1419
3743
3323
4051
2845
1125
4065
3837
3063
1681
929
789
2079
1825
3767
1785
693
2581
3375
837
3667
3363
1363
1281
721
2331
1891
673
2729
2311
3579
3001
3457
4073
3931
119
2721
1849
1647
2127
2543
377
1665
1089
1943
459
1587
3801
275
3979
3533
2377
1229
347
331
1931
993
3007
2511
1573
4079
3281
1367
1403
4085
3889
2979
885
857
373
393
549
3019
4041
1719
795
1279
1257
1517
2627
45
1747
1677
1153
2009
935
5
3119
3927
165
2109
1275
2533
2895
3669
333
1803
3841
2935
443
513
717
909
141
2803
1945
4011
297
1341
2527
2263
3751
2639
2427
2099
2655
2277
1135
3101
801
3529
629
1057
197
1335
3549
1337
207
83
2685
479
1635
135
3513
1499
111
2871
745
3033
3601
1865
2769
1495
755
1243
2415
701
2847
3615
3925
3849
3487
2155
1783
1105
2067
3805
2327
3335
1219
149
2381
1839
1453
3169
953
201
3279
615
3591
2843
2823
215
1355
811
2525
3269
865
3219
2333
2129
1541
231
2261
1107
2725
1713
1297
2057
605
127
2369
1481
779
2145
211
293
277
1985
829
23
1815
3095
3413
1643
3687
2283
3367
321
941
255
2759
2485
1449
57
301
809
2495
339
2915
53
3585
2583
3887
4033
1969
2345
1883
3337
1329
2959
1917
4061
3237
349
3
3843
1027
25
957
3365
2195
299
3167
1999
1889
2339
1025
3603
1649
1731
1633
4003
2921
575
2907
3509
2943
923
2189
3045
2477
2677
1967
1959
341
635
3681
975
2357
1821
2711
2647
3113
2629
3773
1549
1921
2437
2183
3713
2707
621
2883
1737
2719
1177
2373
3085
2163
543
3873
1119
1259
2987
3993
33
3245
3903
3697
3947
2699
1365
515
487
3881
4001
2445
3079
2219
1601
989
1149
2833
155
1041
509
1415
1039
1035
4049
2475
1995
835
2271
2689
1947
2187
2033
1151
3811
387
3435
241
355
1809
1349
2923
2191
1637
3455
3157
1741
2787
2295
371
663
467
2093
133
249
37
1659
2043
2507
3727
3299
191
3813
1469
3855
3441
419
871
1359
565
921
1707
2417
1159
417
1085
1521
2967
163
2537
2411
3021
1675
1185
877
655
3535
3011
3961
3649
95
185
1103
2717
641
3189
159
441
971
1439
1561
1055
3639
21
2595
3485
977
2131
2551
225
2161
4069
2863
873
3769
2989
4025
2307
2589
3825
3657
1639
3511
2795
2751
3677
3257
3211
453
1291
3913
1749
1457
2879
1845
1859
1339
2897
3705
2875
3679
3195
1679
287
851
3645
913
3185
1293
2435
2695
1413
2765
1029
2391
3945
279
1187
3641
3967
2573
445
3321
2049
3823
2617
3255
725
2503
3829
3397
1769
1797
2065
257
2797
2517
3875
3505
1829
539
1687
2679
2337
589
3943
1361
69
323
1139
2667
2703
579
2949
2779
3437
1993
1715
1101
2513
353
3271
963
3147
3317
1899
1263
3491
2545
749
4015
2933
2233
2805
2651
2807
1197
707
85
1683
93
3731
2781
1127
1629
1771
1287
1873
1755
2755
903
1663
617
4071
117
3093
1347
3635
2471
305
1975
3289
3759
3827
1037
2439
2817
3333
2977
2969
2007
961
709
3793
1983
2811
2209
3905
1789
1261
3477
1791
1461
2893
1285
137
2449
4021
2815
1013
109
2837
1583
2467
2383
1161
1661
1411
1653
1929
3977
3709
823
927
3207
1539
3081
3685
843
79
1073
1743
1303
991
2821
1923
3975
3469
2197
1593
7
711
3821
839
1863
3629
2607
2671
31
1199
425
267
1627
3525
3787
1163
1123
541
3151
203
1193
2669
1399
791
3985
805
979
1141
217
2555
955
2657
3481
2375
2135
3879
1283
2569
2463
1145
3589
2913
2429
481
2643
1759
2975
161
2665
1181
3235
527
2165
2273
1409
4087
87
131
2455
2211
3253
3569
1611
937
2105
2645
2547
2697
503
1471
3137
395
1437
2341
3097
2101
1447
1799
1795
75
169
3633
3071
1069
3587
2355
869
1431
3177
933
3265
3867
731
3115
1543
821
3307
2073
1733
1191
1841
973
1433
3593
2855
1535
4005
1167
2241
2347
1277
259
3129
3717
285
1237
939
847
2201
1885
3869
3121
3489
1745
3835
3515
3729
67
3261
2097
3765
2649
3561
1879
485
3051
915
2763
1909
2997
2619
875
1489
3401
63
2663
3327
3055
559
1009
2249
3135
433
2085
4035
2723
431
1435
2675
3193
1097
3231
365
2409
1077
3415
3683
3407
2013
1033
391
1213
3303
145
2257
2309
3341
3763
3721
807
2885
1853
497
545
3791
887
2861
3249
2117
1205
2775
1581
3409
2221
3191
2199
1911
1787
2055
1585
2991
3155
4063
97
4059
1897
3559
1793
3923
4019
607
1567
4091
2063
593
15
3965
2387
3799
3233
3963
1861
1577
999
2715
3277
1915
423
1685
3445
3937
3215
213
2353
1171
2215
3483
657
1061
3411
3907
591
3803
3461
471
2849
2691
2851
3915
3893
2137
561
2519
2313
2213
3421
3571
2587
4077
2229
2181
3217
1345
761
667
2299
2447
2223
3343
3771
1271
2521
1371
2247
3995
3105
2061
2231
863
2747
363
55
4075
3693
2015
3815
193
103
1451
1965
2385
853
2051
3935
2147
3939
783
1011
925
2791
2173
3187
205
3749
2493
891
2801
2553
4043
3737
603
337
367
3449
3141
3643
949
2955
671
1955
1957
325
3389
283
457
3495
437
3433
1887
1603
1383
1833
1851
1223
727
1465
3617
2535
2465
2107
3981
2017
1961
1473
177
1875
1671
1919
385
2515
2505
343
91
1507
1315
439
1247
3313
3251
4027
2227
2119
799
595
3819
3719
897
1155
1375
849
1773
3009
517
3083
3111
1233
2419
3897
2167
3349
1617
2379
889
1813
2081
315
3381
2003
2531
411
1023
733
3069
715
1239
3405
4037
1939
3053
2761
3423
3785
1157
3479
775
3247
1067
969
647
3259
1249
895
1351
2289
427
3357
3425
1353
115
261
3025
2323
3263
2737
1417
3459
2509
1701
639
815
3431
3953
2713
447
1857
3661
2853
2185
819
2625
4017
1317
3595
389
2123
3161
1727
2831
2563
3547
3267
511
2887
2019
1109
1007
3839
4093
1423
1455
2489
2297
2397
1669
2579
1709
2683
2681
983
3757
1907
1775
2609
2881
1553
3921
1559
2983
3329
2577
3199
4007
2059
2407
1045
1515
429
3171
3023
3417
2401
3859
1527
2225
3627
2783
3103
477
2637
3443
1377
125
2541
2753
13
2757
3383
743
3283
2909
3537
695
1823
1705
2601
3089
1131
307
1429
859
1111
409
3895
1667
3227
2281
3917
1505
1605
4045
3541
3613
3163
3159
4023
2459
3663
3225
3507
1215
3543
2809
2217
295
3573
3711
1401
3379
2285
3319
317
1269
3605
3781
1817
3165
1893
611
1565
841
4029
49
3517
3599
1503
1827
1673
2877
227
3027
2365
3099
2457
2705
1697
3273
2039
2981
219
735
3359
1989
2767
1867
1467
917
3527
1313
1533
2575
2371
759
2653
2789
3315
327
1631
4089
1711
2011
2539
3557
3065
1589
2819
699
4031
2591
3779
2071
1953
3347
397
1607
1079
3393
2709
2523
879
3581
1801
1895
4083
3057
245
235
3107
573
689
1621
407
1209
3545
2889
1267
2771
483
627
967
2749
3673
525
3969
2947
2911
3919
653
3553
2469
2945
685
2291
9
3123
583
2529
3197
3983
3997
1571
3689
89
3297
449
1251
1545
1519
157
2317
2839
3647
2193
883
3035
1137
1757
281
679
2473
3311
3741
1311
3145
493
1595
3851
2265
1905
129
769
3655
2001
1509
2557
1143
1305
2841
2745
3429
2487
1289
3503
2461
1525
3551
1531
2239
2633
1031
3075
691
683
3795
2025
3991
1935
1369
2701
2867
47
2325
183
2259
1979
567
1165
947
2559
965
3017
1591
3563
3127
535
1693
1493
1951
2237
195
669
2661
1511
1323
3583
899
2481
2693
3047
2499
3493
2441
2321
375
861
3745
1767
1179
2585
3427
1949
845
2363
3201
1903
3059
3243
2497
1613
741
3555
787
2743
1049
1087
3857
1537
1765
1389
2045
1331
3241
1487
379
1703
2125
3309
705
507
3037
1751
3061
3067
813
1421
3701
1129
767
3371
2111
345
2973
303
269
3183
3531
179
173
2603
151
1563
1843
681
2037
2031
1225
1121
2483
2287
2919
2641
1407
4095
475
551
3625
2597
1195
659
2115
499
1321
1997
3691
3475
703
3213
3353
547
3133
1925
3565
531
2929
1203
2939
1941
1221
1147
3451
3229
529
1721
495
3699
1343
2367
369
1441
959
2279
1723
3439
3091
3049
763
4081
247
1393
1625
1551
2005
995
1807
1855
65
2133
2171
2177
2857
3029
1299
3619
3865
3999
3131
3665
3653
1021
61
2179
1523
1357
1095
473
987
143
243
855
3149
415
3109
1761
713
1115
2267
3339
3361
1739
1735
2593
2159
351
3221
1475
3419
2083
2931
911
265
1819
1779
3863
2623
3497
2631
3933
3369
1623
1497
3901
2951
2251
3675
3753
3291
3399
1273
3355
4053
2149
2077
1019
2293
3871
3239
1425
1463
1597
533
1835
2917
3725
1445
2621
661
2995
1265
3847
229
3031
3385
3287
571
3575
2243
1557
233
2335
1655
99
1831
1641
3989
1395
2089
2827
537
2153
421
361
81
931
1113
329
2453
919
729
563
2985
3609
1869
1725
3723
3607
3041
4009
3789
3003
619
3885
3521
625
1235
2731
3377
553
1307
907
1319
3039
3203
3087
1575
2121
1971
1051
2785
1217
1063
2253
1015
2235
3909
3891
2739
2027
1047
1255
1003
3899
101
665
357
399
3861
3293
2549
451
785
1491
2451
3703
1169
2021
359
3285
1459
3735
2905
2395
1599
3275
1427
1837
623
2413
2735
3153
171
3747
3809
3845
3205
2773
985
675
3373
2255
1811
2741
3955
2405
107
1253
2301
1805
2443
1173
3755
581
2961
455
1071
2041
2963
951
817
2891
435
3957
3611
2925
381
2825
147
2207
1241
2169
1529
291
4057
2103
697
175
523
3139
1245
51
209
1651
1211
43
3853
781
3959
3175
2091
2361
3471
19
2403
2613
1385
3949
2053
2305
1729
3659
3345
3005
2829
3715
2095
981
599
3597
1379
3539
2389
3621
3305
3929
1093
3391
825
2113
1933
1053
1699
3465
1391
833
167
3831
2075
469
2343
1689
3463
2491
1405
2205
747
2329
71
3301
2139
1973
2899
1017
199
597
121
3043
113
881
2799
1901
491
997
1609
3777
723
105
1483
1005
773
1479
405
3453
3015
4013
2611
17
3209
585
2901
569
319
2087
751
73
3739
1485
1227
383
777
1547
1717
2673
945
651
2269
1301
2315
2567
27
3073
1881
1569
2035
3883
1333
2733
4047
2399
3567
765
3941
2971
3637
3117
2351
413
2635
3351
637
3797
2275
631
2565
1695
831
2479
403
2941
239
77
2421
3987
1327
1871
223
2813
1099
1847
2859
827
687
3473
1579
915
991
2699
551
3723
2391
1973
517
2593
13
2389
3161
889
2709
3929
1969
1857
1789
3363
2055
2981
775
169
2923
35
1843
4021
1313
43
2019
1725
1351
2999
1661
3509
2031
3705
385
1213
1771
2443
739
2315
905
3683
3615
3313
3695
161
1943
2269
2461
1447
2799
1465
3555
2105
2237
3785
557
1787
801
2343
713
2823
2109
505
1611
3211
2113
975
3919
2983
1043
1995
3745
2991
2077
3175
819
807
3131
209
2107
3519
545
3569
2843
759
3481
3807
2009
823
1731
817
2835
1123
3971
769
1145
1489
583
853
345
3767
3589
3447
2845
3721
529
373
3865
1629
3915
3325
1265
1981
3041
661
663
3367
355
181
2881
1703
3093
1109
2763
3049
781
1189
1699
1897
2801
1759
1049
1305
4067
3549
2651
841
2161
2509
237
573
561
1855
1741
1669
3795
3381
2395
2263
2805
1591
4065
3687
843
4089
2471
3373
3143
951
1125
2253
3851
2685
1421
1819
4083
2667
1341
767
979
2929
2169
811
321
1219
3573
1539
723
565
3147
461
2541
3907
1249
3537
3697
215
885
23
2193
2189
1793
1599
949
2785
3185
359
1377
3387
2861
1319
3511
2571
1233
717
1993
2857
351
1307
3035
961
761
449
3545
3225
857
3669
3181
1769
3015
2363
2521
2561
2707
4091
1235
3139
3661
123
1991
2033
1647
1739
3389
1497
1005
1875
2367
2947
3533
1367
3671
549
2357
467
2601
5
3691
3643
1411
537
2903
479
1555
3585
1303
37
3911
299
1975
415
3353
2209
233
1727
3365
3265
3003
2753
987
1095
2849
141
943
3245
183
11
71
3361
3239
1929
953
2199
4007
1845
1659
4023
1915
2079
1557
3889
1315
2577
2703
2559
3317
2877
3217
2677
3659
3133
3205
3255
919
3491
277
2451
3219
1639
413
2573
3413
1543
507
4043
599
2069
1609
3409
973
2423
2203
877
2331
3751
2875
2017
3675
269
3963
2231
1895
139
965
3359
3639
1979
4033
967
2611
2937
327
4087
835
201
609
2131
2591
1953
711
1413
1007
2625
1747
3335
2043
1395
581
133
765
2951
2201
285
703
2215
1451
2413
2229
3105
3405
469
989
1485
2313
655
1389
649
3935
239
1581
2515
1545
3193
1865
3081
1353
2145
455
1871
371
3051
2401
1425
1673
2037
3815
1055
2351
2855
1751
4077
2711
1823
1693
3759
483
985
1271
3965
2549
3921
3339
1587
981
155
3457
1519
3293
2335
333
1299
3019
2747
2769
1541
3729
2211
553
1373
3653
1807
1083
2675
1371
1801
3241
1349
3973
2511
2309
715
3237
2579
1289
2767
3039
1919
847
1259
3061
477
3997
2969
1247
2411
2059
3123
855
3065
1593
3709
2939
3333
3485
2479
1397
3023
2449
1689
2099
115
3435
2499
3087
2147
2669
2425
681
2859
2095
779
2723
1999
901
805
1463
4045
2047
2179
4039
425
2907
2003
721
1067
317
3703
1347
3841
3503
1989
1441
85
3277
1327
577
83
3233
1343
1649
1363
1417
2759
235
3849
1917
1443
3877
3591
2925
3479
875
1243
1187
1653
945
3463
3459
619
595
117
3863
1869
1971
179
1505
2967
2121
437
177
3783
391
21
111
2339
597
3913
3119
289
751
2751
3469
3809
1683
1229
815
3895
635
3757
1453
3351
2369
547
3075
2743
1337
3515
3613
2567
3055
1195
809
3157
871
2381
4011
3395
2727
1589
2261
1311
1595
2695
3983
3287
3513
2319
881
3617
2817
3559
1407
627
837
357
3027
3665
2995
891
791
3341
1491
97
2919
1721
969
257
471
763
2589
2963
1471
3821
3331
1063
2545
1643
67
2469
2163
587
2869
1369
1427
2241
1185
1001
3961
3141
3385
1203
87
1167
1909
1841
1051
1645
1939
903
2255
511
3885
1073
91
3817
3547
2495
3499
1773
2889
2927
25
1933
2071
1729
15
2085
1763
1079
3377
105
3743
3393
4015
1169
3375
2305
1521
1507
699
4047
3053
3933
831
1817
693
2793
3905
129
447
1613
2583
99
743
2083
3145
927
2953
997
1085
353
2185
207
2087
199
2103
3295
445
1177
2353
863
3811
2159
2063
143
1361
3977
423
2915
683
1671
2653
2207
3881
1391
4071
407
3893
197
2617
1019
1493
2647
4019
1393
1211
1481
611
1295
2431
1743
2909
3097
3805
1533
365
1637
3201
1179
3887
1631
2507
287
363
753
295
193
3345
2081
637
157
2503
1429
1717
275
2961
2421
4051
101
3505
4025
909
747
3899
1907
2687
3289
3421
3715
521
957
1279
3597
1891
1097
3577
3017
1821
1039
1753
417
1513
941
955
3113
1089
3451
4003
4061
593
1621
1093
3195
381
3903
3011
3875
2123
1281
913
1767
1199
1405
4069
1569
2891
3117
3925
1225
1469
167
1835
2447
849
2735
1511
3391
999
3651
267
3773
2989
1151
263
3253
3527
3947
3567
3343
3601
4079
485
2049
2437
3561
2407
1715
2639
2519
2405
2895
3213
1903
251
147
749
339
1955
1037
3303
1901
1809
65
1781
2637
225
1635
3843
2829
1161
1383
1681
3649
2475
1749
3995
153
395
2119
2715
1563
2345
3089
1585
773
2045
1877
2065
3575
897
513
2175
567
1925
1403
1291
1831
911
195
4009
1551
2213
4017
2257
1409
3085
2993
2223
1255
3985
825
2613
1553
1881
75
771
3927
1069
1783
3855
2429
431
1181
279
3551
3063
3633
2097
2301
2439
1345
2721
3523
2467
1515
895
2551
3779
1477
2865
685
555
787
1883
1957
1495
1183
3991
3337
1755
983
2453
3229
2643
671
3009
2523
3107
3521
3989
3727
2187
2729
1601
499
2349
1791
1003
2217
2749
3235
1245
2135
3401
271
1231
1435
1687
1949
3839
3159
3163
2803
3923
497
2757
2303
1419
3465
1849
1921
1257
1015
405
641
2837
2973
2629
369
387
1293
151
2025
2245
2565
1913
519
1811
59
3291
1619
301
3379
3309
2657
1565
3631
3941
2879
293
2553
883
3415
2683
249
39
3857
3501
1159
2219
1623
1399
127
2977
1261
3247
585
457
435
1215
2853
3605
53
3845
241
2133
2787
475
231
3943
311
3525
375
397
1935
2575
1075
9
2317
383
3249
1873
733
401
3713
1701
1221
3215
165
3981
3135
113
3251
879
569
3189
163
2917
211
3741
4057
2713
1695
2871
1105
1685
1597
3111
2445
31
2911
1449
3099
3599
1799
4081
2177
1851
4029
523
2563
329
2477
2649
1135
149
2665
653
629
2557
3169
1977
925
89
3383
3449
2585
1437
1665
601
3403
2825
2435
2115
1775
631
1355
1735
3407
887
439
3819
459
3441
2481
1415
1053
2001
1885
379
677
1549
3207
49
1309
3103
2779
697
665
2165
1745
2627
73
1503
2789
977
3837
33
3603
827
2101
403
2943
2021
1317
3129
2337
3969
2015
1911
575
3283
1785
2641
27
1705
2157
3993
4055
1889
647
2885
3871
3607
2987
651
2691
3835
1573
963
2949
441
95
1223
2005
3945
3657
719
291
1719
1285
2645
1431
2167
1081
3701
1335
343
335
2587
1227
2307
3801
4095
2705
917
1677
667
3475
145
2659
3057
725
325
3417
2013
2279
121
2007
3625
533
793
2379
3311
2377
3987
3833
1509
3327
2465
47
1191
2139
1173
1027
1339
2171
621
3753
2851
1057
1077
1241
729
539
1207
2023
829
3183
3791
119
3679
491
2893
3493
1923
3747
701
427
1013
2527
3535
563
2631
2259
3149
2293
2661
2529
281
4093
2275
3037
3853
675
3681
2655
1535
2941
1603
873
433
2273
3285
2197
227
515
315
337
1529
2921
2027
1641
2547
2839
1859
3269
3497
737
1163
1091
735
2061
1675
57
1813
2737
1985
3553
3153
2739
3571
1385
3621
1965
1487
3223
1017
1297
1899
1277
3507
3227
2679
3279
633
993
3781
453
2791
2233
1239
3635
1997
1479
1325
3429
923
2913
3737
63
3931
2599
2327
691
2689
1733
3487
3371
1867
3477
1893
2053
3007
755
1713
1537
795
303
2329
789
2765
1863
659
3257
3453
3187
3271
3583
2955
2537
2897
2761
3749
3645
2291
509
323
377
2957
3297
2819
899
1457
3951
3127
191
4037
1517
3197
1577
1723
1359
3431
3083
3731
1459
125
1527
1025
705
341
3593
1107
2243
2673
803
501
2333
3021
2813
1103
3979
1131
525
107
731
3323
3879
3967
1523
3517
813
3765
2399
679
393
2419
399
2057
77
2755
19
3677
1473
2299
243
1697
3831
3031
2415
2671
2225
2235
2543
465
3627
535
2359
4035
1571
1321
1625
3693
4063
3531
2873
1531
669
1847
1633
3667
2555
3529
2075
3109
2403
3001
1379
3425
3155
2323
347
1655
253
489
741
727
2191
2693
3167
4041
3637
1905
2277
185
845
3581
839
617
1401
603
947
283
2887
2051
2267
3433
745
2483
273
2595
1029
367
605
3725
3761
2155
3803
2455
2681
1141
2397
419
2815
2719
41
3091
3115
2905
1779
3177
707
2603
331
2635
2441
1607
245
1803
645
861
3847
2997
2847
2491
3557
2525
1761
3789
3319
3823
3369
3423
1273
503
2073
131
995
3739
1951
2271
2111
1707
2149
1269
2387
1777
3883
451
187
3013
931
625
2251
1031
1133
1137
2535
29
3563
61
1879
3859
1559
265
2609
939
3467
4073
785
1237
2663
1155
2039
1033
657
2433
3231
2143
1333
1837
3663
3121
3073
255
959
2375
527
859
3495
319
869
687
1833
473
3357
221
2127
639
3623
2151
2247
2985
223
3069
1983
1115
3005
1021
411
541
2137
2607
3025
3769
3
3717
1087
2605
4031
777
2619
3771
2945
1113
543
3775
3273
2633
2621
2195
2417
487
1615
3909
607
2615
135
3699
55
349
3261
3957
3949
3755
3419
3275
2341
3179
3033
1663
2371
3539
1323
2067
2807
1963
205
203
1475
217
1829
1253
571
1263
1301
261
1657
3047
309
1945
933
2725
3191
1765
2717
2569
2173
1433
495
1861
3937
2373
935
3869
3071
2129
3445
1121
4027
2409
1499
2777
2971
2141
1201
2205
2283
2089
3045
2355
1375
1445
3471
2125
2385
305
159
3799
1927
2745
1547
1365
3891
2041
1605
2487
3029
2489
1193
2183
2841
2285
493
4053
3281
4075
2623
4085
3315
3619
1139
1961
2091
2239
2497
3267
2975
3975
2265
1887
2393
3707
7
3397
3483
3541
1041
1461
3587
3489
559
2501
4005
1853
2361
2093
3953
1035
1011
2463
3263
93
3873
2011
4013
219
1805
2493
2513
2867
1153
3307
3813
589
481
799
3203
171
259
3689
2531
247
1947
3101
579
3901
3629
2795
2289
2321
2901
1711
1175
1839
1825
1149
2347
3685
1217
1709
3347
3999
3793
421
1679
3719
2933
1045
1467
3797
429
69
3861
1023
2505
2783
3095
613
2821
689
45
2427
3959
1357
531
3137
2883
1283
2581
2597
2297
2773
1165
833
2249
851
2965
971
2899
1967
2459
865
3939
2731
2295
3565
3043
3165
615
1143
3777
1009
1651
1209
1267
591
2797
3171
3299
1525
2457
1815
907
2979
3735
1627
3867
3443
1987
2473
3199
2383
1667
17
1287
443
1147
3595
783
1579
1101
2517
2485
3647
3955
3579
1119
1797
1575
673
3221
1423
2827
1331
1129
79
1931
1501
623
643
1071
51
2227
389
3543
2153
757
1117
3243
2181
1
3897
3439
307
2029
3473
1583
2733
173
3301
1251
2311
2935
2811
81
3655
3825
3399
3209
1691
1387
2931
3827
4049
2533
929
137
313
1737
2809
797
3787
867
229
3411
109
1439
2771
893
3611
2365
2539
1061
3173
1795
1157
175
189
2701
3349
1205
3077
1937
409
3059
3711
1617
1111
2035
2831
921
3455
3259
3427
2281
2697
1827
297
3461
2781
1561
695
1065
361
2741
1059
463
1959
1171
3829
2833
1099
103
2959
2775
821
3151
1197
3917
2221
1381
3125
1757
3609
3079
1047
4001
3329
3321
3763
1127
3437
213
1455
1275
3355
3673
937
4059
2325
3067
2287
3305
3733
2117
1483
1329
1567
1941
3641
709
2863
2563
2393
2527
1725
1723
2613
649
3083
301
265
549
1037
1795
871
21
3551
141
1881
3467
1923
2763
1809
1935
1493
1985
1591
1027
565
2467
3233
1579
3281
3251
3961
1093
2213
689
2585
957
1017
1359
4089
3345
1055
3745
1663
2937
2153
2301
2159
1405
433
129
1503
2581
2453
2413
725
2059
1133
655
207
3423
3597
2839
773
1221
3007
3221
1043
2241
1943
201
1279
791
2895
2509
3165
51
4079
3123
3635
3219
3411
2387
1051
1687
513
3295
217
1385
1197
1033
3979
1155
3463
1645
1337
1913
2543
3415
2069
3271
2941
1587
177
721
2867
2267
1843
139
315
3349
955
3017
2167
3871
557
2863
1551
1647
605
1709
1967
2899
2331
31
1335
2047
473
1997
711
491
2207
461
4093
1605
1371
399
3249
3485
2449
1191
3719
1011
2169
2303
623
53
679
2523
2175
2015
2285
2571
1229
2369
2643
3451
2827
189
2735
2321
3651
3937
1381
2029
1463
3389
3493
2323
1703
1479
2983
1477
2647
2191
2319
1815
555
1115
2595
1711
3755
2013
2535
1535
11
869
143
2335
1231
45
3985
3967
2803
1857
1915
395
1841
371
819
2853
3403
1833
1527
3841
47
3261
3577
2837
2409
893
2847
1925
2233
1665
3917
2773
2481
2271
3707
1819
917
3509
1931
2809
3855
1501
2455
2663
2767
2675
477
2617
4055
1781
3563
3137
1079
389
1013
2313
685
1737
2719
409
3041
1443
3623
983
2451
2357
2295
4065
95
2173
1319
3257
3013
801
2305
3117
1195
1421
2149
1401
3615
1227
2575
327
561
1783
2003
255
3861
1771
4031
1411
1871
29
3659
1049
415
437
67
731
3697
1489
3397
1283
1499
887
2655
1613
895
2007
1789
147
2291
1589
1717
551
3647
3729
3923
3151
1669
119
3361
4047
483
231
163
3935
3427
2279
1805
3031
1907
2637
2039
2101
3125
787
2605
985
3695
2715
3093
2209
2143
4071
85
2049
2685
423
669
197
3291
2619
1919
3799
3477
949
963
1631
3365
3143
1901
3713
2103
2371
2515
2329
2573
931
4081
3457
3897
3581
939
3873
661
4091
1939
225
653
3655
3155
2283
3773
3323
1979
971
2989
1721
2177
641
2969
3725
2215
4029
2671
537
875
63
75
2949
2443
3195
387
2261
3197
3883
1353
121
3309
591
639
3097
1977
2929
3555
3717
1119
3777
1649
2589
3095
2601
331
3481
1585
2445
2019
35
1305
3283
3227
781
2609
2203
2235
1081
3181
3355
3449
1285
3605
447
3047
2995
1161
697
1539
929
1689
2633
3891
3665
1715
3371
511
2021
1697
1807
2705
2559
3377
2275
2795
183
833
849
1599
989
3277
2667
1159
3525
1431
597
1203
3469
2333
851
1461
1505
677
1707
173
3495
3417
1875
1853
2343
2135
3347
583
2657
2171
1847
2131
465
2849
1959
2097
1453
4033
13
2907
1567
3413
2115
309
499
1313
1849
2281
2091
699
3989
693
2339
3205
91
625
3091
3275
3669
3609
1917
2035
505
37
337
1147
3921
49
3489
3141
1311
1317
577
3147
379
2533
2145
2565
2599
2137
1187
2789
3747
1749
2433
2611
1413
1607
4007
2239
827
4087
391
501
3269
727
1537
131
2841
2141
235
2641
2157
2717
4017
3653
3663
489
3845
683
3325
2897
701
3603
1949
1747
3753
1837
211
2055
2477
3135
2089
1867
2709
1557
2117
1729
687
837
311
1543
1219
2877
2311
1019
3339
1713
3053
3829
559
353
3683
2811
2337
1131
2871
2259
25
1145
1603
1823
905
809
2999
2347
1643
1981
1077
3131
1217
3943
2629
1735
3101
3237
443
2775
1509
3409
2851
3185
1455
2801
2951
3723
589
2561
1983
3931
673
19
3927
3765
2353
3071
277
2779
3111
3421
3245
4083
3925
919
1667
1541
2693
3763
3827
1525
1661
3687
2079
3067
2071
2757
751
2815
4045
2911
3969
135
2541
3739
2521
2883
567
3543
1289
3399
545
3903
2249
3037
2355
151
995
1177
205
1237
3241
3443
289
3749
2723
1137
663
3099
343
1611
263
55
3439
243
953
3511
575
1057
1767
1827
2749
2965
2755
2531
789
2367
1053
1267
2713
3431
1247
65
2603
1287
2219
859
2425
2909
1869
3115
1373
615
1393
2875
149
3815
2953
2927
1025
3085
643
2195
897
359
3127
975
915
1473
3359
947
4039
345
2491
247
3531
1035
1241
1383
3809
981
2227
3643
1621
1575
3843
2485
347
1293
271
3285
1271
2033
3121
363
2391
2237
1991
1223
2381
1347
3033
3213
1301
1549
3005
3223
1745
579
105
1069
4041
3293
2739
283
3191
3461
3351
3671
2935
3105
581
3523
341
3645
1957
2593
945
1929
3279
2289
529
2955
593
2817
299
601
3817
83
521
2067
1387
2707
1685
607
3217
613
481
3329
4027
3879
1015
1671
3599
2161
3791
4075
2125
41
705
2597
73
3343
33
2501
193
547
1675
3833
2027
2925
209
2799
2099
3977
3741
1367
2653
1299
2959
1361
3621
1209
1009
3579
3889
2411
3667
535
2737
199
3021
3807
1211
3453
3837
1523
2187
3907
3313
1921
3869
1963
2265
3983
3471
2365
3589
281
2397
3311
109
3051
2475
3895
373
3235
877
3547
325
1545
1379
977
2555
1657
2243
937
3465
2361
803
3335
2963
3263
1835
1149
3795
1465
861
3919
169
2441
1449
829
3521
2325
1467
3793
3867
123
365
753
1403
973
865
3353
553
657
1883
997
2229
1193
867
2943
2471
1389
3069
3541
979
2435
3559
321
1127
665
969
1757
2649
1459
3153
3913
15
133
3743
273
1637
3
899
2077
17
629
2345
1911
2447
2873
807
3757
4019
295
3063
927
227
941
303
835
3949
1487
523
3865
3607
1899
4073
2315
463
2031
2205
2939
1625
215
2065
1937
3781
3567
2659
1743
3193
2857
563
233
2507
921
3779
771
2699
3657
2703
1727
797
1519
1435
2745
3593
2123
3497
1801
3363
571
3965
3089
709
3319
3767
323
2257
1861
1143
3059
2461
2225
1245
707
3507
261
2921
3957
467
4001
2383
2277
2701
2439
3145
2665
1793
3501
3617
3039
349
269
3823
4051
1731
2405
925
3545
2993
2885
3709
219
267
1559
3675
3875
541
2821
7
1691
1571
2981
3751
2721
2623
1427
1877
2431
497
2113
2525
71
691
3761
2577
2819
2691
1165
1269
3601
785
621
2025
2591
1583
739
4023
3575
2855
3167
3211
783
3357
2121
2913
1555
159
4025
249
1873
2299
3909
445
2061
3703
3437
1121
453
1777
2787
2327
1139
1769
715
1071
2085
2587
1425
855
2185
805
1003
411
909
1515
2607
3737
1595
1023
4037
2139
4043
1677
2567
1903
3685
3759
1059
779
519
1439
1569
1173
59
1099
251
911
1277
3569
3689
3055
2843
2217
1333
2401
3881
3627
103
3189
1157
2677
3113
769
2109
3565
951
531
813
1141
2621
1351
3699
3789
4005
2697
1719
237
2549
99
313
1201
1653
811
1419
3859
3899
2495
2075
2459
1291
429
3639
2379
3915
2517
3057
2977
2651
759
1581
4059
2551
645
1163
3951
3885
3953
2309
1327
2725
3011
1597
3287
1741
431
1593
3019
287
2095
1855
4061
2919
2681
2753
1765
369
259
1437
959
3849
2427
1699
2005
525
3825
3009
3173
1391
1761
3299
1107
3407
2193
2513
495
1235
2893
3073
1533
2155
1213
1763
1085
3735
2043
117
3813
675
3911
747
1233
1863
3239
1303
2537
1251
3857
1891
1417
2423
3535
3327
1273
1615
367
181
2493
1821
533
2947
451
1329
1993
319
2627
89
2765
3107
3405
3515
1129
3711
793
1617
1897
2771
2251
2127
1189
2539
1953
2529
2407
3995
3505
3955
3529
3673
2903
2727
3939
3401
1065
3853
3901
603
1817
3201
229
839
479
1365
361
2245
1905
4057
5
1775
2373
1791
2307
1073
3611
991
459
2673
2889
3715
1513
569
883
1091
3947
397
2881
823
627
3229
3169
2273
2011
61
527
1893
3133
1239
965
305
2389
3149
3975
3641
27
2199
1485
2639
157
1215
1865
1175
599
2417
3255
2351
3821
2497
4035
1021
2105
2557
3315
3419
873
2901
1423
3331
3805
2023
257
3307
749
1167
3061
3479
3705
2835
165
2457
3265
2037
1679
2511
2979
1409
1249
79
3367
1111
2931
1965
3905
889
1797
2465
417
2469
1225
1563
351
3317
2197
2971
3933
1851
2253
1429
2163
3595
3049
1483
1029
2129
1007
587
719
2499
435
1103
2415
187
3231
2487
3247
847
1321
3503
107
2761
1205
2689
1839
3787
907
633
191
729
1445
3171
3395
2395
285
2503
1955
1171
4013
3863
3373
3797
2945
469
1097
3513
3971
1491
735
3633
57
125
3613
245
3701
1623
1845
3337
3079
1829
3731
293
1087
3661
3941
4067
2545
1885
723
3997
2687
2349
279
881
427
2645
3369
93
1695
903
1751
2797
2793
2813
737
3297
3433
863
1309
3631
3455
2741
179
3625
3539
115
291
2859
3475
3383
3289
97
2063
1369
3341
1759
3993
413
3459
2833
3425
713
2053
1895
2915
2933
2483
2569
4053
3025
2519
2631
1257
2831
449
1799
3587
1947
2777
1705
821
1773
3075
9
1095
1739
617
2823
2781
2625
3177
4095
3253
3259
3819
485
891
619
2385
799
2151
1045
1169
1451
3803
1281
3835
2479
329
69
2731
419
703
2579
1975
757
3447
1785
1989
2093
595
3679
3209
539
145
3043
853
2973
2263
1075
2805
741
2869
2045
935
3267
2473
153
817
457
375
1395
3973
3273
2961
2695
39
2711
2751
377
755
1529
3721
1659
421
2287
3769
1063
3473
775
241
127
23
3801
4085
3303
3945
3637
761
3023
2733
3839
1779
3677
879
3537
3831
1673
1995
111
3441
1307
3077
3385
1109
333
765
1811
381
1005
3785
2679
1701
81
2359
2437
1123
2223
2615
425
2861
1693
3887
3959
1927
2917
3379
1031
1067
203
3691
1909
3381
1601
357
1315
1323
3243
1945
307
843
3619
1183
667
1495
573
1363
3321
1635
155
3045
2553
493
1641
1041
3591
2231
3847
1263
175
2419
2975
1683
1101
923
1951
1531
2087
967
1433
3163
1633
2147
2985
1339
3159
487
2181
3157
475
2363
999
901
3517
2211
2879
1573
2183
2683
3139
517
3065
2769
857
1787
4063
3305
1681
1969
3483
2505
2997
1507
503
3199
355
407
3583
2293
1089
1181
611
2791
1349
1999
509
1639
2179
3549
3027
2421
3981
1511
2887
43
2807
3175
1655
3491
1151
1259
763
2635
1469
631
1341
2829
2341
2747
1987
1825
993
777
1001
1199
3533
385
2399
2583
1
1887
1889
2189
3561
609
2991
1497
1357
171
3081
2403
1971
275
1039
1609
317
1629
1399
87
2489
1651
221
2107
1753
3215
2845
167
3445
3929
455
2017
3783
1859
3573
3557
1619
401
3727
4009
515
113
2081
2009
2317
743
1517
3811
239
1803
987
1755
1553
101
2221
943
2083
2987
841
1961
2073
3333
2057
3391
335
2269
1125
3109
3519
77
3681
3999
1941
3527
825
2247
2051
2297
1135
2119
1345
3629
2041
3429
4077
441
3991
3129
3693
647
439
651
2783
4015
3393
1447
3103
2905
2785
3003
3087
3001
297
1457
659
2165
339
3585
815
3015
681
2133
1813
1207
1047
3387
3553
717
1733
2463
3877
507
2743
3375
1577
1377
3771
2429
1441
2377
1627
2825
195
2111
3733
2957
1343
933
2375
3775
2967
885
1565
1185
1481
2891
1265
2001
671
3029
2669
4021
635
3499
393
3851
3893
1547
1933
2661
913
1415
405
383
1375
2865
403
2729
4003
213
4011
253
1295
1973
1325
1561
1331
1297
543
1521
1471
1879
471
1153
3487
185
137
3435
4049
3963
3987
795
1255
3225
1179
1407
745
733
3649
1113
1105
3179
1243
695
637
3119
1061
585
1475
2255
223
1261
2759
3035
3183
3161
161
1117
767
1355
3301
3207
1397
4069
3571
831
2201
3187
1253
1083
961
845
2923
1275
1831
2547
3203
1375
3529
1343
3035
1907
675
3431
1689
3587
1199
2733
2393
1585
3119
2523
331
705
425
3155
2023
937
967
1103
3637
877
2723
2503
1227
3553
17
3343
3871
429
1155
3583
73
885
2991
319
165
1989
3515
3891
2517
217
3915
2945
3949
2775
4039
1601
211
2007
3027
3041
2303
3853
2319
545
453
3255
2663
2561
2433
1605
3745
2425
873
3267
2771
3845
2493
2917
2687
191
3443
629
477
653
257
3449
999
3525
2457
2695
2929
3849
3191
2121
3623
1115
2219
613
1251
1035
1983
493
585
365
1323
259
3115
2923
1965
2527
2501
4001
1963
3627
2541
3863
2605
3821
2355
3089
3251
3667
4043
1235
633
243
3681
2895
491
1101
3961
827
1597
3631
3633
959
461
2927
255
2105
1347
795
351
2573
2837
759
1917
1093
1373
1875
3489
1363
1177
329
3791
4049
1335
1783
2469
1927
2131
173
1973
2907
3281
2615
2835
2113
2955
1325
2223
2925
1941
1633
2583
3937
1533
139
4083
893
89
2299
1505
3253
1399
1641
1721
1333
3519
3919
3855
1695
3879
1429
1145
2819
1003
1205
3107
1447
571
3639
343
2377
2373
2855
673
1079
1219
1433
2815
431
3889
19
2537
3875
1173
683
3127
1685
105
4019
3429
2547
2781
505
2989
2709
1837
1421
3113
1569
3697
2037
401
167
3261
1671
1221
407
1817
2017
1279
33
1499
2741
3235
227
1415
3307
2401
2167
3615
1401
3105
3317
2549
2905
3571
1579
2901
161
3011
1133
41
1587
195
1801
345
891
117
3073
1293
761
815
2485
1879
2211
1195
1755
2149
2015
3569
1615
3907
2243
1997
301
1573
3467
3151
3459
3025
1757
1121
2983
3401
3049
303
1157
1065
3941
3663
2739
1367
811
1659
3029
2283
3959
1503
3097
3799
71
1555
3955
1149
1657
983
2997
2123
1589
3581
1033
313
2111
2621
681
3645
1893
1559
1707
2565
3321
859
1673
3647
1467
2067
309
3357
1037
2005
1599
3279
2397
3727
4057
3361
2711
1681
3759
229
1745
3013
2495
2651
1043
3579
3091
1247
3555
2247
2987
3975
2185
467
3497
829
131
4091
1441
3095
2033
1957
3439
1623
45
1055
2383
1417
2513
3619
1389
3475
333
2877
1301
2539
2089
899
3729
855
3433
3979
3015
863
2759
111
2685
3283
189
1393
1261
359
935
201
987
3575
3373
3517
1337
2189
3071
951
3837
1713
1763
83
2115
2163
363
3339
1991
1269
473
4025
3577
2889
805
2483
2195
1999
1561
3657
4085
1127
3831
1607
1563
2389
4073
699
1073
4033
519
3275
3291
1767
3063
2445
2277
3415
2869
1595
241
1395
3537
315
665
2797
2203
3909
3483
1229
803
413
693
323
3311
2209
1839
689
3455
1885
2603
679
1823
235
3731
3703
3143
405
1047
3819
3507
3023
3797
1483
923
3093
3469
1915
3173
1621
1185
3069
3965
2009
695
1945
3233
3539
1651
447
3741
3565
2967
1009
2551
3773
3591
297
311
2903
1517
2241
3031
2595
593
4037
3147
1215
3815
1551
3613
2617
193
57
801
1619
1457
3805
163
2127
523
3301
265
1289
2607
3545
2053
1535
1285
2767
1789
77
2713
2095
649
2429
3641
3379
3603
2569
169
2845
225
2597
1271
3823
501
1067
1541
2157
2405
2055
2151
1769
1253
49
663
2077
3385
3505
3869
3271
3195
2337
1179
3895
1025
3509
3957
2071
2039
2749
2191
2567
587
261
1795
2043
755
2031
2559
957
3939
3659
2363
531
3141
1545
1637
2391
751
1265
1061
1459
2269
3807
2109
3625
3951
1171
367
2455
1425
609
821
199
2971
3593
797
1849
1445
471
925
2309
3353
3699
2813
553
971
767
3197
3133
1951
3411
2229
1925
867
2785
2051
67
1861
1811
1243
879
1397
3135
1475
3121
1303
2173
973
1881
2181
2579
15
3257
209
2141
3827
1591
399
179
3349
3387
1455
2271
2887
711
869
2631
1867
2431
3005
4063
3057
251
3629
779
1357
2351
3841
3611
1305
2427
2649
1237
2069
1385
1749
2729
233
2099
1821
1225
335
1211
2307
927
1629
1119
1313
125
603
137
1183
307
3495
2025
3933
3315
3161
1477
1645
3129
4065
3237
1841
3479
155
3721
2947
2125
2003
2217
1379
791
1981
3465
385
1473
2867
1697
2793
3695
1259
3417
2521
2225
4015
3671
533
641
1829
1111
2265
1725
4089
2221
643
99
177
2937
2411
2915
3039
1531
739
3913
3757
547
3247
2275
3597
1873
3963
1787
3347
2555
819
107
845
2751
2665
2465
371
1857
3395
1959
583
2639
2921
3
727
2557
2699
1701
1815
637
1593
701
339
713
3747
1527
2727
1465
1449
3403
2381
1411
4095
423
3363
2777
2041
3811
2843
275
141
1655
1609
1409
2697
2375
3967
1453
103
2317
1403
2239
1759
3669
1267
47
2957
725
3441
595
3457
2591
2435
2645
3795
1639
1919
1661
369
2137
3365
3017
1741
325
903
11
2757
1487
2453
1913
3391
4051
1911
1709
1193
889
2823
4045
2961
2959
3981
2027
1351
1051
2161
875
3877
1543
3893
2343
109
1011
2657
1669
65
2783
263
2011
157
1277
3437
1515
3407
397
4053
1479
4003
2159
465
123
403
2769
1081
3137
3293
2673
3817
305
3187
2371
565
2897
1635
1319
87
239
617
1613
933
4071
2941
3491
267
2691
1703
975
1933
119
237
3711
3171
2563
1491
3397
2969
133
3139
4067
3481
2641
601
3259
381
3543
2821
2655
3997
1143
857
3345
3485
563
1665
3899
2965
557
3635
2647
3781
379
1781
871
3383
3477
721
159
4027
915
539
377
3947
2613
2139
415
3289
513
1151
1495
3923
573
835
823
1075
3983
1735
2147
2345
1693
1365
219
3103
1015
2065
1567
2331
2001
1147
813
861
1819
2365
3605
3323
703
1779
3399
3207
2349
1905
1887
655
69
2315
2049
1331
245
883
1845
1923
483
1971
3359
2423
3425
3223
1023
3803
1117
3573
1203
3325
3523
1773
2589
3205
3785
1949
1109
3993
2861
249
2329
1245
1733
965
2439
1241
581
1727
439
1213
2311
2525
1187
1129
2333
23
817
2943
3601
3563
411
3501
4079
3777
765
1539
2449
4047
421
4041
3987
61
2417
3421
2913
659
143
2985
2779
2361
645
1985
437
2847
1095
2169
63
3405
3733
2357
3725
3453
2253
147
1679
2799
843
1189
2623
2721
697
1443
1549
1027
2341
3145
2719
2899
3059
3643
2543
2257
3037
1099
3867
2353
3653
289
2237
1979
3723
1291
3087
2865
2659
3677
2083
597
1141
3047
3833
799
2177
865
733
2419
2409
2735
3971
941
3297
2079
1257
3769
3765
1929
2951
3929
3165
1865
1737
743
537
341
949
1107
1937
1387
1809
2183
2705
361
3561
551
2693
2619
279
1013
2753
2327
1667
1805
55
27
2611
2973
2585
1163
2703
3169
3673
2999
939
1161
913
3559
715
1057
2385
2849
1383
2857
3337
881
3621
3193
321
4009
1355
1105
221
3131
181
985
2447
3943
991
1581
735
2571
3665
1869
75
2367
993
2399
2863
2939
3533
2323
1083
3355
1481
3117
4059
1471
1419
3649
2885
753
3167
3221
3873
2143
1359
577
223
1953
3239
741
3945
529
2117
3277
1059
2545
1611
3753
503
559
3531
2481
2321
3471
3607
2171
1435
3521
2627
1877
2205
3219
79
1049
1405
31
2021
435
3159
205
2135
4007
2075
1113
317
3051
2313
1901
719
2575
3789
1961
589
2477
709
481
2281
771
3865
1903
2827
115
2287
1123
2963
1341
579
2661
1489
29
3351
1663
847
3163
3329
1731
2811
2413
1977
4093
3175
2403
2347
2633
763
2763
3303
561
3755
783
3019
2091
3185
153
2467
981
475
287
3295
1053
175
2795
1761
2675
911
327
2487
1041
945
2129
773
3991
3227
3835
1231
3033
841
13
1451
521
2231
1485
3685
749
2359
3847
2701
2093
1207
2979
3435
2059
2737
3123
2369
3783
7
3547
1299
2459
1209
469
2273
2679
1045
2625
669
3651
3333
4081
1511
2653
2133
2227
81
1691
1675
785
3927
2335
2179
3513
853
1507
349
3857
215
3589
2261
2193
3549
3925
2263
1017
2851
2289
3285
2509
2489
1249
3617
897
3977
3859
717
995
4013
1287
525
451
427
2407
3079
895
3503
901
2809
3305
1547
507
2097
3779
2933
2755
691
281
463
1765
3201
2871
3335
3319
4061
1223
2461
3189
3229
2291
1191
1263
2829
1295
1169
1565
1617
2187
2213
1437
3787
3985
639
1019
2233
2609
1711
3911
3419
1407
2013
2515
775
3075
621
1807
509
969
1843
2875
1327
1627
3473
2443
979
2993
4017
3661
1087
2531
3775
3901
2833
517
2715
1751
1493
4087
1413
207
443
2285
43
947
2451
3203
1851
3679
2637
3535
3599
3199
3689
2995
357
1791
1571
961
9
1921
3683
387
3389
707
623
97
1233
2635
3299
1955
1631
3413
3655
2507
555
615
3761
921
2073
837
569
1063
1899
2681
1935
2035
487
671
567
1777
3273
273
2479
455
95
247
1647
769
2581
1159
549
931
2879
21
1349
441
839
3067
2175
135
3701
1381
1369
3375
171
409
1723
1649
2909
2667
1909
3595
3511
51
677
1091
499
1967
145
1317
2061
1895
619
599
977
3493
2437
3371
2881
37
1625
1345
943
919
4011
1931
2087
3897
3763
3427
2677
3445
2761
1131
2707
2859
3225
2747
1889
4077
3269
2379
3447
497
3883
809
2475
1577
3771
3749
3461
3735
3381
3921
3211
3327
1859
3905
3801
1699
2511
3885
4075
1863
3687
757
2325
419
4029
1987
2765
2019
1677
3243
2743
4031
2415
383
2669
2593
685
3183
2825
2643
3249
129
1643
907
2919
3423
909
1201
2293
1653
271
1557
291
1853
2725
3309
39
851
1181
121
1705
395
3843
2803
3973
3157
1307
2305
541
495
2853
997
2807
1521
1069
1461
3609
1835
1175
2841
3177
3917
2773
1255
2975
457
2601
3567
1719
607
3101
355
3111
849
605
2199
3053
127
203
2153
1797
1137
1891
1275
2553
2499
3077
1715
5
3001
2931
4021
3003
1553
3829
2047
25
485
391
723
337
197
113
1273
2599
627
2081
657
631
543
4023
1309
929
417
625
3487
2215
3557
2529
2911
3265
1077
2295
185
3209
3451
3083
1167
1993
479
3989
213
3767
3541
1975
293
651
3341
1969
1029
1883
2891
1097
3149
1831
3793
3109
3287
3055
3377
777
2155
277
295
2683
3969
3743
3551
2789
3719
2717
1427
1321
3499
4069
3043
2279
1753
1469
3715
787
831
1165
3021
1995
3809
445
3935
373
2207
459
2101
3737
2791
3851
1687
3813
433
3215
1803
611
3241
789
511
1239
3231
3839
4005
3393
1603
1377
1311
299
515
2587
1039
2251
3331
353
2297
1001
3903
731
1153
285
1519
1793
2949
3709
3717
283
3751
3009
3713
2671
1431
2689
2267
2063
3245
661
1085
1775
2421
1897
2977
1021
3675
1739
781
1813
3263
1353
1509
3061
3585
575
2235
953
3217
1575
747
2893
1743
2255
4035
393
737
1005
151
1939
2533
2165
1197
2935
1717
3125
253
3463
3213
2045
1139
1007
989
347
35
3085
3739
2787
1943
917
1371
149
3181
91
1799
2201
1423
3045
389
729
231
3527
963
3369
1747
2029
2119
905
3367
1855
4055
3081
3881
3065
1771
1297
269
1329
745
2981
2839
2873
2339
1825
375
667
3705
1525
2801
635
527
807
2535
53
1729
1513
3153
1463
2519
2491
1501
1281
3825
2953
535
3409
85
1871
1135
2441
3999
3179
2395
1497
2085
101
1089
3995
2471
887
1
2387
1217
3007
187
2249
2463
93
2629
1283
3313
1523
2497
1031
183
591
2817
1339
1785
1315
687
2259
1833
3861
2301
449
3887
3707
2883
2577
1947
3931
1361
1683
1583
793
2473
955
2831
1827
2145
825
2745
1125
59
2805
3693
833
2057
647
3099
489
2107
2505
1391
1529
2103
1439
1847
2197
3953
2731
3691
2245
1071
1537
2825
3593
2075
1761
2867
2753
3321
871
2769
2631
833
373
2585
3291
3539
3341
1635
2943
2789
1383
1051
1029
987
1151
2675
2237
4017
637
105
87
1835
273
2481
1721
1283
3409
301
1421
1027
483
1531
1775
747
407
2319
2747
1887
3093
2505
113
465
2781
191
3543
3515
2513
3
3373
3985
517
203
4093
2257
1981
1311
1701
2885
3487
3929
543
2647
1179
1865
2441
2935
2099
1393
1087
3387
1271
3937
3089
3069
2333
389
2521
3029
3079
2293
3299
3109
3627
241
4091
2309
1417
2169
253
2345
1309
427
479
617
2471
699
1643
1525
581
1675
2151
2037
3327
647
3715
1961
675
1949
103
909
3707
2053
343
2051
1841
1429
1223
2557
2327
1969
2663
817
3559
3473
23
259
2111
1907
81
4095
3183
679
979
1995
785
3731
2623
433
3025
1803
2791
3357
2207
1401
1295
2129
1801
1669
2669
3965
1269
915
1499
1019
3889
1861
3189
3353
3561
211
755
2143
1049
2139
1783
1787
3781
3833
235
3935
2567
35
3943
3343
2951
1611
489
3459
3909
2751
3651
3239
1355
2423
535
2625
2845
3949
2673
3301
3553
2497
921
2733
1439
2967
1757
3945
1317
3407
821
1015
3333
161
295
2511
3345
129
2553
2391
4033
3451
2527
687
39
2897
3277
95
2665
627
869
2507
283
3207
1609
1679
533
3761
3915
3801
1059
2525
2721
4079
2981
1211
2063
2157
589
1105
2973
3887
901
711
3177
1553
1741
2693
4045
3939
3841
1999
1807
1893
2197
903
1833
1135
697
1465
1205
3145
2909
2503
209
761
319
107
2001
2265
1069
2799
3359
2795
2033
133
3275
2797
2563
2349
1939
3571
1001
2417
3477
195
2919
1511
2105
1595
207
181
2657
3169
1855
3877
1623
3793
1817
789
3959
2805
1481
3347
1165
2543
2857
3273
3253
829
2245
1141
2529
1883
3315
4077
473
69
1699
2101
4063
3517
2621
3293
3697
4051
2841
3957
267
3637
1185
3973
59
745
3259
963
1221
3905
957
1615
1619
1985
3753
2713
911
1111
3411
3489
1819
19
2231
1239
955
765
2353
2517
3677
717
317
3087
2573
3621
2639
1955
1339
1633
3813
1025
2643
2449
1143
1469
213
2091
4055
3995
2489
3179
3153
71
3127
2615
3669
2267
2775
661
139
1585
385
1085
3925
1259
3727
3639
2303
521
1467
737
2535
2539
1507
3329
3049
1983
3205
4083
1641
1219
1237
3585
2905
1167
571
3319
1973
3663
2093
4031
623
3701
2083
743
3969
2987
335
2347
2385
513
2355
1753
3705
4037
2465
2551
2323
499
1031
2933
3337
329
1677
2679
2883
2735
2147
455
2953
2701
4059
1929
277
2965
1173
619
719
1475
2343
3271
3033
2383
3083
1625
1909
1081
827
1377
551
899
3449
2199
355
2641
2549
823
3499
3757
3039
811
2941
773
2971
2145
1197
341
2367
1195
2287
769
2409
1587
3659
2983
515
2443
3021
2067
3633
3231
2133
891
685
3743
2215
2357
1797
1561
931
2241
2271
1617
3919
3443
2635
2095
3249
4019
2687
2203
1815
2031
2843
3773
947
583
3635
1071
1329
1745
1397
1169
997
1933
3641
713
1651
3263
1371
2829
2165
1011
1875
2201
935
3551
2671
3825
47
1579
79
1399
2171
1687
3375
1715
1435
881
2683
3241
1857
1333
2381
1655
1353
539
3555
2463
1427
1755
2689
2007
1411
2483
1365
839
3031
3599
37
2821
387
3171
3591
1869
159
2457
1791
1063
425
3569
3307
3257
3993
3913
2119
265
2997
4047
2939
3213
13
1369
2233
1793
1763
1137
2415
1811
1533
3759
219
2929
633
2209
651
2881
721
2217
1293
2057
2379
527
449
3537
215
1095
523
3137
2813
363
1289
165
1131
597
369
771
1217
299
4081
3845
1249
2859
4035
1505
1503
475
1895
847
183
1927
3283
949
951
1305
2893
2073
371
1241
289
127
3691
3245
1045
1175
3261
3381
2375
3507
2579
2499
4001
1433
45
4061
2887
2695
1853
1091
991
2711
865
3267
3531
2149
3665
41
1543
1877
3953
3529
3775
3991
4013
2307
3035
275
1555
3209
933
4067
269
3575
567
1459
3893
607
2431
2523
2181
417
3481
3999
3101
2019
3755
3007
1107
1443
1403
2281
1799
263
1299
2547
3421
453
1931
2627
2189
3311
1099
2413
611
735
3365
2127
3901
3863
1431
2373
2607
981
361
1977
1597
2801
875
459
4041
1207
3541
2317
2771
2115
1659
2485
3317
1867
993
1361
775
1941
907
1245
1889
1201
639
1109
701
3447
2407
1813
29
2811
49
3975
3133
1723
485
7
2619
2211
1513
333
1577
1593
3795
1279
2947
171
1449
945
3829
3979
2759
3363
1713
1965
237
1061
1891
525
2847
3059
503
3175
3981
2739
1919
3871
4025
2155
3165
2313
381
1871
3195
1613
2071
1863
345
2873
733
2249
3023
3119
1953
55
2561
2993
2715
601
5
2011
1009
1911
593
971
1093
3361
243
2761
3355
1705
3881
3491
1325
3497
2785
2737
2559
2807
861
233
749
2611
3027
1749
2283
691
3711
2239
841
321
3917
2963
2163
905
2039
391
2403
1781
3425
2697
1573
1281
1773
1363
1845
2451
4005
885
2399
3227
1489
3605
2865
15
1277
2653
1583
2195
131
629
2081
2705
1367
983
2079
815
3055
3125
3685
3495
1947
3505
3295
145
2589
2351
437
1847
1101
1627
825
855
3643
251
43
531
2709
703
1717
1539
169
2755
3187
1447
3735
1351
805
27
3467
3987
3895
1805
2191
1739
2335
569
1129
3805
33
309
509
919
3557
1645
1823
1349
1975
3003
2803
3097
1963
1487
1313
3041
261
1767
2291
405
501
3287
1925
1341
2389
1695
4073
109
93
3485
307
1287
3807
505
2839
3779
1693
2479
469
3671
2741
3747
1991
591
1357
1831
3233
3081
239
1437
2251
3019
2247
1291
2315
3589
395
2387
2783
1089
2717
2243
2261
3155
3837
2815
2895
3247
3439
1381
1181
377
1591
3675
3911
577
3303
4075
537
961
2731
2889
739
1859
1881
595
2745
2913
3151
677
663
927
399
3159
1567
1373
217
1725
3967
1997
441
2571
3803
1649
1667
65
451
3167
2255
621
3435
4085
3645
3433
2667
1047
3767
2017
877
99
3797
1243
1477
359
2961
573
3709
2337
3405
2089
3129
1575
1053
3371
1177
781
831
1041
1517
2331
2603
3335
313
665
2915
1265
3441
3879
2175
2361
1497
3399
2849
2661
331
683
3103
1133
375
463
2763
2577
1463
1483
2903
2855
1851
1119
3221
1581
2685
2597
1671
1879
2395
1285
2959
2793
1913
2871
2637
83
2469
3661
3383
959
3135
2015
1395
681
3883
2629
1729
121
2569
1453
9
199
2851
249
1565
365
2565
2113
1685
3445
285
279
1233
4089
2369
709
801
1275
3501
1689
3763
613
2421
1789
2869
3453
757
73
1631
3951
2087
2491
3289
3545
3099
1425
3849
1157
1159
2743
3085
1569
173
3613
1231
481
2393
541
2153
2899
3903
791
667
873
575
2509
845
2927
2055
1127
3549
1199
1545
3269
3527
787
3417
487
3117
2297
3067
147
1601
3783
1455
763
3811
3457
149
967
3695
1795
953
859
2779
3875
1917
803
1777
3955
1115
3683
3525
1727
3071
599
1943
843
1043
1665
2609
1423
1161
1155
2077
281
101
1213
939
1479
2583
3687
3835
2425
255
3113
3369
3625
3721
1139
759
2979
3927
1547
1253
3725
751
3057
3921
179
1529
807
3313
3865
3413
3235
3563
1057
3225
989
167
2911
1315
3043
397
401
2837
2645
2061
1905
1765
2029
1323
1657
297
1661
2767
3323
3587
3077
2259
2495
2773
383
3851
125
2339
1827
795
3015
1251
1121
3001
1257
2533
1663
245
1163
1605
1307
2633
2185
89
3219
3521
2103
2985
887
1007
1501
1937
3285
1191
3765
1495
2827
3741
2467
1563
2159
1733
1035
2925
2461
1639
2179
643
3673
1523
1683
303
2459
1935
1005
3513
2205
1843
3565
137
2427
3161
553
197
4003
3401
2707
3229
2677
2161
2193
673
2123
2975
367
3147
1415
3897
1247
2305
813
1225
549
3063
63
185
1825
3075
2601
3181
351
315
1077
1405
3223
2213
3821
1017
2439
2167
1945
3009
1979
497
1209
1039
3091
155
1493
2045
641
4021
1719
3005
445
1989
965
985
2809
3573
507
625
3429
1769
1903
2131
969
1673
3843
635
3819
4029
3351
2221
1445
707
977
3493
779
3869
3787
2273
2325
3771
729
477
585
1171
3647
53
2863
3789
557
3061
3733
3115
2477
511
3699
467
2991
491
2605
3469
819
3211
225
25
923
3623
1915
1779
1703
3095
91
1629
3977
2699
1037
809
3729
1379
4027
3631
559
1189
2109
2047
725
1809
2831
3511
1337
4087
3217
2723
1113
4057
3367
3649
2253
67
649
3503
1549
1385
2957
835
2595
2223
227
3297
3737
3053
2949
3465
1125
547
353
937
3751
3243
2299
3595
3377
347
2295
3791
2877
2599
1691
975
2371
4011
471
1737
4049
2587
221
2719
2041
1751
1987
3065
2575
205
3693
1319
1003
2429
1301
3519
1149
189
1345
2329
3667
3609
457
3427
3305
1023
439
2049
1343
1419
2901
287
3379
715
447
2453
493
31
443
3385
435
2025
3255
3455
2135
3471
1097
2411
1735
3309
1647
2277
3131
1743
879
2591
2137
1785
2321
2955
1083
2279
3237
411
337
3173
587
3745
2727
3107
3431
689
2023
3479
1457
605
2289
1065
1747
2545
495
671
851
1297
645
291
1075
2655
3839
1899
123
1387
1321
3603
783
2493
1829
3011
2875
2419
2227
143
1515
1897
519
3579
2833
2519
545
1537
2365
995
349
1901
2475
111
973
2891
777
2065
2649
3989
2435
3739
419
1021
1491
3139
3799
2787
3581
1451
3393
2995
1697
3123
2285
157
929
913
2445
1055
3577
4043
1471
3017
2263
325
3785
2117
693
1653
2757
1147
3073
1235
837
1637
3719
3201
3121
3419
731
1413
4071
1731
1541
2749
3653
3867
17
3331
1229
2703
3197
77
3111
2541
2725
2187
3617
2359
1347
3997
529
431
4065
3923
3831
3391
3339
1409
893
4023
2275
767
1255
2097
85
3149
2817
1327
2555
231
579
2027
2515
1527
3961
2879
2823
1759
2473
2311
3423
3483
3349
1971
2765
2977
3899
797
1607
2173
4053
3415
2613
3769
3857
3689
3013
3713
3615
1711
1589
3533
135
1509
897
3723
2923
849
799
941
3933
1993
1849
3389
1407
3597
2085
3717
2593
4039
705
175
867
1303
655
11
2659
555
1187
2043
323
3045
305
1681
293
3983
413
2225
3809
2487
3583
1707
57
3657
4007
2853
1599
2229
657
3971
1535
3193
3105
889
2219
1
3619
565
2177
2035
3907
3191
3397
2235
631
1013
2341
423
925
2269
229
3855
603
429
2777
4009
2003
1485
461
2861
3611
659
1521
3215
1441
1145
2125
3749
115
3037
163
3509
3281
1335
119
3567
1771
2437
1183
1203
669
247
1261
3885
3827
3535
187
1273
2301
403
3199
1709
2141
257
2729
2183
741
1033
3777
3251
1263
917
1389
853
3873
193
1123
2069
3325
2537
311
2921
1073
3823
3817
1603
3157
3265
2651
117
3891
357
2013
2819
409
379
3947
1079
1885
1227
1571
1839
2363
857
2681
2005
2405
1873
895
3163
2999
2691
2989
3475
1559
2531
271
2931
1391
2401
1103
3051
3403
2969
1473
2945
3463
695
393
1821
3143
727
61
2617
2455
1193
421
3703
2447
793
653
753
3461
2021
3853
2907
3859
177
2835
3815
863
1375
97
51
1621
1461
3655
3941
1359
3629
2433
3861
21
2937
3681
1067
327
3141
2397
2917
1923
415
883
4069
3601
3547
2501
3395
151
1959
2059
723
563
201
3185
2121
1957
153
1267
999
2581
615
2009
141
561
2377
1837
3607
3931
3963
4015
3523
1951
1551
223
1153
2107
1921
3047
3279
3847
1519
609
1215
1117
75
3679
943
3437
3203
1557
339
1967
1331
2781
1603
3331
69
1195
1215
1969
2547
2729
1619
647
2527
3467
2511
3615
897
2189
169
1581
2161
917
2787
3233
359
1065
1495
1039
3791
363
341
1597
3921
1623
1835
1197
3003
3057
3525
845
3877
2605
1489
2033
485
1067
2659
1995
1499
1255
1931
1717
3359
499
315
2751
279
613
3357
285
3795
3203
2263
2057
1283
3511
141
871
819
1633
265
2849
4005
575
133
1231
1661
2163
2195
3393
465
807
2417
3895
1815
1655
1659
1971
3309
1177
3259
1965
3345
509
1651
2615
3927
2957
81
2753
2975
551
2293
3261
479
2625
1397
17
107
1077
1523
2879
781
2567
2415
405
3177
3681
2853
633
1207
3647
2873
2775
2767
2617
1845
531
3857
1323
1211
2593
11
4007
2267
1679
3649
933
903
669
2303
2105
2545
2297
3597
2543
1051
3093
325
521
853
2051
2967
1103
4041
1681
3507
3077
2049
1393
2129
3499
971
4073
243
1221
1667
2317
1601
2429
3581
1475
2223
3549
3285
507
3061
3049
4003
3731
2077
1729
2179
1591
1453
3141
1145
3315
1893
3373
2009
3301
2409
1263
2185
57
1803
1947
1093
435
1449
411
241
3017
1049
2985
3973
1907
3971
4053
2295
3241
4051
3749
3041
2717
273
3439
1437
65
291
935
3197
3427
3527
2991
2739
3389
635
1501
955
3627
4031
3063
1045
615
2599
3907
3401
3631
125
3583
2645
1909
1785
2203
4029
3211
1691
3705
2727
1663
3023
257
1819
3405
3969
1871
1123
875
901
2529
1973
2755
3227
2773
837
3761
2363
2319
2639
591
2469
573
2905
2289
2971
1337
491
1059
3691
3131
2637
2575
3091
389
1075
1535
1943
3817
2699
2421
813
3117
1855
2797
3113
665
3099
207
127
3481
2631
751
2255
1629
2607
399
3727
3589
1879
3551
3253
2723
2065
1383
3959
2793
2555
3769
3885
1557
3751
2977
155
3991
2887
3363
1303
1701
297
3191
1119
2205
319
825
1329
587
1585
3961
661
1395
641
2893
2823
2927
2949
1299
1669
2479
1555
1741
605
1009
3719
1705
2217
301
2579
2485
1101
2225
2043
1273
383
2393
353
321
1917
1191
1443
2361
1463
3267
19
1035
103
679
1411
3733
1001
3069
393
1537
3823
3783
3303
2093
2291
429
4047
3035
1127
3151
1727
3639
3753
1901
2389
1131
1573
1563
3963
515
3423
3111
1689
379
2915
4085
3377
159
2273
255
3995
2123
2391
3937
3321
3917
3601
2151
1529
1265
1737
951
639
2569
2403
1799
3243
4001
923
1297
2167
2689
245
3193
1935
1859
3725
2935
3187
147
2115
2437
2509
3713
809
2801
237
161
1257
709
1427
1759
3573
35
1181
563
937
689
2691
3387
3383
945
2251
2221
1055
589
3531
1295
715
3273
993
1683
337
3771
3571
2265
2333
2493
3825
481
1405
1203
2459
1919
3471
535
983
527
3811
3919
3263
267
3503
3385
2683
1385
2117
2045
455
2523
1467
3339
1333
1617
3867
2839
2951
215
1121
961
4083
1409
461
1509
1381
1261
1991
677
1069
5
1593
2551
3743
355
873
113
2721
981
2871
1275
381
2917
87
2503
2261
2697
1685
2139
3163
2855
3001
415
2457
1071
721
1473
3807
2025
1605
3229
2067
151
2785
1649
3403
4013
2099
3209
543
3537
2197
1277
2933
2695
3611
191
921
2825
489
3349
1025
4049
4021
1003
2375
1061
3021
3651
391
3011
1279
145
2997
1607
317
3269
1163
2271
2023
2001
371
545
123
1635
2395
683
3485
1545
1021
2301
2931
2627
1043
567
3773
1291
1553
2431
1979
2703
2563
821
1205
643
3925
1179
731
2081
3221
593
345
3247
3365
1015
3559
4059
137
2867
3977
557
413
3391
3237
457
177
2945
3125
2669
2107
3599
2667
505
3833
3149
407
2587
3863
1313
2113
129
2305
3687
747
1111
865
2789
3975
1327
71
977
1401
2121
1243
703
3903
2537
2471
3479
2299
799
3735
2735
29
1781
183
3167
4023
3873
817
771
997
1387
1541
89
2473
1217
943
3677
2807
1899
2349
3617
2507
601
259
2909
3075
1801
3983
1953
2063
711
67
3605
37
1151
1465
3013
3133
1031
2521
1459
2211
2827
2079
495
3417
1695
3553
1525
3199
139
2069
1771
2687
3523
275
3299
1353
2003
841
2923
1391
735
49
3119
2779
3297
3381
2903
1421
2929
2535
3419
1011
3587
2187
3911
2489
2837
2351
1809
3709
2035
2209
2309
2939
3547
3451
2995
1621
2603
3621
2553
1595
3985
1481
3101
1159
859
2583
179
2811
2285
815
3613
1513
2819
2709
305
2495
2969
941
323
1777
1433
541
1763
1249
2269
303
1117
2275
1235
2341
3367
3689
2131
1891
2373
471
877
565
3469
1543
1857
2907
2447
673
957
713
1951
3529
893
351
1445
3659
1739
2763
2665
2749
1169
1229
793
4067
3081
2321
687
1795
885
1311
1189
1351
1209
1725
3765
777
695
3517
1625
269
3711
3737
3051
1665
223
2171
1987
1115
1335
2549
3473
2075
4019
2311
1099
1113
1373
1037
197
3951
2199
2955
1129
2337
1567
3037
2451
2747
95
1239
1719
517
83
559
2679
925
835
1549
483
1287
2233
2463
1851
2805
3831
2501
3789
3245
1251
3575
4071
1961
723
3275
1455
779
571
3065
239
4095
401
2799
3413
27
3083
2135
473
2925
3645
2419
655
1609
119
1939
3161
3679
1843
2595
3103
3409
3441
1199
2387
4025
131
3897
785
2999
3449
2339
3939
1511
219
1769
3579
13
289
251
1587
1677
3121
1293
1767
1831
2061
2143
331
1367
1823
253
2277
1925
1109
2777
2475
1355
833
1849
1885
2343
181
1371
1139
3165
3675
229
2047
2847
2243
459
1577
3729
3333
2073
25
1761
3747
1887
2481
79
583
2259
441
205
1135
2613
477
2881
2109
1575
705
4075
4037
3699
3893
61
2561
1183
717
3045
375
2365
2371
975
1107
4015
3491
1631
1709
193
2021
55
3369
1921
1897
1063
3797
2701
2947
2281
3431
827
3313
43
1253
63
2425
1941
2643
1483
2635
525
1073
2455
2071
3545
2829
1171
755
307
2141
2963
3079
2707
727
2385
1805
3941
765
2965
3953
2083
175
3539
327
1895
3047
2465
463
4069
3459
1923
1913
373
23
2095
3421
453
3087
3053
3379
1153
1425
2609
1983
3515
2757
3585
2359
1379
1413
3205
3565
1141
3847
3933
3105
163
3015
3095
4091
263
929
3447
427
4077
1751
3595
1241
2993
445
2803
1867
2169
3929
2795
3625
1613
3433
2461
3025
3029
377
1533
3799
2585
3287
3739
3437
725
2011
309
3183
3717
2119
2675
2719
1915
729
3889
2345
761
3665
4093
3251
439
2833
3207
73
1765
1827
2601
653
1321
1715
2911
1429
2325
1687
2379
3235
1775
995
231
843
3987
3487
649
1757
2921
3375
2257
697
963
3563
1227
1247
3643
839
2869
2499
2111
3657
1097
409
1493
831
3465
185
1989
3859
369
3663
3845
1339
3293
539
953
3137
249
2989
741
767
2091
1527
451
3775
2443
417
1125
867
4045
691
1637
227
2353
1347
3901
719
803
1929
2619
343
2013
1539
2513
1749
2663
3697
397
1201
1905
3745
519
2279
3931
201
2397
299
1173
3521
2875
3139
1547
1081
1089
1461
2571
1779
1233
769
2817
1875
1881
2399
2191
2769
3509
3231
3805
3865
795
1017
3223
3661
1137
1193
4065
773
2685
503
3341
497
1825
1365
3629
2845
2405
3767
2215
1657
2411
2085
3455
1841
2087
1675
3225
283
1959
3685
2623
15
3067
2711
959
2453
3153
2019
2053
1315
2649
3591
3399
2435
3195
2859
3607
2367
1301
829
209
3173
2889
1185
1399
1149
1753
1515
2039
3561
3219
2487
3701
2897
3635
3397
3461
3295
3843
443
2249
225
1053
3283
3425
1087
157
3115
1589
3809
2245
513
2863
1571
797
863
3171
3535
2241
887
1807
2913
789
2919
1733
2577
1305
3371
3007
1745
1653
2759
881
1639
1331
431
1693
1999
281
3355
167
293
2089
31
3279
2517
1317
3159
2287
3519
967
1497
1933
3715
2103
947
2987
3043
3567
3999
2335
849
199
2885
2899
3181
609
579
1219
3993
3755
1357
2937
3955
623
213
3255
2177
4063
3821
915
599
2973
2125
1319
3443
699
2531
2097
685
2539
2821
939
787
361
1349
2655
607
3913
365
3803
3721
2841
3891
3543
1833
1057
2835
1787
3513
1559
2137
2629
2467
2693
2183
2213
603
39
2027
1503
1451
2647
3429
3305
3759
111
2219
3923
1647
149
425
701
329
335
985
1521
1837
3445
2383
611
387
2633
889
1569
121
287
1673
1441
883
1611
33
1847
3989
3179
659
1927
3435
3841
3031
3055
3493
2231
1735
1517
2877
581
791
3943
1223
2671
1447
2725
3097
1981
3027
3827
979
3005
3085
2557
629
1271
3683
1023
3703
3793
3577
3175
2541
2483
99
1993
3667
1599
1829
189
3619
3145
2433
101
1743
1977
3945
2533
805
3291
1175
2651
2791
3855
1213
631
3707
2761
3593
2159
549
3157
1813
1821
1013
2611
3819
3557
2041
3147
667
2979
3109
2407
271
1167
2865
3059
3201
3967
1487
1485
1469
927
3311
2943
3039
693
2449
3457
3871
115
1783
3839
1147
3849
1975
97
3265
3505
1863
3169
1865
53
1165
2491
233
3835
2005
1713
2783
1793
3395
2239
2229
77
21
2591
1873
4055
857
2743
2031
2207
3801
1027
2851
749
385
1343
2861
2181
3949
847
3475
367
1369
3335
879
1269
2427
421
783
869
2145
905
1889
1645
3673
2357
2621
2715
1157
41
1699
4033
2323
1431
965
45
3779
313
3887
627
2959
3
501
617
657
347
2439
135
1389
1957
2883
3815
973
3669
895
1161
4043
2313
3603
2771
91
3997
3633
3317
1435
3555
759
1791
4057
3361
1697
2307
2713
2891
2653
1143
2201
811
437
2173
745
469
621
2327
2329
1967
1471
3343
3325
2235
3837
3271
1309
1955
1561
739
109
585
1861
187
1361
2981
2007
333
597
651
2901
173
2369
3407
2515
2745
1415
3979
553
3653
1671
3071
403
4087
1033
619
2283
59
999
2559
2961
861
3641
4061
93
1267
2381
1363
1963
2029
2815
675
3289
487
3155
3829
3915
2377
3185
1519
2153
1095
3277
3763
753
625
3319
909
9
2015
1377
919
737
1877
1019
899
1579
2059
1085
3609
3123
1869
511
1285
3781
3883
1439
1565
2657
4011
3497
4009
3909
523
4035
3981
3869
2175
3777
1797
153
2347
2247
3695
2661
855
3337
1643
3853
949
4039
3881
3533
2055
7
3671
1325
2953
3143
3757
3073
2519
493
1703
221
577
3489
3741
1731
763
1417
171
2441
2677
989
449
2147
851
1723
1133
1911
3623
1949
4027
3723
3501
51
2477
3957
3089
2681
1789
311
419
3329
1707
1259
1403
2155
2641
3787
2445
3483
991
2705
2809
85
3411
3281
1155
2733
235
3935
1105
1
537
2037
3019
3947
969
75
2673
3875
1091
3127
3033
2941
3307
547
3655
467
743
1289
2101
529
2423
295
47
4081
3257
595
533
1937
2731
3327
2017
261
1079
1457
2589
2133
1423
2843
3637
1997
3353
1817
2525
1641
757
1755
1747
1187
117
2253
105
1359
2331
3135
143
733
931
3905
3693
1345
2581
1029
671
2983
1225
645
1083
2315
1047
2597
1281
247
1507
775
395
217
1615
3215
555
2573
339
2165
349
891
1551
3541
1985
195
4089
1505
1407
1479
423
3785
357
2237
3129
447
907
2831
203
2497
1491
2149
2505
1721
3213
561
2193
1711
681
911
1883
637
1007
3189
2857
3347
1853
3477
3453
3239
823
663
1583
1005
277
1945
3495
2401
1245
3249
1773
1375
1627
3217
2157
3813
1531
3899
1811
1237
475
1341
3851
707
2227
211
1477
1839
4079
3569
2895
2355
1419
1041
2127
2765
1903
3965
2413
2565
4017
2737
569
1307
2813
987
3415
3861
3463
3323
2741
913
3107
3879
165
3351
433
3009
801
